0.00173	0.00173	0.00173	0.00173	0.00173	0.00173	0.00173	0.00173	0.00173	0.00173	0.00173	0.00173	0.00173	0.00173	0.00173	0.00173	0.00173	0.00173	0.00173	0.00173	0.00173	0.00173	0.00173	0.00173	0.00173	0.00173	0.00173	0.00173	0.00173	0.00173	0.00173	0.00173	0.00173	0.00173	0.00173	0.00173	0.00173	0.00173	0.00173	0.00173	0.00173	0.00173	0.00173	0.00173	0.00173	0.00173	0.00173	0.00173	0.00173	0.00173	0.00173	0.00173	0.00173	0.00173	0.00173	0.00173	0.00173	0.00173	0.00173	
0.00162	0.00162	0.00162	0.00162	0.00162	0.00162	0.00162	0.00162	0.00162	0.00162	0.00162	0.00162	0.00162	0.00162	0.00162	0.00162	0.00162	0.00162	0.00162	0.00162	0.00162	0.00162	0.00162	0.00162	0.00162	0.00162	0.00162	0.00162	0.00162	0.00162	0.00162	0.00162	0.00162	0.00162	0.00162	0.00162	0.00162	0.00162	0.00162	0.00162	0.00162	0.00162	0.00162	0.00162	0.00162	0.00162	0.00162	0.00162	0.00162	0.00162	0.00162	0.00162	0.00162	0.00162	0.00162	0.00162	0.00162	0.00162	0.00162	
0.0015	0.0015	0.0015	0.0015	0.0015	0.0015	0.0015	0.0015	0.0015	0.0015	0.0015	0.0015	0.0015	0.0015	0.0015	0.0015	0.0015	0.0015	0.0015	0.0015	0.0015	0.0015	0.0015	0.0015	0.0015	0.0015	0.0015	0.0015	0.0015	0.0015	0.0015	0.0015	0.0015	0.0015	0.0015	0.0015	0.0015	0.0015	0.0015	0.0015	0.0015	0.0015	0.0015	0.0015	0.0015	0.0015	0.0015	0.0015	0.0015	0.0015	0.0015	0.0015	0.0015	0.0015	0.0015	0.0015	0.0015	0.0015	0.0015	
0.0014	0.0014	0.0014	0.0014	0.0014	0.0014	0.0014	0.0014	0.0014	0.0014	0.0014	0.0014	0.0014	0.0014	0.0014	0.0014	0.0014	0.0014	0.0014	0.0014	0.0014	0.0014	0.0014	0.0014	0.0014	0.0014	0.0014	0.0014	0.0014	0.0014	0.0014	0.0014	0.0014	0.0014	0.0014	0.0014	0.0014	0.0014	0.0014	0.0014	0.0014	0.0014	0.0014	0.0014	0.0014	0.0014	0.0014	0.0014	0.0014	0.0014	0.0014	0.0014	0.0014	0.0014	0.0014	0.0014	0.0014	0.0014	0.0014	
0.0013	0.0013	0.0013	0.0013	0.0013	0.0013	0.0013	0.0013	0.0013	0.0013	0.0013	0.0013	0.0013	0.0013	0.0013	0.0013	0.0013	0.0013	0.0013	0.0013	0.0013	0.0013	0.0013	0.0013	0.0013	0.0013	0.0013	0.0013	0.0013	0.0013	0.0013	0.0013	0.0013	0.0013	0.0013	0.0013	0.0013	0.0013	0.0013	0.0013	0.0013	0.0013	0.0013	0.0013	0.0013	0.0013	0.0013	0.0013	0.0013	0.0013	0.0013	0.0013	0.0013	0.0013	0.0013	0.0013	0.0013	0.0013	0.0013	
0.0012	0.0012	0.0012	0.0012	0.0012	0.0012	0.0012	0.0012	0.0012	0.0012	0.0012	0.0012	0.0012	0.0012	0.0012	0.0012	0.0012	0.0012	0.0012	0.0012	0.0012	0.0012	0.0012	0.0012	0.0012	0.0012	0.0012	0.0012	0.0012	0.0012	0.0012	0.0012	0.0012	0.0012	0.0012	0.0012	0.0012	0.0012	0.0012	0.0012	0.0012	0.0012	0.0012	0.0012	0.0012	0.0012	0.0012	0.0012	0.0012	0.0012	0.0012	0.0012	0.0012	0.0012	0.0012	0.0012	0.0012	0.0012	0.0012	
0.00109	0.00109	0.00109	0.00109	0.00109	0.00109	0.00109	0.00109	0.00109	0.00109	0.00109	0.00109	0.00109	0.00109	0.00109	0.00109	0.00109	0.00109	0.00109	0.00109	0.00109	0.00109	0.00109	0.00109	0.00109	0.00109	0.00109	0.00109	0.00109	0.00109	0.00109	0.00109	0.00109	0.00109	0.00109	0.00109	0.00109	0.00109	0.00109	0.00109	0.00109	0.00109	0.00109	0.00109	0.00109	0.00109	0.00109	0.00109	0.00109	0.00109	0.00109	0.00109	0.00109	0.00109	0.00109	0.00109	0.00109	0.00109	0.00109	
0.001	0.001	0.001	0.001	0.001	0.001	0.001	0.001	0.001	0.001	0.001	0.001	0.001	0.001	0.001	0.001	0.001	0.001	0.001	0.001	0.001	0.001	0.001	0.001	0.001	0.001	0.001	0.001	0.001	0.001	0.001	0.001	0.001	0.001	0.001	0.001	0.001	0.001	0.001	0.001	0.001	0.001	0.001	0.001	0.001	0.001	0.001	0.001	0.001	0.001	0.001	0.001	0.001	0.001	0.001	0.001	0.001	0.001	0.001	
0.00092	0.00092	0.00092	0.00092	0.00092	0.00092	0.00092	0.00092	0.00092	0.00092	0.00092	0.00092	0.00092	0.00092	0.00092	0.00092	0.00092	0.00092	0.00092	0.00092	0.00092	0.00092	0.00092	0.00092	0.00092	0.00092	0.00092	0.00092	0.00092	0.00092	0.00092	0.00092	0.00092	0.00092	0.00092	0.00092	0.00092	0.00092	0.00092	0.00092	0.00092	0.00092	0.00092	0.00092	0.00092	0.00092	0.00092	0.00092	0.00092	0.00092	0.00092	0.00092	0.00092	0.00092	0.00092	0.00092	0.00092	0.00092	0.00092	
0.00082	0.00082	0.00082	0.00082	0.00082	0.00082	0.00082	0.00082	0.00082	0.00082	0.00082	0.00082	0.00082	0.00082	0.00082	0.00082	0.00082	0.00082	0.00082	0.00082	0.00082	0.00082	0.00082	0.00082	0.00082	0.00082	0.00082	0.00082	0.00082	0.00082	0.00082	0.00082	0.00082	0.00082	0.00082	0.00082	0.00082	0.00082	0.00082	0.00082	0.00082	0.00082	0.00082	0.00082	0.00082	0.00082	0.00082	0.00082	0.00082	0.00082	0.00082	0.00082	0.00082	0.00082	0.00082	0.00082	0.00082	0.00082	0.00082	
0.00074	0.00074	0.00074	0.00074	0.00074	0.00074	0.00074	0.00074	0.00074	0.00074	0.00074	0.00074	0.00074	0.00074	0.00074	0.00074	0.00074	0.00074	0.00074	0.00074	0.00074	0.00074	0.00074	0.00074	0.00074	0.00074	0.00074	0.00074	0.00074	0.00074	0.00074	0.00074	0.00074	0.00074	0.00074	0.00074	0.00074	0.00074	0.00074	0.00074	0.00074	0.00074	0.00074	0.00074	0.00074	0.00074	0.00074	0.00074	0.00074	0.00074	0.00074	0.00074	0.00074	0.00074	0.00074	0.00074	0.00074	0.00074	0.00074	
0.00067	0.00067	0.00067	0.00067	0.00067	0.00067	0.00067	0.00067	0.00067	0.00067	0.00067	0.00067	0.00067	0.00067	0.00067	0.00067	0.00067	0.00067	0.00067	0.00067	0.00067	0.00067	0.00067	0.00067	0.00067	0.00067	0.00067	0.00067	0.00067	0.00067	0.00067	0.00067	0.00067	0.00067	0.00067	0.00067	0.00067	0.00067	0.00067	0.00067	0.00067	0.00067	0.00067	0.00067	0.00067	0.00067	0.00067	0.00067	0.00067	0.00067	0.00067	0.00067	0.00067	0.00067	0.00067	0.00067	0.00067	0.00067	0.00067	
0.0006	0.0006	0.0006	0.0006	0.0006	0.0006	0.0006	0.0006	0.0006	0.0006	0.0006	0.0006	0.0006	0.0006	0.0006	0.0006	0.0006	0.0006	0.0006	0.0006	0.0006	0.0006	0.0006	0.0006	0.0006	0.0006	0.0006	0.0006	0.0006	0.0006	0.0006	0.0006	0.0006	0.0006	0.0006	0.0006	0.0006	0.0006	0.0006	0.0006	0.0006	0.0006	0.0006	0.0006	0.0006	0.0006	0.0006	0.0006	0.0006	0.0006	0.0006	0.0006	0.0006	0.0006	0.0006	0.0006	0.0006	0.0006	0.0006	
0.00052	0.00052	0.00052	0.00052	0.00052	0.00052	0.00052	0.00052	0.00052	0.00052	0.00052	0.00052	0.00052	0.00052	0.00052	0.00052	0.00052	0.00052	0.00052	0.00052	0.00052	0.00052	0.00052	0.00052	0.00052	0.00052	0.00052	0.00052	0.00052	0.00052	0.00052	0.00052	0.00052	0.00052	0.00052	0.00052	0.00052	0.00052	0.00052	0.00052	0.00052	0.00052	0.00052	0.00052	0.00052	0.00052	0.00052	0.00052	0.00052	0.00052	0.00052	0.00052	0.00052	0.00052	0.00052	0.00052	0.00052	0.00052	0.00052	
0.00046	0.00046	0.00046	0.00046	0.00046	0.00046	0.00046	0.00046	0.00046	0.00046	0.00046	0.00046	0.00046	0.00046	0.00046	0.00046	0.00046	0.00046	0.00046	0.00046	0.00046	0.00046	0.00046	0.00046	0.00046	0.00046	0.00046	0.00046	0.00046	0.00046	0.00046	0.00046	0.00046	0.00046	0.00046	0.00046	0.00046	0.00046	0.00046	0.00046	0.00046	0.00046	0.00046	0.00046	0.00046	0.00046	0.00046	0.00046	0.00046	0.00046	0.00046	0.00046	0.00046	0.00046	0.00046	0.00046	0.00046	0.00046	0.00046	
0.0004	0.0004	0.0004	0.0004	0.0004	0.0004	0.0004	0.0004	0.0004	0.0004	0.0004	0.0004	0.0004	0.0004	0.0004	0.0004	0.0004	0.0004	0.0004	0.0004	0.0004	0.0004	0.0004	0.0004	0.0004	0.0004	0.0004	0.0004	0.0004	0.0004	0.0004	0.0004	0.0004	0.0004	0.0004	0.0004	0.0004	0.0004	0.0004	0.0004	0.0004	0.0004	0.0004	0.0004	0.0004	0.0004	0.0004	0.0004	0.0004	0.0004	0.0004	0.0004	0.0004	0.0004	0.0004	0.0004	0.0004	0.0004	0.0004	
0.00033	0.00033	0.00033	0.00033	0.00033	0.00033	0.00033	0.00033	0.00033	0.00033	0.00033	0.00033	0.00033	0.00033	0.00033	0.00033	0.00033	0.00033	0.00033	0.00033	0.00033	0.00033	0.00033	0.00033	0.00033	0.00033	0.00033	0.00033	0.00033	0.00033	0.00033	0.00033	0.00033	0.00033	0.00033	0.00033	0.00033	0.00033	0.00033	0.00033	0.00033	0.00033	0.00033	0.00033	0.00033	0.00033	0.00033	0.00033	0.00033	0.00033	0.00033	0.00033	0.00033	0.00033	0.00033	0.00033	0.00033	0.00033	0.00033	
0.00028	0.00028	0.00028	0.00028	0.00028	0.00028	0.00028	0.00028	0.00028	0.00028	0.00028	0.00028	0.00028	0.00028	0.00028	0.00028	0.00028	0.00028	0.00028	0.00028	0.00028	0.00028	0.00028	0.00028	0.00028	0.00028	0.00028	0.00028	0.00028	0.00028	0.00028	0.00028	0.00028	0.00028	0.00028	0.00028	0.00028	0.00028	0.00028	0.00028	0.00028	0.00028	0.00028	0.00028	0.00028	0.00028	0.00028	0.00028	0.00028	0.00028	0.00028	0.00028	0.00028	0.00028	0.00028	0.00028	0.00028	0.00028	0.00028	
0.00024	0.00024	0.00024	0.00024	0.00024	0.00024	0.00024	0.00024	0.00024	0.00024	0.00024	0.00024	0.00024	0.00024	0.00024	0.00024	0.00024	0.00024	0.00024	0.00024	0.00024	0.00024	0.00024	0.00024	0.00024	0.00024	0.00024	0.00024	0.00024	0.00024	0.00024	0.00024	0.00024	0.00024	0.00024	0.00024	0.00024	0.00024	0.00024	0.00024	0.00024	0.00024	0.00024	0.00024	0.00024	0.00024	0.00024	0.00024	0.00024	0.00024	0.00024	0.00024	0.00024	0.00024	0.00024	0.00024	0.00024	0.00024	0.00024	
0.00019	0.00019	0.00019	0.00019	0.00019	0.00019	0.00019	0.00019	0.00019	0.00019	0.00019	0.00019	0.00019	0.00019	0.00019	0.00019	0.00019	0.00019	0.00019	0.00019	0.00019	0.00019	0.00019	0.00019	0.00019	0.00019	0.00019	0.00019	0.00019	0.00019	0.00019	0.00019	0.00019	0.00019	0.00019	0.00019	0.00019	0.00019	0.00019	0.00019	0.00019	0.00019	0.00019	0.00019	0.00019	0.00019	0.00019	0.00019	0.00019	0.00019	0.00019	0.00019	0.00019	0.00019	0.00019	0.00019	0.00019	0.00019	0.00019	
0.00015	0.00015	0.00015	0.00015	0.00015	0.00015	0.00015	0.00015	0.00015	0.00015	0.00015	0.00015	0.00015	0.00015	0.00015	0.00015	0.00015	0.00015	0.00015	0.00015	0.00015	0.00015	0.00015	0.00015	0.00015	0.00015	0.00015	0.00015	0.00015	0.00015	0.00015	0.00015	0.00015	0.00015	0.00015	0.00015	0.00015	0.00015	0.00015	0.00015	0.00015	0.00015	0.00015	0.00015	0.00015	0.00015	0.00015	0.00015	0.00015	0.00015	0.00015	0.00015	0.00015	0.00015	0.00015	0.00015	0.00015	0.00015	0.00015	
0.00012	0.00012	0.00012	0.00012	0.00012	0.00012	0.00012	0.00012	0.00012	0.00012	0.00012	0.00012	0.00012	0.00012	0.00012	0.00012	0.00012	0.00012	0.00012	0.00012	0.00012	0.00012	0.00012	0.00012	0.00012	0.00012	0.00012	0.00012	0.00012	0.00012	0.00012	0.00012	0.00012	0.00012	0.00012	0.00012	0.00012	0.00012	0.00012	0.00012	0.00012	0.00012	0.00012	0.00012	0.00012	0.00012	0.00012	0.00012	0.00012	0.00012	0.00012	0.00012	0.00012	0.00012	0.00012	0.00012	0.00012	0.00012	0.00012	
9e-05	9e-05	9e-05	9e-05	9e-05	9e-05	9e-05	9e-05	9e-05	9e-05	9e-05	9e-05	9e-05	9e-05	9e-05	9e-05	9e-05	9e-05	9e-05	9e-05	9e-05	9e-05	9e-05	9e-05	9e-05	9e-05	9e-05	9e-05	9e-05	9e-05	9e-05	9e-05	9e-05	9e-05	9e-05	9e-05	9e-05	9e-05	9e-05	9e-05	9e-05	9e-05	9e-05	9e-05	9e-05	9e-05	9e-05	9e-05	9e-05	9e-05	9e-05	9e-05	9e-05	9e-05	9e-05	9e-05	9e-05	9e-05	9e-05	
6e-05	6e-05	6e-05	6e-05	6e-05	6e-05	6e-05	6e-05	6e-05	6e-05	6e-05	6e-05	6e-05	6e-05	6e-05	6e-05	6e-05	6e-05	6e-05	6e-05	6e-05	6e-05	6e-05	6e-05	6e-05	6e-05	6e-05	6e-05	6e-05	6e-05	6e-05	6e-05	6e-05	6e-05	6e-05	6e-05	6e-05	6e-05	6e-05	6e-05	6e-05	6e-05	6e-05	6e-05	6e-05	6e-05	6e-05	6e-05	6e-05	6e-05	6e-05	6e-05	6e-05	6e-05	6e-05	6e-05	6e-05	6e-05	6e-05	
4e-05	4e-05	4e-05	4e-05	4e-05	4e-05	4e-05	4e-05	4e-05	4e-05	4e-05	4e-05	4e-05	4e-05	4e-05	4e-05	4e-05	4e-05	4e-05	4e-05	4e-05	4e-05	4e-05	4e-05	4e-05	4e-05	4e-05	4e-05	4e-05	4e-05	4e-05	4e-05	4e-05	4e-05	4e-05	4e-05	4e-05	4e-05	4e-05	4e-05	4e-05	4e-05	4e-05	4e-05	4e-05	4e-05	4e-05	4e-05	4e-05	4e-05	4e-05	4e-05	4e-05	4e-05	4e-05	4e-05	4e-05	4e-05	4e-05	
2e-05	2e-05	2e-05	2e-05	2e-05	2e-05	2e-05	2e-05	2e-05	2e-05	2e-05	2e-05	2e-05	2e-05	2e-05	2e-05	2e-05	2e-05	2e-05	2e-05	2e-05	2e-05	2e-05	2e-05	2e-05	2e-05	2e-05	2e-05	2e-05	2e-05	2e-05	2e-05	2e-05	2e-05	2e-05	2e-05	2e-05	2e-05	2e-05	2e-05	2e-05	2e-05	2e-05	2e-05	2e-05	2e-05	2e-05	2e-05	2e-05	2e-05	2e-05	2e-05	2e-05	2e-05	2e-05	2e-05	2e-05	2e-05	2e-05	
1e-05	1e-05	1e-05	1e-05	1e-05	1e-05	1e-05	1e-05	1e-05	1e-05	1e-05	1e-05	1e-05	1e-05	1e-05	1e-05	1e-05	1e-05	1e-05	1e-05	1e-05	1e-05	1e-05	1e-05	1e-05	1e-05	1e-05	1e-05	1e-05	1e-05	1e-05	1e-05	1e-05	1e-05	1e-05	1e-05	1e-05	1e-05	1e-05	1e-05	1e-05	1e-05	1e-05	1e-05	1e-05	1e-05	1e-05	1e-05	1e-05	1e-05	1e-05	1e-05	1e-05	1e-05	1e-05	1e-05	1e-05	1e-05	1e-05	
0.0	0.0	0.0	0.0	0.0	0.0	0.0	0.0	0.0	0.0	0.0	0.0	0.0	0.0	0.0	0.0	0.0	0.0	0.0	0.0	0.0	0.0	0.0	0.0	0.0	0.0	0.0	0.0	0.0	0.0	0.0	0.0	0.0	0.0	0.0	0.0	0.0	0.0	0.0	0.0	0.0	0.0	0.0	0.0	0.0	0.0	0.0	0.0	0.0	0.0	0.0	0.0	0.0	0.0	0.0	0.0	0.0	0.0	0.0	
0.0	0.0	0.0	0.0	0.0	0.0	0.0	0.0	0.0	0.0	0.0	0.0	0.0	0.0	0.0	0.0	0.0	0.0	0.0	0.0	0.0	0.0	0.0	0.0	0.0	0.0	0.0	0.0	0.0	0.0	0.0	0.0	0.0	0.0	0.0	0.0	0.0	0.0	0.0	0.0	0.0	0.0	0.0	0.0	0.0	0.0	0.0	0.0	0.0	0.0	0.0	0.0	0.0	0.0	0.0	0.0	0.0	0.0	0.0	
0.0	0.0	0.0	0.0	0.0	0.0	0.0	0.0	0.0	0.0	0.0	0.0	0.0	0.0	0.0	0.0	0.0	0.0	0.0	0.0	0.0	0.0	0.0	0.0	0.0	0.0	0.0	0.0	0.0	0.0	0.0	0.0	0.0	0.0	0.0	0.0	0.0	0.0	0.0	0.0	0.0	0.0	0.0	0.0	0.0	0.0	0.0	0.0	0.0	0.0	0.0	0.0	0.0	0.0	0.0	0.0	0.0	0.0	0.0	
0.0	0.0	0.0	0.0	0.0	0.0	0.0	0.0	0.0	0.0	0.0	0.0	0.0	0.0	0.0	0.0	0.0	0.0	0.0	0.0	0.0	0.0	0.0	0.0	0.0	0.0	0.0	0.0	0.0	0.0	0.0	0.0	0.0	0.0	0.0	0.0	0.0	0.0	0.0	0.0	0.0	0.0	0.0	0.0	0.0	0.0	0.0	0.0	0.0	0.0	0.0	0.0	0.0	0.0	0.0	0.0	0.0	0.0	0.0	
0.0	0.0	0.0	0.0	0.0	0.0	0.0	0.0	0.0	0.0	0.0	0.0	0.0	0.0	0.0	0.0	0.0	0.0	0.0	0.0	0.0	0.0	0.0	0.0	0.0	0.0	0.0	0.0	0.0	0.0	0.0	0.0	0.0	0.0	0.0	0.0	0.0	0.0	0.0	0.0	0.0	0.0	0.0	0.0	0.0	0.0	0.0	0.0	0.0	0.0	0.0	0.0	0.0	0.0	0.0	0.0	0.0	0.0	0.0	
0.0	0.0	0.0	0.0	0.0	0.0	0.0	0.0	0.0	0.0	0.0	0.0	0.0	0.0	0.0	0.0	0.0	0.0	0.0	0.0	0.0	0.0	0.0	0.0	0.0	0.0	0.0	0.0	0.0	0.0	0.0	0.0	0.0	0.0	0.0	0.0	0.0	0.0	0.0	0.0	0.0	0.0	0.0	0.0	0.0	0.0	0.0	0.0	0.0	0.0	0.0	0.0	0.0	0.0	0.0	0.0	0.0	0.0	0.0	
0.0	0.0	0.0	0.0	0.0	0.0	0.0	0.0	0.0	0.0	0.0	0.0	0.0	0.0	0.0	0.0	0.0	0.0	0.0	0.0	0.0	0.0	0.0	0.0	0.0	0.0	0.0	0.0	0.0	0.0	0.0	0.0	0.0	0.0	0.0	0.0	0.0	0.0	0.0	0.0	0.0	0.0	0.0	0.0	0.0	0.0	0.0	0.0	0.0	0.0	0.0	0.0	0.0	0.0	0.0	0.0	0.0	0.0	0.0	
0.0	0.0	0.0	0.0	0.0	0.0	0.0	0.0	0.0	0.0	0.0	0.0	0.0	0.0	0.0	0.0	0.0	0.0	0.0	0.0	0.0	0.0	0.0	0.0	0.0	0.0	0.0	0.0	0.0	0.0	0.0	0.0	0.0	0.0	0.0	0.0	0.0	0.0	0.0	0.0	0.0	0.0	0.0	0.0	0.0	0.0	0.0	0.0	0.0	0.0	0.0	0.0	0.0	0.0	0.0	0.0	0.0	0.0	0.0	
0.0	0.0	0.0	0.0	0.0	0.0	0.0	0.0	0.0	0.0	0.0	0.0	0.0	0.0	0.0	0.0	0.0	0.0	0.0	0.0	0.0	0.0	0.0	0.0	0.0	0.0	0.0	0.0	0.0	0.0	0.0	0.0	0.0	0.0	0.0	0.0	0.0	0.0	0.0	0.0	0.0	0.0	0.0	0.0	0.0	0.0	0.0	0.0	0.0	0.0	0.0	0.0	0.0	0.0	0.0	0.0	0.0	0.0	0.0	
0.0	0.0	0.0	0.0	0.0	0.0	0.0	0.0	0.0	0.0	0.0	0.0	0.0	0.0	0.0	0.0	0.0	0.0	0.0	0.0	0.0	0.0	0.0	0.0	0.0	0.0	0.0	0.0	0.0	0.0	0.0	0.0	0.0	0.0	0.0	0.0	0.0	0.0	0.0	0.0	0.0	0.0	0.0	0.0	0.0	0.0	0.0	0.0	0.0	0.0	0.0	0.0	0.0	0.0	0.0	0.0	0.0	0.0	0.0	
0.0	0.0	0.0	0.0	0.0	0.0	0.0	0.0	0.0	0.0	0.0	0.0	0.0	0.0	0.0	0.0	0.0	0.0	0.0	0.0	0.0	0.0	0.0	0.0	0.0	0.0	0.0	0.0	0.0	0.0	0.0	0.0	0.0	0.0	0.0	0.0	0.0	0.0	0.0	0.0	0.0	0.0	0.0	0.0	0.0	0.0	0.0	0.0	0.0	0.0	0.0	0.0	0.0	0.0	0.0	0.0	0.0	0.0	0.0	
0.0	0.0	0.0	0.0	0.0	0.0	0.0	0.0	0.0	0.0	0.0	0.0	0.0	0.0	0.0	0.0	0.0	0.0	0.0	0.0	0.0	0.0	0.0	0.0	0.0	0.0	0.0	0.0	0.0	0.0	0.0	0.0	0.0	0.0	0.0	0.0	0.0	0.0	0.0	0.0	0.0	0.0	0.0	0.0	0.0	0.0	0.0	0.0	0.0	0.0	0.0	0.0	0.0	0.0	0.0	0.0	0.0	0.0	0.0	
0.0	0.0	0.0	0.0	0.0	0.0	0.0	0.0	0.0	0.0	0.0	0.0	0.0	0.0	0.0	0.0	0.0	0.0	0.0	0.0	0.0	0.0	0.0	0.0	0.0	0.0	0.0	0.0	0.0	0.0	0.0	0.0	0.0	0.0	0.0	0.0	0.0	0.0	0.0	0.0	0.0	0.0	0.0	0.0	0.0	0.0	0.0	0.0	0.0	0.0	0.0	0.0	0.0	0.0	0.0	0.0	0.0	0.0	0.0	
0.0	0.0	0.0	0.0	0.0	0.0	0.0	0.0	0.0	0.0	0.0	0.0	0.0	0.0	0.0	0.0	0.0	0.0	0.0	0.0	0.0	0.0	0.0	0.0	0.0	0.0	0.0	0.0	0.0	0.0	0.0	0.0	0.0	0.0	0.0	0.0	0.0	0.0	0.0	0.0	0.0	0.0	0.0	0.0	0.0	0.0	0.0	0.0	0.0	0.0	0.0	0.0	0.0	0.0	0.0	0.0	0.0	0.0	0.0	
0.0	0.0	0.0	0.0	0.0	0.0	0.0	0.0	0.0	0.0	0.0	0.0	0.0	0.0	0.0	0.0	0.0	0.0	0.0	0.0	0.0	0.0	0.0	0.0	0.0	0.0	0.0	0.0	0.0	0.0	0.0	0.0	0.0	0.0	0.0	0.0	0.0	0.0	0.0	0.0	0.0	0.0	0.0	0.0	0.0	0.0	0.0	0.0	0.0	0.0	0.0	0.0	0.0	0.0	0.0	0.0	0.0	0.0	0.0	
0.0	0.0	0.0	0.0	0.0	0.0	0.0	0.0	0.0	0.0	0.0	0.0	0.0	0.0	0.0	0.0	0.0	0.0	0.0	0.0	0.0	0.0	0.0	0.0	0.0	0.0	0.0	0.0	0.0	0.0	0.0	0.0	0.0	0.0	0.0	0.0	0.0	0.0	0.0	0.0	0.0	0.0	0.0	0.0	0.0	0.0	0.0	0.0	0.0	0.0	0.0	0.0	0.0	0.0	0.0	0.0	0.0	0.0	0.0	
0.0	0.0	0.0	0.0	0.0	0.0	0.0	0.0	0.0	0.0	0.0	0.0	0.0	0.0	0.0	0.0	0.0	0.0	0.0	0.0	0.0	0.0	0.0	0.0	0.0	0.0	0.0	0.0	0.0	0.0	0.0	0.0	0.0	0.0	0.0	0.0	0.0	0.0	0.0	0.0	0.0	0.0	0.0	0.0	0.0	0.0	0.0	0.0	0.0	0.0	0.0	0.0	0.0	0.0	0.0	0.0	0.0	0.0	0.0	
0.0	0.0	0.0	0.0	0.0	0.0	0.0	0.0	0.0	0.0	0.0	0.0	0.0	0.0	0.0	0.0	0.0	0.0	0.0	0.0	0.0	0.0	0.0	0.0	0.0	0.0	0.0	0.0	0.0	0.0	0.0	0.0	0.0	0.0	0.0	0.0	0.0	0.0	0.0	0.0	0.0	0.0	0.0	0.0	0.0	0.0	0.0	0.0	0.0	0.0	0.0	0.0	0.0	0.0	0.0	0.0	0.0	0.0	0.0	
0.0	0.0	0.0	0.0	0.0	0.0	0.0	0.0	0.0	0.0	0.0	0.0	0.0	0.0	0.0	0.0	0.0	0.0	0.0	0.0	0.0	0.0	0.0	0.0	0.0	0.0	0.0	0.0	0.0	0.0	0.0	0.0	0.0	0.0	0.0	0.0	0.0	0.0	0.0	0.0	0.0	0.0	0.0	0.0	0.0	0.0	0.0	0.0	0.0	0.0	0.0	0.0	0.0	0.0	0.0	0.0	0.0	0.0	0.0	
0.0	0.0	0.0	0.0	0.0	0.0	0.0	0.0	0.0	0.0	0.0	0.0	0.0	0.0	0.0	0.0	0.0	0.0	0.0	0.0	0.0	0.0	0.0	0.0	0.0	0.0	0.0	0.0	0.0	0.0	0.0	0.0	0.0	0.0	0.0	0.0	0.0	0.0	0.0	0.0	0.0	0.0	0.0	0.0	0.0	0.0	0.0	0.0	0.0	0.0	0.0	0.0	0.0	0.0	0.0	0.0	0.0	0.0	0.0	
0.0	0.0	0.0	0.0	0.0	0.0	0.0	0.0	0.0	0.0	0.0	0.0	0.0	0.0	0.0	0.0	0.0	0.0	0.0	0.0	0.0	0.0	0.0	0.0	0.0	0.0	0.0	0.0	0.0	0.0	0.0	0.0	0.0	0.0	0.0	0.0	0.0	0.0	0.0	0.0	0.0	0.0	0.0	0.0	0.0	0.0	0.0	0.0	0.0	0.0	0.0	0.0	0.0	0.0	0.0	0.0	0.0	0.0	0.0	
0.0	0.0	0.0	0.0	0.0	0.0	0.0	0.0	0.0	0.0	0.0	0.0	0.0	0.0	0.0	0.0	0.0	0.0	0.0	0.0	0.0	0.0	0.0	0.0	0.0	0.0	0.0	0.0	0.0	0.0	0.0	0.0	0.0	0.0	0.0	0.0	0.0	0.0	0.0	0.0	0.0	0.0	0.0	0.0	0.0	0.0	0.0	0.0	0.0	0.0	0.0	0.0	0.0	0.0	0.0	0.0	0.0	0.0	0.0	
0.0	0.0	0.0	0.0	0.0	0.0	0.0	0.0	0.0	0.0	0.0	0.0	0.0	0.0	0.0	0.0	0.0	0.0	0.0	0.0	0.0	0.0	0.0	0.0	0.0	0.0	0.0	0.0	0.0	0.0	0.0	0.0	0.0	0.0	0.0	0.0	0.0	0.0	0.0	0.0	0.0	0.0	0.0	0.0	0.0	0.0	0.0	0.0	0.0	0.0	0.0	0.0	0.0	0.0	0.0	0.0	0.0	0.0	0.0	
0.0	0.0	0.0	0.0	0.0	0.0	0.0	0.0	0.0	0.0	0.0	0.0	0.0	0.0	0.0	0.0	0.0	0.0	0.0	0.0	0.0	0.0	0.0	0.0	0.0	0.0	0.0	0.0	0.0	0.0	0.0	0.0	0.0	0.0	0.0	0.0	0.0	0.0	0.0	0.0	0.0	0.0	0.0	0.0	0.0	0.0	0.0	0.0	0.0	0.0	0.0	0.0	0.0	0.0	0.0	0.0	0.0	0.0	0.0	
0.0	0.0	0.0	0.0	0.0	0.0	0.0	0.0	0.0	0.0	0.0	0.0	0.0	0.0	0.0	0.0	0.0	0.0	0.0	0.0	0.0	0.0	0.0	0.0	0.0	0.0	0.0	0.0	0.0	0.0	0.0	0.0	0.0	0.0	0.0	0.0	0.0	0.0	0.0	0.0	0.0	0.0	0.0	0.0	0.0	0.0	0.0	0.0	0.0	0.0	0.0	0.0	0.0	0.0	0.0	0.0	0.0	0.0	0.0	
0.0	0.0	0.0	0.0	0.0	0.0	0.0	0.0	0.0	0.0	0.0	0.0	0.0	0.0	0.0	0.0	0.0	0.0	0.0	0.0	0.0	0.0	0.0	0.0	0.0	0.0	0.0	0.0	0.0	0.0	0.0	0.0	0.0	0.0	0.0	0.0	0.0	0.0	0.0	0.0	0.0	0.0	0.0	0.0	0.0	0.0	0.0	0.0	0.0	0.0	0.0	0.0	0.0	0.0	0.0	0.0	0.0	0.0	0.0	
0.0	0.0	0.0	0.0	0.0	0.0	0.0	0.0	0.0	0.0	0.0	0.0	0.0	0.0	0.0	0.0	0.0	0.0	0.0	0.0	0.0	0.0	0.0	0.0	0.0	0.0	0.0	0.0	0.0	0.0	0.0	0.0	0.0	0.0	0.0	0.0	0.0	0.0	0.0	0.0	0.0	0.0	0.0	0.0	0.0	0.0	0.0	0.0	0.0	0.0	0.0	0.0	0.0	0.0	0.0	0.0	0.0	0.0	0.0	
0.0	0.0	0.0	0.0	0.0	0.0	0.0	0.0	0.0	0.0	0.0	0.0	0.0	0.0	0.0	0.0	0.0	0.0	0.0	0.0	0.0	0.0	0.0	0.0	0.0	0.0	0.0	0.0	0.0	0.0	0.0	0.0	0.0	0.0	0.0	0.0	0.0	0.0	0.0	0.0	0.0	0.0	0.0	0.0	0.0	0.0	0.0	0.0	0.0	0.0	0.0	0.0	0.0	0.0	0.0	0.0	0.0	0.0	0.0	
0.0	0.0	0.0	0.0	0.0	0.0	0.0	0.0	0.0	0.0	0.0	0.0	0.0	0.0	0.0	0.0	0.0	0.0	0.0	0.0	0.0	0.0	0.0	0.0	0.0	0.0	0.0	0.0	0.0	0.0	0.0	0.0	0.0	0.0	0.0	0.0	0.0	0.0	0.0	0.0	0.0	0.0	0.0	0.0	0.0	0.0	0.0	0.0	0.0	0.0	0.0	0.0	0.0	0.0	0.0	0.0	0.0	0.0	0.0	
0.0	0.0	0.0	0.0	0.0	0.0	0.0	0.0	0.0	0.0	0.0	0.0	0.0	0.0	0.0	0.0	0.0	0.0	0.0	0.0	0.0	0.0	0.0	0.0	0.0	0.0	0.0	0.0	0.0	0.0	0.0	0.0	0.0	0.0	0.0	0.0	0.0	0.0	0.0	0.0	0.0	0.0	0.0	0.0	0.0	0.0	0.0	0.0	0.0	0.0	0.0	0.0	0.0	0.0	0.0	0.0	0.0	0.0	0.0	
0.0	0.0	0.0	0.0	0.0	0.0	0.0	0.0	0.0	0.0	0.0	0.0	0.0	0.0	0.0	0.0	0.0	0.0	0.0	0.0	0.0	0.0	0.0	0.0	0.0	0.0	0.0	0.0	0.0	0.0	0.0	0.0	0.0	0.0	0.0	0.0	0.0	0.0	0.0	0.0	0.0	0.0	0.0	0.0	0.0	0.0	0.0	0.0	0.0	0.0	0.0	0.0	0.0	0.0	0.0	0.0	0.0	0.0	0.0	
0.0	0.0	0.0	0.0	0.0	0.0	0.0	0.0	0.0	0.0	0.0	0.0	0.0	0.0	0.0	0.0	0.0	0.0	0.0	0.0	0.0	0.0	0.0	0.0	0.0	0.0	0.0	0.0	0.0	0.0	0.0	0.0	0.0	0.0	0.0	0.0	0.0	0.0	0.0	0.0	0.0	0.0	0.0	0.0	0.0	0.0	0.0	0.0	0.0	0.0	0.0	0.0	0.0	0.0	0.0	0.0	0.0	0.0	0.0	
