243
259
258
262
247
256
243
233
232
232
230
233
233
231
238
232
229
237
235
234
238
237
236
235
232
233
238
220
235
234
232
238
231
232
242
233
230
238
239
234
93
191
137
261
256
251
227
236
233
236
236
234
232
237
229
240
221
208
237
235
239
237
234
236
234
236
234
234
231
230
230
233
225
227
233
236
242
236
230
237
238
230
237
234
236
238
240
237
237
239
241
239
235
230
238
237
232
242
224
263
243
233
237
234
236
240
237
233
229
236
231
228
239
233
235
226
257
252
256
256
254
260
253
257
254
251
263
253
254
254
256
249
257
259
257
227
235
238
236
236
227
236
231
238
233
232
242
236
228
240
231
236
231
224
237
234
234
237
234
234
228
232
232
235
224
233
256
258
254
230
230
218
254
234
258
262
256
259
258
245
232
258
259
229
241
239
230
240
231
237
233
234
237
234
239
231
229
229
235
239
241
235
237
236
236
234
238
237
236
238
230
235
235
239
230
233
239
235
235
233
233
234
234
233
237
231
234
242
234
235
237
234
234
230
219
206
229
236
232
237
233
236
236
236
233
232
227
240
235
236
242
237
238
232
234
240
231
239
239
235
228
236
236
237
237
231
239
230
237
223
257
256
220
243
229
228
230
238
236
239
230
230
236
234
231
235
237
224
238
232
238
230
236
238
236
206
256
242
229
236
237
239
227
235
235
233
230
237
238
233
234
237
236
239
236
237
236
238
237
236
235
239
236
239
238
236
239
241
237
232
231
261
262
259
254
259
233
227
231
233
232
239
235
236
236
240
235
237
230
231
237
228
234
233
210
232
235
237
234
235
235
238
239
236
238
231
231
233
233
233
235
231
239
237
236
233
236
236
228
224
233
236
237
241
236
232
238
231
234
234
240
231
220
258
259
260
237
235
256
258
238
238
232
224
249
242
227
230
235
238
211
236
234
235
237
230
224
249
255
252
252
251
243
247
235
233
236
236
236
239
233
238
238
232
233
238
254
250
249
249
225
236
237
235
237
237
250
237
238
232
246
251
249
250
247
230
238
226
254
255
251
250
250
248
253
246
220
234
232
236
237
225
254
222
244
252
250
251
247
219
237
237
233
230
233
239
235
252
225
235
226
250
248
255
252
250
251
252
254
251
250
245
252
250
241
251
252
251
250
254
252
255
216
187
240
235
231
232
232
235
234
224
245
253
251
254
257
259
251
255
253
255
254
252
252
239
243
231
240
237
231
236
234
236
237
236
235
239
236
226
233
233
232
237
239
235
229
234
241
232
234
228
232
238
236
226
228
231
234
252
248
234
250
257
255
243
249
258
254
250
252
258
223
231
233
229
232
257
252
230
254
259
253
259
259
252
256
224
234
235
235
231
235
235
235
239
236
237
238
234
235
229
235
235
234
231
234
231
232
236
232
229
232
234
229
234
229
232
234
238
238
234
230
208
241
240
236
237
237
235
236
233
232
237
228
229
237
239
242
234
240
238
235
240
231
238
234
239
262
258
258
258
257
245
239
229
233
235
236
239
239
236
235
237
229
232
236
231
236
232
227
239
236
237
236
236
235
229
252
253
245
239
237
236
211
240
236
236
231
234
237
232
225
263
248
249
252
258
259
253
259
256
231
226
236
242
237
234
235
231
234
236
235
234
230
239
239
234
234
231
236
231
238
235
222
256
246
50
50
50
50
50
50
50
50
50
50
50
50
47
50
50
50
50
50
50
50
50
50
50
50
50
50
50
50
50
50
50
50
50
50
50
164
234
235
233
231
236
234
225
262
229
254
255
257
256
261
256
254
253
234
237
237
233
237
230
238
234
233
239
235
233
235
235
235
238
236
231
234
235
233
237
238
234
232
221
261
258
232
256
245
253
257
257
259
255
262
251
264
256
258
248
257
256
254
254
253
257
258
255
255
258
258
253
256
256
252
248
207
232
237
242
237
235
231
235
231
239
232
232
237
233
229
234
238
228
229
238
236
234
233
235
237
230
238
239
237
235
231
238
232
235
231
236
236
234
239
235
232
237
236
235
254
260
256
262
261
253
255
237
236
232
239
239
234
231
205
235
236
230
236
237
235
231
236
233
239
234
233
232
231
234
234
258
250
255
264
256
259
254
255
254
255
252
259
254
252
254
257
254
227
230
229
235
240
232
240
232
235
240
240
234
232
229
231
230
232
235
234
233
230
238
232
237
208
238
237
234
240
235
238
233
237
232
235
238
230
232
231
237
238
234
240
235
229
237
229
237
234
235
238
231
237
237
232
227
256
265
252
258
253
258
254
159
149
163
198
228
247
250
219
227
223
230
236
226
208
234
231
223
243
253
253
251
246
231
236
217
233
233
228
228
226
224
228
233
224
234
237
232
231
236
232
234
232
227
227
222
235
235
224
231
230
232
230
228
229
211
248
252
256
246
218
224
234
226
232
231
228
228
228
236
230
231
234
226
204
212
229
234
233
229
223
231
228
223
236
224
236
233
227
229
226
224
223
234
229
226
230
227
234
232
221
227
228
230
234
231
226
228
224
237
237
229
216
233
227
240
231
230
222
222
225
234
238
237
226
230
227
224
233
233
234
227
231
232
224
207
231
233
230
231
227
235
230
229
219
232
232
226
233
233
237
226
236
228
230
233
232
228
224
226
230
