6321
6261
6302
6068
6060
6069
6335
6318
6149
6230
6169
6220
6139
3985
6171
6186
6425
6732
6996
6853
7066
7536
7301
7471
7489
7411
7231
7224
7269
7357
5203
7490
8059
6744
6211
6172
6236
6241
6145
5917
6044
5979
5963
6076
6089
6023
5188
4741
6181
6088
5971
6072
6127
6160
6017
5993
6072
6097
5967
7402
7948
7616
10644
9054
10455
8774
8004
7170
6417
6304
6395
12725
6373
6330
6287
6400
6311
6305
6458
6404
4214
6550
6568
6252
6329
6256
6227
6221
6185
6321
6294
6200
6282
6259
6214
6424
6549
4283
6747
6848
6912
