31
32
30
31
35
35
31
37
43
60
58
63
57
64
38
45
59
59
63
59
60
49
60
59
66
59
51
64
62
62
65
63
59
57
63
67
63
64
61
56
64
62
57
62
66
62
61
51
63
59
63
51
57
60
57
63
62
61
63
63
62
64
50
60
62
65
59
58
57
62
62
49
63
44
53
64
61
65
54
58
63
52
57
61
63
63
59
65
65
62
58
61
57
62
56
61
66
66
52
63
64
34
46
56
63
61
58
61
55
65
58
62
61
45
59
63
58
51
61
61
64
60
58
62
62
57
63
57
63
64
52
34
35
35
24
37
38
37
39
54
63
58
58
59
62
54
34
30
37
30
32
40
27
39
36
27
27
39
34
32
27
40
25
39
34
36
31
34
31
33
38
27
36
40
37
33
31
26
35
31
26
31
29
33
31
26
30
29
32
38
32
38
30
24
36
33
28
38
36
35
17
27
27
32
25
34
32
38
39
33
34
37
33
35
34
37
54
70
97
91
88
91
74
85
92
85
69
78
91
90
91
91
88
90
90
97
32
61
63
61
64
66
61
63
43
64
54
61
55
60
60
56
44
63
54
61
63
57
58
59
52
64
58
58
61
60
63
56
62
59
59
62
59
55
65
58
63
63
64
45
69
62
59
54
20
62
59
62
48
59
62
59
58
57
48
45
57
64
60
64
61
35
31
30
34
28
30
29
32
25
20
21
27
34
29
29
22
33
32
31
37
13
32
28
27
28
28
29
33
14
28
34
34
29
35
24
30
37
36
25
21
40
27
35
39
31
36
32
34
30
37
30
26
37
28
31
21
29
34
32
35
34
28
28
38
35
21
36
35
20
30
41
30
33
27
37
31
40
31
40
34
33
27
38
32
32
38
51
29
41
42
29
20
28
13
34
38
31
41
28
36
34
36
31
26
39
33
34
38
25
32
26
34
36
19
29
36
35
35
33
23
24
43
54
53
61
61
53
43
62
57
49
46
21
32
24
27
32
16
27
30
27
36
37
38
31
34
23
20
37
29
33
30
38
35
22
30
22
34
31
35
30
33
35
27
31
33
38
29
24
24
27
37
38
23
35
35
37
31
33
30
38
25
30
26
39
27
37
38
35
13
24
19
22
26
22
32
37
30
30
23
19
23
25
25
34
35
32
26
36
32
34
18
27
31
27
21
28
13
24
36
31
26
30
25
25
28
28
37
34
26
28
32
32
28
29
30
39
42
63
60
58
61
63
54
60
64
58
64
65
54
63
67
63
56
64
63
66
56
63
62
52
58
58
60
62
64
63
63
64
63
64
60
63
65
66
57
61
63
59
59
45
33
35
30
34
33
33
39
32
38
34
34
35
31
35
31
31
32
32
37
37
41
34
31
42
30
36
28
34
36
37
30
33
28
29
29
37
34
29
31
35
35
35
57
59
63
61
61
60
60
63
66
65
62
62
61
66
59
53
44
63
60
53
58
62
57
65
63
59
60
62
58
60
61
59
31
37
30
28
31
30
40
26
35
30
29
31
33
36
31
30
38
35
33
34
29
42
39
33
33
43
30
34
38
40
30
29
36
30
33
29
32
40
36
28
32
41
69
69
69
78
78
77
86
89
91
92
89
89
76
68
14
49
64
60
63
63
85
79
70
69
75
80
90
81
84
90
77
89
41
79
87
92
87
91
78
92
88
77
91
90
91
88
90
91
90
73
78
36
90
60
72
74
85
91
71
77
77
80
86
84
90
91
94
92
91
91
91
73
91
91
84
83
91
91
92
88
82
90
91
91
91
93
82
90
90
86
81
90
89
89
87
81
90
80
71
80
90
91
88
89
91
89
80
93
92
84
72
76
76
77
77
81
82
77
77
78
76
81
73
74
75
76
74
82
78
80
75
80
78
77
75
80
77
79
79
79
67
72
79
77
66
79
79
77
81
76
76
77
79
49
76
76
80
78
75
77
78
78
77
77
82
80
77
77
81
79
77
78
77
79
66
71
71
79
77
78
74
76
78
77
77
76
76
77
82
80
78
77
75
78
75
73
75
77
77
78
78
77
76
76
78
76
77
78
62
76
76
75
79
80
75
72
80
80
78
76
80
80
82
80
73
80
76
82
78
77
76
76
72
77
77
78
65
77
79
76
77
77
78
82
81
76
80
78
76
78
76
74
81
79
76
77
79
80
79
78
73
77
77
78
74
75
66
67
77
79
74
74
76
76
77
74
78
79
81
76
75
72
77
78
74
78
75
76
78
74
75
75
77
81
67
69
74
72
73
75
77
77
76
82
13
72
69
75
77
77
74
78
77
80
78
78
80
78
79
76
71
79
73
74
75
77
97
64
79
78
86
87
76
77
89
91
88
89
79
90
93
91
91
15
88
90
91
91
91
88
91
91
82
93
91
90
69
85
83
68
78
79
88
62
83
84
83
86
77
91
90
80
75
94
91
83
74
77
71
91
89
91
74
91
93
79
91
91
94
91
69
91
96
91
72
77
77
81
86
91
70
85
60
66
76
79
80
81
81
74
69
79
76
82
80
80
75
75
79
78
78
77
82
78
63
66
78
75
77
81
77
79
75
78
81
80
77
77
79
77
78
77
78
77
80
82
78
63
79
80
80
76
74
78
77
77
75
6
45
73
79
79
79
82
80
77
77
79
78
80
67
76
75
73
79
79
75
77
77
77
79
78
75
77
80
78
79
77
80
77
78
79
78
79
74
78
78
75
77
79
77
77
79
78
75
77
76
76
78
69
89
80
74
81
74
77
81
80
80
78
76
76
76
81
79
75
73
77
77
79
80
78
76
77
78
80
76
75
78
82
78
76
77
78
81
78
76
75
77
76
76
79
82
76
76
69
79
68
83
78
78
43
74
73
77
66
62
42
34
33
26
29
32
41
39
33
33
33
31
32
32
39
33
33
31
28
38
35
39
49
53
59
63
56
61
59
62
64
57
62
61
61
62
59
56
66
59
59
66
61
64
52
59
63
64
54
23
27
14
41
32
35
30
19
27
40
32
29
38
35
39
34
32
38
29
39
31
40
31
34
33
29
41
34
37
35
29
34
35
33
36
39
32
32
33
34
36
30
33
37
31
26
34
32
36
34
32
37
32
30
39
26
35
29
36
34
36
32
27
36
30
34
33
33
36
34
37
24
32
39
35
35
32
34
37
32
33
37
37
43
37
30
36
38
28
27
34
29
29
32
50
63
66
62
28
26
37
39
38
32
33
30
27
32
32
56
64
62
62
60
64
61
62
58
62
63
56
59
64
62
59
67
59
53
55
34
32
26
38
34
28
34
33
33
32
33
35
30
35
32
33
35
41
33
40
36
37
38
35
38
35
25
31
35
31
37
31
31
51
60
64
62
65
55
34
30
33
37
34
31
36
35
32
34
37
32
34
32
27
33
39
36
33
30
19
32
29
30
35
30
32
33
26
35
37
40
29
33
35
34
33
33
35
35
33
32
31
30
31
30
32
35
26
35
36
31
33
37
35
30
29
30
32
33
33
39
35
27
32
31
36
34
33
33
35
35
32
29
37
28
40
28
39
25
29
33
35
38
37
34
30
33
39
34
27
33
34
34
33
34
40
37
24
26
35
37
41
36
32
32
30
35
39
34
30
32
39
32
38
62
63
37
60
59
53
59
31
31
30
32
35
31
34
37
39
32
36
37
38
39
36
22
33
29
25
32
38
33
31
39
41
36
35
38
31
36
39
34
29
36
29
43
32
30
37
35
35
36
37
34
36
30
33
33
31
35
37
36
29
29
41
29
37
33
37
35
35
32
34
36
34
33
38
32
31
26
31
37
34
34
35
28
17
46
63
62
60
61
45
59
65
60
63
63
61
63
45
36
40
33
32
36
29
37
32
33
23
34
38
32
35
41
35
31
24
29
36
33
35
40
29
31
43
29
33
36
36
37
34
32
37
34
29
36
26
38
34
26
39
30
36
34
36
29
38
37
35
41
33
34
38
31
36
35
36
37
35
40
32
32
42
42
29
27
35
22
23
29
31
39
29
38
38
38
30
34
33
31
36
28
31
35
28
29
29
28
31
35
36
27
37
35
33
33
31
41
35
29
35
37
37
44
18
36
32
27
34
30
34
35
33
34
36
34
28
32
32
37
30
41
27
30
31
32
34
28
29
36
33
31
35
30
31
29
37
39
31
34
30
37
32
36
33
45
37
37
27
27
35
31
29
38
26
32
38
33
38
32
35
31
24
25
25
39
29
35
35
29
30
39
38
30
29
29
32
42
38
38
34
29
28
33
43
32
31
34
32
35
41
34
89
71
59
63
61
59
62
62
60
63
59
62
64
66
61
65
61
61
62
62
59
52
67
64
62
62
64
62
63
67
61
50
50
61
64
59
58
65
66
56
55
62
65
20
36
56
63
66
66
64
62
64
62
63
61
65
52
64
63
61
55
65
59
49
53
63
64
57
50
66
63
67
61
62
60
62
65
62
65
63
62
65
60
64
62
61
56
66
60
61
25
31
31
27
31
35
35
27
34
31
27
33
42
62
53
60
63
52
48
53
56
55
55
55
60
56
58
56
56
55
60
65
57
65
64
62
59
63
64
64
51
65
66
63
65
57
59
49
62
55
56
64
63
55
59
54
59
63
57
60
38
56
61
63
63
63
61
62
45
62
43
65
37
51
60
60
60
64
59
48
35
33
35
37
37
35
22
36
34
40
32
30
33
37
45
41
24
31
27
31
24
20
30
42
34
33
34
30
22
32
36
34
30
36
29
34
39
36
30
32
32
35
39
35
31
35
38
38
35
34
30
32
24
35
36
35
30
33
31
30
18
21
34
29
30
26
38
30
27
33
29
35
37
36
36
30
34
34
29
40
35
34
33
36
32
34
31
36
35
36
35
33
33
34
30
33
26
37
26
34
30
35
37
37
56
62
62
60
32
31
28
36
24
32
31
35
16
35
39
32
27
12
32
34
34
20
31
14
31
38
42
36
40
30
35
28
31
31
37
32
30
30
35
31
36
38
35
27
31
15
22
30
37
36
30
36
30
39
42
34
33
33
35
30
36
37
34
37
26
29
29
31
35
32
39
35
30
33
39
20
27
33
32
27
30
32
44
40
34
37
36
32
29
33
30
30
39
32
37
34
31
29
38
32
26
36
33
28
26
22
36
35
36
35
35
37
37
26
40
35
38
29
36
27
38
35
34
35
34
35
34
31
34
31
29
32
35
28
36
31
36
49
61
91
81
79
88
81
85
85
67
75
71
90
83
93
91
76
91
85
75
77
91
91
91
81
90
77
76
83
73
60
91
91
89
82
49
71
68
62
91
90
92
90
81
73
91
82
82
66
79
87
91
83
90
90
38
52
64
62
60
60
65
67
53
55
60
64
62
63
64
62
52
61
61
64
57
63
59
62
67
64
62
64
67
59
62
64
63
54
64
60
62
67
63
65
65
63
61
54
64
22
39
61
66
65
58
66
72
63
64
55
62
62
62
65
53
45
55
63
65
62
67
64
66
59
28
34
28
34
29
28
30
34
28
40
34
32
30
29
23
38
37
33
31
37
37
29
27
36
32
36
30
30
33
33
32
31
33
27
26
29
38
37
22
29
37
41
35
33
36
29
36
39
31
38
35
21
31
35
24
35
30
35
26
36
26
38
38
34
22
34
36
41
23
30
30
37
37
40
37
35
32
29
32
39
30
27
40
33
36
32
29
33
38
33
38
30
36
34
30
33
38
29
38
32
38
38
30
30
38
33
29
35
35
41
29
31
34
36
17
32
34
32
37
29
28
30
29
26
27
37
41
39
30
35
33
31
31
39
32
31
34
25
36
34
21
31
32
39
35
33
36
28
22
25
39
33
35
31
32
34
30
29
30
29
27
36
31
34
32
37
35
34
29
32
30
32
33
35
32
35
30
31
39
48
64
56
60
63
62
67
59
65
60
64
62
59
62
62
63
62
63
60
63
68
55
57
57
54
49
62
56
65
60
65
66
44
20
24
35
26
27
29
56
62
66
56
64
63
66
63
62
62
64
66
63
62
62
63
66
60
61
65
60
62
62
59
66
65
61
62
63
57
62
68
65
60
52
63
64
56
65
61
60
63
67
60
54
57
68
62
65
63
66
63
63
63
58
52
56
64
65
69
61
48
48
57
60
62
64
61
63
66
68
48
47
60
59
60
67
64
62
62
66
68
61
65
61
64
64
65
62
68
64
28
53
63
61
64
69
65
64
60
59
68
58
57
63
64
60
62
62
54
61
64
64
61
61
62
63
63
66
62
65
63
64
62
66
70
62
65
64
68
63
61
62
64
64
66
66
63
67
61
65
59
65
62
62
62
65
65
62
62
60
59
65
60
57
65
63
54
64
63
63
23
64
65
48
62
59
63
59
56
62
62
61
36
56
64
60
64
67
57
65
65
62
37
36
27
38
21
25
40
33
33
31
31
32
35
23
31
31
36
31
29
31
39
37
36
23
35
30
35
29
39
37
34
34
29
34
36
37
29
33
33
25
30
31
36
35
29
36
32
35
56
62
61
53
61
61
58
62
64
71
51
31
31
35
36
31
37
39
31
28
39
33
30
32
29
35
35
27
36
33
32
35
28
40
55
66
61
63
28
49
63
66
58
67
60
63
67
65
66
64
67
61
65
63
64
57
60
62
65
67
62
65
65
62
65
58
63
59
61
63
62
60
64
63
65
69
61
63
58
64
61
65
63
59
66
62
62
64
52
21
36
37
35
32
31
27
27
31
36
24
31
27
28
32
33
40
36
39
37
31
35
30
33
36
33
38
28
35
34
29
34
31
34
29
33
35
38
33
35
29
34
24
39
27
29
38
60
67
65
66
63
59
66
68
58
61
57
61
64
65
66
51
61
57
62
63
58
55
48
50
58
55
55
58
42
34
41
29
34
33
35
32
33
29
32
32
32
31
23
30
37
31
35
36
32
39
39
38
25
30
21
28
33
31
31
36
35
38
38
30
