1529
1439
1416
1451
1428
1411
1418
1440
1422
1505
1390
1466
1432
1450
1484
1367
1446
1466
1473
1494
1481
1384
1481
1438
1581
1536
1422
1475
1499
1537
1491
1470
1204
1642
1438
1506
1461
1459
1537
1559
1578
1674
1633
1579
1689
1591
1639
1670
1609
1210
1858
1644
1648
1678
1616
1636
1650
1572
1624
1645
1561
1571
1679
1641
1587
1592
1100
2027
1580
1600
1591
1643
1674
1591
1618
1657
1667
1646
1542
1615
782
1571
1587
964
2104
1598
1538
1669
1654
1657
1518
1565
1603
1547
1591
1635
1580
1482
1616
1542
1448

