2268 1
3882 1
3842 1
3570 1
3803 1
3846 1
3533 1
3574 2
3576 1
7221 1
3577 1
3579 1
6108 1
780 15
781 14
740 23
782 19
700 26
741 23
80 307
742 26
783 13
701 27
81 316
784 14
702 30
743 19
82 281
785 27
703 27
744 20
83 303
470 112
704 37
745 27
84 262
471 131
430 127
786 22
746 15
787 21
705 28
431 135
85 301
472 97
747 14
788 16
432 111
86 281
473 122
706 29
4802 1
4884 1
789 22
433 124
474 114
87 326
707 26
748 24
47 2
4570 1
749 26
708 23
88 285
475 117
434 136
160 318
1922 1
4804 1
709 31
89 311
476 122
435 136
161 250
120 310
4846 1
4572 1
1923 1
49 3
477 105
436 147
162 267
121 289
4847 1
478 104
437 122
163 263
122 318
1692 1
1925 1
1651 3
1966 1
479 105
164 225
438 131
123 351
439 118
165 278
124 310
4535 1
1653 2
166 259
125 303
1969 1
4221 1
8221 1
1380 1
1613 1
167 247
126 301
1381 1
1655 1
4222 1
168 229
127 325
1300 1
1341 1
1382 1
169 246
128 289
1383 1
1301 6
129 311
1384 3
1302 3
1699 1
1617 1
1303 1
1385 1
1345 2
1304 2
1386 3
1387 1
1306 2
1347 2
1307 1
1389 2
1349 2
1308 1
1309 2
2922 1
2965 1
2691 1
2652 1
2926 1
2967 1
2968 1
2655 1
2696 1
5223 1
2656 1
2382 2
5224 1
2342 1
2302 1
2344 1
5267 2
2346 1
2072 1
2387 1
5229 1
2306 1
2073 1
2347 1
2349 1
2035 1
2309 1
2036 2
2037 1
2038 1
2039 1
6840 1
3690 1
3651 1
3610 1
3614 1
3340 1
3381 1
3383 1
3343 1
3070 1
3386 1
3031 2
3072 1
3349 1
860 9
861 9
3038 1
820 5
862 5
821 13
822 5
863 9
823 13
864 10
590 54
865 9
824 14
591 67
550 78
866 9
510 111
592 60
825 16
551 85
867 8
511 85
593 66
826 9
552 79
868 7
553 71
594 55
512 109
827 14
869 5
828 12
513 80
280 183
595 55
554 69
829 13
555 71
4691 1
240 165
596 66
281 204
514 90
515 108
556 76
282 193
241 221
200 239
597 60
557 89
242 218
283 185
516 90
201 234
598 62
4612 1
1771 1
599 71
558 68
202 188
284 191
517 84
243 195
4969 1
518 78
559 68
244 159
285 178
4928 1
203 215
4381 1
286 200
519 85
245 193
204 218
1774 1
205 207
246 205
287 173
1775 1
4342 1
247 179
206 213
288 168
1461 4
207 227
248 212
289 198
4385 1
1421 1
249 212
208 224
1737 2
209 231
1190 1
1423 1
1779 1
4388 1
1424 1
1150 2
1425 1
1110 7
1466 1
1192 2
1151 3
4308 1
1152 3
4075 1
1111 4
1193 1
1427 2
1112 2
1153 3
4309 1
1469 1
1154 4
1428 2
1113 1
1195 3
1196 2
4078 1
1114 4
1429 1
1155 2
1115 2
1197 1
1156 2
1116 1
1198 1
1157 3
1199 2
1158 1
1117 7
1118 1
1159 2
1119 2
2772 1
1070 4
1030 6
1071 6
2190 1
1031 4
1072 7
1073 4
1032 3
1074 2
1033 3
2193 1
1075 4
1034 4
2467 1
1035 3
1076 5
1077 1
2428 1
5036 1
1036 3
2469 1
2154 2
2114 1
1037 5
1078 5
2197 1
1079 5
1038 4
2116 2
1039 7
3772 1
3733 2
3462 1
3737 1
3424 1
3739 1
6078 1
980 9
940 7
981 6
982 4
900 5
941 6
983 5
901 5
942 5
984 5
943 5
902 10
903 5
944 3
985 2
670 35
986 3
945 11
904 9
671 29
630 48
946 8
987 3
905 6
631 50
672 56
906 5
988 7
632 47
673 37
947 6
989 5
948 6
907 12
633 43
674 30
908 6
675 33
949 8
634 54
360 159
909 4
676 24
635 58
361 158
320 180
4772 1
636 44
677 33
321 179
362 140
4773 1
678 40
637 47
363 162
322 175
1851 2
679 41
364 182
638 51
323 167
1852 2
639 47
365 147
324 151
4461 1
1894 1
1812 1
325 162
366 158
1813 1
1854 1
1895 3
367 171
326 184
4463 1
4778 1
1855 1
368 158
327 193
1856 1
1500 1
1541 1
4464 1
1815 1
369 170
328 173
1542 1
1898 3
1501 1
329 182
1543 3
1584 2
1503 1
1859 2
1270 3
4427 1
1271 3
1587 2
1231 2
4429 1
1232 4
1273 3
1507 1
1233 1
1275 3
1508 1
1235 1
1276 4
1236 1
1277 1
1237 1
1278 1
1279 1
1238 2
1239 1
2891 1
5421 1
5463 1
5737 1
2816 1
2501 1
5426 2
5114 1
2588 1
5196 1
5155 1
2507 1
2276 1
2236 1
2239 1
3891 1
3814 1
3500 1
3583 2
3858 1
3545 1
3231 1
3546 1
3235 1
3238 1
790 16
791 23
750 30
751 21
792 16
710 35
90 322
50 6
752 16
711 36
793 21
91 314
51 5
753 21
712 24
794 17
92 314
713 17
52 13
754 19
480 99
795 19
93 296
714 26
755 23
796 21
440 112
53 24
481 103
94 302
797 16
715 29
756 23
54 21
95 299
482 109
441 132
400 138
1970 1
798 21
483 99
757 23
716 23
55 30
96 306
442 125
401 145
-4 1
1971 2
717 21
799 13
758 23
56 44
443 115
97 332
484 95
402 153
1931 1
57 54
403 126
759 27
98 340
485 101
718 26
444 119
170 255
4855 1
1973 1
4581 1
719 22
445 111
404 153
171 249
99 342
486 111
58 49
130 331
446 128
405 142
487 98
59 72
172 285
131 298
8501 1
488 87
173 241
447 134
406 146
132 286
1976 1
1620 1
489 91
448 112
174 225
407 150
133 310
1621 1
4503 1
408 126
449 124
175 261
134 270
1937 1
1622 1
1978 2
8504 1
409 123
176 241
135 294
1390 1
1664 1
1979 1
1938 1
136 310
177 249
1939 1
1391 2
1350 3
178 230
137 279
1310 1
8507 2
8233 1
1392 1
179 257
138 274
1352 1
1311 1
1626 1
139 285
1627 2
1312 1
1394 1
8509 1
1353 2
1313 3
1395 3
1355 1
1396 1
1397 1
1356 4
1398 1
1316 4
1317 2
1318 1
1359 3
1319 1
2931 1
5584 1
2936 1
5545 1
2623 2
2624 1
2312 1
2627 1
2080 1
5236 1
2355 1
2082 1
2000 1
2315 1
2042 1
2001 1
2318 1
2004 1
2045 2
2046 1
2088 1
2008 1
7660 1
7620 1
3662 1
3937 1
3665 1
3627 1
3395 1
3080 1
3000 1
3082 1
3041 1
3042 1
870 8
871 8
830 11
872 6
831 12
873 10
832 10
874 9
833 7
834 17
875 10
560 63
4971 2
876 13
561 75
520 111
835 9
877 8
521 106
836 11
562 63
837 10
878 11
522 69
563 77
879 18
838 9
290 190
564 73
523 82
524 77
565 72
839 13
291 173
250 192
4976 1
566 65
251 205
292 178
525 91
210 203
567 68
293 185
526 104
252 195
211 216
4978 1
212 220
294 169
527 90
568 77
253 179
528 87
295 191
213 190
569 74
254 201
1783 1
255 187
214 251
296 156
529 88
1743 1
297 182
256 200
215 218
4626 2
4311 1
1785 1
216 196
298 183
257 166
1745 1
4394 1
1471 1
1704 1
299 176
258 198
217 210
1431 1
1705 1
1787 3
259 210
218 213
1432 1
1747 2
1473 3
219 225
1707 1
1433 1
4397 1
1749 1
1475 1
1160 4
8399 1
1476 1
1709 1
1161 4
1120 8
1121 1
4319 1
1478 1
1437 2
1122 5
1163 1
1164 2
4087 1
1123 1
1165 3
1439 1
1124 6
4088 1
1125 4
4048 1
1166 2
1167 1
1126 1
1168 4
1127 3
1169 2
1128 4
1129 4
2700 1
2742 1
2743 1
1080 5
2472 2
1040 3
2788 1
1081 1
1041 2
1082 6
1000 4
1083 1
2749 1
1042 4
1001 6
1043 1
5399 1
1084 1
5358 1
1002 3
2120 1
1044 1
1003 6
1086 1
2478 1
1045 3
1004 7
1046 3
1087 6
1005 5
2165 1
5088 1
1047 2
2124 1
1088 5
1006 4
1048 4
1007 7
1089 8
1049 5
1008 3
1009 7
2127 1
2169 1
2129 1
6978 1
3743 1
3702 1
3473 1
3434 1
3436 1
3479 1
3123 1
990 2
991 2
950 6
992 6
910 7
951 5
993 4
952 2
911 5
994 6
953 5
912 7
995 3
913 9
680 32
954 6
996 1
914 10
955 8
681 32
640 43
956 6
997 3
600 68
641 42
915 9
682 27
957 13
916 6
683 34
998 4
601 52
642 51
958 6
917 6
999 4
684 31
643 51
602 54
959 4
918 7
644 45
685 47
603 58
370 175
919 6
645 34
686 32
371 165
604 59
4781 1
330 167
4782 1
687 28
646 35
372 163
605 72
331 168
647 46
688 47
373 159
606 52
332 150
648 40
689 37
374 170
607 60
333 183
1821 1
608 57
649 37
334 161
375 162
4471 1
609 46
335 184
376 172
1823 1
336 169
377 149
1591 2
378 155
337 164
4433 1
4707 1
1866 1
338 163
379 136
4434 1
1511 2
1552 1
339 163
1868 1
1553 1
1594 1
1595 2
1280 2
4477 1
1240 2
4478 1
1596 1
1555 2
1241 4
1282 3
1200 1
1242 1
1201 2
1283 2
1243 3
1202 1
1558 1
1203 3
1244 1
1285 1
1204 1
1245 3
1286 2
1205 4
1287 2
1246 3
1288 3
1247 3
1206 1
1207 1
1248 1
1249 3
1208 1
1209 1
2862 1
5471 1
2590 1
5706 1
2280 1
5163 1
2829 2
2282 1
5123 1
2557 1
2599 1
2203 1
2288 1
3510 1
3826 1
3512 1
3514 1
3556 1
3597 1
3241 1
3517 1
3559 1
760 16
761 13
720 39
721 17
60 73
762 18
763 18
61 95
722 30
723 19
764 20
62 131
490 107
724 21
765 21
63 146
491 106
450 112
725 21
766 17
492 108
64 141
410 137
451 124
1980 1
767 12
726 24
493 104
65 181
452 125
411 133
727 21
768 18
66 168
453 121
494 118
412 144
1900 1
1982 1
769 20
1941 1
495 113
454 120
728 30
67 196
180 232
413 125
1901 1
1942 1
1983 2
729 21
181 270
496 94
68 206
455 95
414 124
140 278
8510 1
1984 1
456 134
497 93
69 222
182 244
415 126
141 311
100 336
1903 1
1985 1
498 98
457 120
183 254
416 132
142 276
101 300
458 135
417 129
499 107
184 200
143 317
102 348
4280 1
4828 1
4869 1
459 115
185 225
144 264
418 144
103 325
186 254
419 119
145 301
104 350
8515 1
1907 1
4515 1
1633 1
146 274
187 235
105 312
1949 1
188 211
147 310
106 348
1361 1
8517 1
4517 1
189 238
148 280
107 342
1321 1
1362 2
149 285
108 340
4245 1
1322 1
1363 2
109 326
1679 1
1323 1
1638 1
1324 1
1365 2
1639 1
1325 2
4249 1
1326 1
1368 1
1328 2
1369 2
2980 1
2901 1
2671 1
5555 1
2948 1
2675 1
5283 1
5202 1
2909 1
2677 1
2050 1
2051 1
2092 1
5207 1
2093 1
2094 1
2054 1
2013 1
2328 1
2015 1
2056 2
2097 2
2017 1
2099 1
3943 1
3670 1
3906 1
3673 1
3989 1
3361 1
3678 1
3325 1
3367 1
3013 1
3014 1
3055 1
880 4
840 15
881 9
882 7
841 10
800 18
842 10
883 7
801 12
802 13
884 12
843 11
844 9
885 10
803 19
570 68
804 22
845 6
571 61
886 9
530 81
4900 2
805 20
846 14
572 83
531 93
887 8
888 5
806 15
847 12
573 72
532 84
807 7
889 4
848 10
533 87
574 62
808 18
575 63
849 12
260 191
534 82
535 75
220 213
809 12
576 68
261 190
577 50
221 196
262 192
536 84
1791 1
578 79
263 213
537 94
222 203
1792 1
1751 2
579 69
538 74
264 187
223 209
1711 2
539 81
265 201
224 218
1753 1
4320 1
266 195
225 197
1480 2
4321 1
1754 1
226 227
267 166
4363 1
1440 1
268 178
227 194
1481 1
1441 1
1400 1
4679 1
1715 1
1756 1
269 187
228 207
1401 1
1716 1
1483 1
229 198
1717 1
1443 2
1444 2
1403 1
1485 1
1170 4
1404 1
4368 1
1171 3
1445 2
1130 2
1446 1
1172 2
1131 3
1173 1
1132 3
1488 1
1447 1
4097 1
4015 1
1133 2
1174 4
4016 1
1175 1
1449 1
1408 1
1134 3
1176 3
1135 4
1177 1
1136 1
1178 7
1179 5
1138 5
1139 4
5634 1
2794 1
5320 1
2713 1
5363 1
2482 1
2797 1
1090 5
1050 4
1091 3
5092 1
1051 3
1010 3
1092 1
2759 1
1093 2
5093 1
1011 6
1052 5
1053 2
2171 1
1012 4
2130 2
2445 1
2131 1
1095 1
1013 5
1054 5
2172 1
2405 1
1055 1
1014 3
1096 6
2448 1
1015 2
1056 4
1097 8
2175 1
1098 3
1016 5
1057 7
1017 4
1099 6
1058 4
1018 1
2136 1
5059 1
1019 2
2179 1
2139 1
3750 1
3400 1
3444 1
3403 1
3486 1
3488 1
3133 1
6098 1
3449 1
960 4
961 8
920 5
921 6
962 9
922 3
963 7
964 12
923 5
690 37
965 7
924 7
691 27
650 45
925 10
651 32
692 53
610 54
966 10
967 3
652 42
611 55
693 25
926 8
927 7
968 4
694 28
612 56
653 41
4790 1
969 4
654 34
928 6
613 46
695 26
380 143
929 5
655 45
696 31
381 135
614 66
340 159
656 55
382 154
615 59
341 160
697 31
300 169
616 56
657 33
383 138
698 34
342 159
301 178
617 55
658 45
699 38
343 159
302 172
384 163
1872 1
4795 1
1831 1
659 36
618 48
303 178
385 157
344 170
4481 2
619 60
386 154
304 185
345 166
4482 1
346 158
305 183
387 164
1875 2
1834 1
347 148
306 167
388 141
4443 1
4799 1
1835 1
389 143
348 153
307 142
4485 1
1521 1
349 148
308 195
1563 1
309 169
1290 2
1565 1
8447 1
1291 4
1292 1
4448 1
1525 1
8448 1
1210 3
1567 1
1293 2
1211 2
1252 4
1527 1
1294 2
1212 1
1213 3
1254 3
1295 1
1529 2
1214 3
1297 2
1256 1
1216 1
1257 4
1298 1
1217 2
1299 2
1258 3
1218 1
1219 1
5792 1
2832 1
2874 1
2560 1
2563 1
2878 1
2837 1
2290 1
5172 1
5132 1
2524 1
2291 1
2250 1
2525 1
2252 1
2568 1
2213 1
2297 1
3561 1
3878 1
3524 1
3210 1
3211 1
3298 1
3217 1
770 13
771 10
730 28
772 18
731 20
70 234
773 22
732 22
71 225
733 24
72 251
774 18
734 32
775 13
73 251
460 148
735 14
420 131
776 22
74 224
461 124
777 19
736 21
75 284
462 127
421 111
4873 1
1950 1
737 28
778 14
463 117
76 287
422 149
1992 2
4874 1
738 18
779 17
1910 2
464 119
190 240
77 241
423 148
4560 1
37 1
424 133
739 20
465 104
78 294
191 231
150 278
1912 1
4520 2
466 113
425 133
79 283
192 206
151 303
110 362
1913 1
426 118
467 118
193 251
152 248
111 302
4563 1
427 132
468 120
194 195
153 310
112 308
1956 1
1600 1
469 115
428 156
195 218
154 285
113 348
8524 1
1957 1
1601 1
1998 1
1683 2
1916 1
155 259
196 198
429 107
114 343
1999 1
197 252
156 249
115 328
4211 1
1918 1
1959 1
1370 2
4293 1
116 337
198 223
157 260
1371 1
1604 1
8527 1
1330 1
4294 1
199 198
158 254
117 322
1687 1
1646 1
1372 2
159 276
118 343
1688 1
1332 1
1373 1
1606 1
119 293
1689 1
1333 2
1374 3
1648 1
1334 2
1608 1
1375 1
4258 1
1335 2
1376 1
1377 1
1336 2
1337 1
1338 3
1379 2
1339 2
2953 1
5563 1
5290 1
2601 1
2602 1
5528 1
2688 1
2332 1
2061 1
5258 1
2062 1
5259 1
2063 2
2064 1
2069 1
3911 1
7915 1
3684 1
3686 1
3646 2
3372 1
3688 1
3333 1
3060 1
3061 1
3063 1
3378 1
3026 1
890 8
850 9
891 7
3069 1
851 11
810 12
892 9
893 11
811 11
852 11
894 14
812 17
853 8
895 7
854 15
813 17
580 69
814 13
896 7
540 75
855 9
581 79
897 11
856 10
541 79
815 17
582 64
500 94
4911 1
898 6
857 5
816 13
583 50
542 81
501 107
858 15
899 8
817 14
502 93
543 93
584 73
818 15
544 69
585 44
859 10
270 159
503 90
819 12
586 78
271 201
504 91
545 80
230 206
587 65
272 192
546 88
505 99
231 185
588 58
547 85
273 201
506 93
232 206
1720 1
589 77
548 73
274 170
233 215
507 89
4685 1
508 94
549 77
275 177
234 212
1722 1
235 199
276 206
509 95
4646 1
4687 1
277 220
236 219
278 186
237 190
1492 1
1410 3
279 197
238 185
1411 1
1493 1
239 208
1494 1
4061 1
1453 1
1769 1
1180 1
1181 3
1140 4
1414 1
1497 1
1141 3
1182 3
1100 3
4065 1
1457 1
1498 1
1142 5
1101 2
1183 2
1143 1
1417 1
1499 1
1184 5
1102 2
1458 2
1418 1
1459 1
1185 1
1103 3
1144 3
1419 1
1145 1
1104 3
1146 9
1187 5
1105 5
1106 2
1147 3
1188 3
1107 1
1189 4
1148 9
1108 3
1149 2
1109 5
2760 1
2761 1
5685 1
1060 4
5335 1
5061 1
1020 2
1061 7
2728 1
1021 4
5336 1
1062 9
2181 1
1063 5
1022 3
1023 1
5064 1
1064 5
1065 1
1024 7
1025 6
1066 8
1026 2
2103 2
1067 7
1068 1
1027 3
2105 1
1028 2
5028 1
1069 1
1029 7
2149 1
2109 1
3764 1
3724 1
3725 1
3493 1
3494 1
3180 1
3456 1
3415 1
3141 1
3457 1
3498 1
3459 1
3144 1
3419 1
3148 1
971 5
930 7
972 6
931 7
932 10
973 6
933 7
974 7
975 6
934 10
660 42
976 5
935 6
661 49
620 63
936 4
621 54
977 3
662 44
978 6
937 6
663 26
622 46
979 2
623 39
938 4
390 131
664 33
939 2
350 164
624 52
665 41
391 144
666 42
625 53
310 182
351 157
392 130
4721 1
626 41
667 35
393 129
352 177
311 177
1881 1
627 51
668 39
394 153
353 160
312 191
1841 1
1882 1
628 66
395 124
354 153
669 41
313 179
1883 1
355 155
396 135
629 46
314 152
1802 2
315 183
397 132
356 176
316 187
357 152
398 137
8494 2
4412 1
317 145
399 135
358 164
1845 1
1846 1
1887 1
4495 1
359 160
318 155
4414 1
319 205
1574 1
1848 1
1849 1
1260 4
1220 2
1221 2
1536 1
1262 1
1577 1
4419 1
1263 1
1578 1
1222 4
1223 2
1538 1
1264 1
1224 3
1265 2
1266 1
1225 2
1267 1
1268 2
1269 2
1228 4
1229 3
5765 1
5725 1
2844 1
2803 1
5140 1
2573 1
5141 1
5497 1
5457 1
5101 1
2849 2
5143 1
2261 1
2536 1
2537 1
5146 1
2265 1
