936 4857
1681 3471
1557 4674
802 4038
2054 4726
1025 4255
125 4035
326 4156
3241 4762
710 3702
122 4674
2206 4040
2745 3547
668 4130
2800 4801
904 4818
98 4573
159 4557
372 4096
1131 4058
866 3766
288 4661
437 4790
3213 3628
400 4697
134 4785
553 4305
234 4275
819 4466
127 4228
512 4129
124 4204
84 4744
1483 4776
386 4371
334 4085
1370 4276
405 4652
415 3563
510 4032
4297 4155
3655 4783
3941 4126
4439 4173
1298 3789
189 4664
234 3655
731 4653
363 4468
831 3102
314 3958
295 4628
514 4488
4243 4661
904 4051
440 4778
257 3794
3210 3101
402 4848
291 3526
516 4106
811 2963
1501 4261
429 4271
844 4168
538 4643
3532 4773
1113 3892
521 4822
1521 4172
8491 4204
613 4193
1295 4695
309 4608
385 4722
482 4611
591 4242
622 4682
931 4861
807 3944
3182 4454
319 4104
517 4345
1153 3431
102 3490
2182 4545
327 3209
356 4829
618 4770
211 3050
3383 4914
700 4403
273 4213
399 4497
667 4794
863 4225
175 3476
630 3716
317 2767
973 4694
687 4189
373 4737
384 4102
114 3539
462 3773
590 3734
643 4163
722 4647
1621 4371
129 3618
805 4533
2932 4781
388 4583
639 4058
8546 4817
277 2904
934 4578
788 4172
877 4090
399 4643
3673 4633
1132 4206
190 4717
487 4161
927 4179
1471 4042
4106 3538
353 4084
534 4889
736 4739
174 3705
414 4788
764 3951
134 4687
1016 4609
361 3911
2117 3539
655 4203
325 4197
326 3564
266 4674
125 4638
2172 4762
152 4444
1625 4113
642 4741
1012 4580
1406 4262
654 4063
265 4033
102 4046
101 4599
155 4108
1032 4705
1223 4119
714 4722
235 3992
470 4071
221 4250
275 4138
301 4242
696 4092
609 4026
268 4708
574 4690
768 3650
279 3842
244 4857
402 4213
785 4640
736 4729
224 4050
703 3001
650 3390
1902 3315
1209 4741
213 2128
1285 3495
680 3504
1884 4056
968 3416
813 4207
479 4079
169 2368
1128 4869
1600 4148
2786 4146
900 4128
888 4108
1316 2407
383 4793
899 4051
8566 4273
2092 4252
277 4294
749 4839
361 4080
303 3737
1206 3778
156 4712
681 4041
375 4264
648 3431
648 4704
1320 2166
1244 609
1044 4699
602 3749
531 4728
405 4660
522 4721
1308 4773
2839 4585
950 4134
954 4605
1140 4103
3007 4793
5478 4369
1191 4735
1148 4854
493 4151
5561 4600
5303 4142
208 2688
884 4104
1087 4754
134 3467
329 4163
85 4248
277 4135
238 4662
1269 4663
452 4287
1778 4323
93 4553
415 4169
214 4558
727 3608
838 4229
332 3595
5202 4863
1301 4248
642 4184
201 4761
367 3053
748 3502
3012 4166
916 4356
1492 4027
3218 4801
2690 4893
2028 4182
277 2883
2357 4229
1381 3663
3718 4720
738 4307
195 4274
559 4816
1625 4159
3126 4370
85 4137
486 4758
3966 4249
1110 4189
8525 4899
299 5436
930 4251
277 3906
123 4357
3077 4606
2647 4212
2321 4243
613 4810
685 4189
723 4119
2718 4674
711 1777
776 4731
461 1756
353 4180
1146 4189
523 3668
744 3504
337 3691
128 4358
2853 4806
1114 3951
808 4219
597 4759
2525 5286
486 4039
522 4773
731 4513
1442 4652
123 4702
558 4669
151 4564
692 4227
777 4177
1380 4171
8288 4305
475 4198
301 2947
218 4089
338 4756
1137 4064
704 4071
99 2910
429 3489
280 4076
1026 4678
549 4622
1166 4178
517 4727
2838 4730
1003 4209
1037 4006
818 4078
469 4142
3586 4776
280 3844
146 4686
5642 3873
92 3999
85 4419
2140 4063
550 4276
1916 4605
1637 4795
492 4525
416 4093
597 4022
630 3542
1657 4217
2676 4475
114 4634
102 4777
1286 4117
394 4562
830 3027
778 4714
4544 4949
1920 4052
1423 4124
906 4753
1028 4474
113 4566
316 4477
399 3903
317 4325
574 4722
820 4641
804 4477
438 4139
411 3914
506 3653
475 3991
254 3533
1166 3341
2557 4608
7706 4813
536 4236
548 2461
960 4250
1532 4745
828 3401
524 4271
653 4551
158 4169
176 2894
540 4036
612 4156
1991 3726
221 4015
3889 4765
756 4470
929 3986
1646 4018
2378 4726
76 4780
1042 4562
601 3494
139 4678
1204 4528
187 4209
976 4535
90 3638
725 4320
718 4172
475 4701
2015 4145
542 3508
825 3580
356 4553
520 4647
312 4763
209 4153
2016 4176
167 4770
301 4554
5295 4337
1370 4790
2684 4266
1172 3366
350 4680
294 4069
2898 4770
398 4774
1940 4936
723 4059
771 4688
1114 4666
269 4076
665 3120
207 4161
3415 4077
85 4099
481 2960
185 4713
960 4267
5569 4258
1735 4229
245 4057
405 4325
1361 2376
3118 4863
924 4688
611 4055
1944 4734
1200 4286
700 4220
671 4794
483 3373
173 2993
2531 3197
8534 4842
187 4146
2522 3659
716 2947
397 4777
147 4184
903 3927
380 4586
2726 4791
458 4744
1349 4128
1293 4776
1513 3367
103 4129
582 4949
812 4193
1300 4846
498 4566
292 3656
1263 4217
2652 3272
385 4109
2562 4250
126 4127
270 3602
4578 4810
856 4681
246 4171
1180 4540
3306 4758
758 4138
2672 4212
240 4358
401 4610
260 2350
3254 4341
936 3986
2277 4092
586 4221
2343 4742
162 3054
624 3671
2855 4844
4166 4197
339 4177
311 4692
2580 4155
889 4188
835 4211
456 4891
361 4146
1435 2886
123 3545
176 4186
127 4211
2880 4122
382 4154
465 4141
3502 4561
2666 4636
5573 4815
1679 4750
729 3531
538 4232
850 4592
1966 4120
1241 3908
1123 3612
4181 4771
1756 4225
281 589
1728 4142
607 4738
242 2490
358 4704
2196 3655
4935 4234
247 4097
283 4650
273 4059
8510 4641
319 4658
466 4207
133 4740
1702 4597
623 2750
1621 3680
204 4807
90 2447
606 4289
1900 4158
1748 4792
310 4184
619 4188
122 4156
1304 3821
438 3528
381 4860
588 4692
3568 4156
1005 4276
3754 4119
298 3539
356 4271
1729 4191
173 2048
304 4229
1464 4328
602 4746
551 4893
1148 4734
1651 4602
567 4252
1475 4892
285 4159
3971 4656
120 4725
1313 4512
205 3588
623 3363
1209 4746
500 3949
380 4590
1935 4279
677 2868
483 4205
487 4206
1121 4493
616 4688
633 4015
682 4411
732 4596
330 4283
1319 4266
389 4707
930 4682
110 3544
2027 4749
3809 4060
259 2402
766 4683
691 4779
523 4710
706 4122
127 3261
1181 4861
252 4008
8566 5035
453 4068
197 4662
490 4698
478 4144
439 4144
95 4730
500 4505
161 3954
140 4246
1039 4217
185 4520
1945 4165
622 3056
299 4805
2259 4175
233 4069
945 4209
871 4729
1670 4241
579 4212
81 4187
2084 4748
934 4744
202 4620
440 4301
3096 4743
408 4784
919 4714
739 4556
242 3465
576 3621
324 4107
1394 4820
314 2983
638 4133
737 4216
1145 4672
775 4803
394 4247
67 4721
321 4092
1400 4704
515 4116
404 4105
2860 4874
396 4102
2273 4776
2921 4149
3667 4792
421 4422
983 4611
173 4101
4168 4626
230 2455
168 4773
3176 4749
206 2883
77 4535
898 4209
1277 3731
760 4790
541 4180
91 4724
210 4164
487 4415
1484 4672
105 5120
1086 2061
8577 4795
2895 4811
3290 3065
365 4621
728 4681
599 3737
112 4663
81 4131
5522 4911
1145 4236
1195 4599
190 3696
882 4735
425 487
580 4072
115 1783
293 4260
2931 4196
780 3623
2138 4206
1983 3526
143 4723
2245 4142
382 4128
386 4806
1866 4771
1076 3986
532 4476
128 4644
259 4174
627 4959
426 3544
61 4201
8559 4803
3565 4787
721 4123
2697 4775
3194 4745
4429 4591
965 4116
5863 4679
295 4083
582 4152
156 4548
93 4056
3154 4790
377 2379
481 2446
645 4617
2255 4346
865 4744
2409 4790
381 3209
751 4596
629 4154
61 4676
459 4202
70 4092
222 4862
995 3574
1239 4780
176 4772
738 4080
687 4213
417 4521
115 3542
263 4690
83 4656
261 4461
483 4193
476 4182
1333 4867
95 4145
86 4644
590 4642
2336 4754
5195 4915
348 4716
659 4216
243 4685
288 4811
643 4264
73 4119
131 4113
3504 4944
2366 3684
845 3634
2344 4819
509 4690
245 3604
381 3602
859 4509
1317 4729
2941 4775
91 3645
66 4628
290 4674
1859 4223
99 3535
1093 4212
151 4600
125 4593
1035 4049
139 4299
386 4055
901 4158
161 3612
3749 4813
340 4061
842 4728
495 4650
1964 4675
597 4456
4526 4770
603 3706
346 4690
179 3601
2215 4577
6647 4996
3756 3530
112 3641
416 4506
749 4137
107 4126
5414 4407
2309 4696
703 4657
359 4125
997 4173
1670 4798
981 3560
207 3695
678 4520
178 4752
1631 4164
743 4705
1309 3687
2897 3707
1251 4777
237 4735
63 4389
177 4803
3227 4533
3143 4658
77 4594
235 4645
88 3612
534 4240
175 4040
1263 4399
760 4622
217 3550
2112 4290
416 4091
97 4453
4744 4731
72 4163
933 4546
459 4385
456 4655
744 3981
971 4746
442 4706
517 3572
343 4345
384 4773
784 4361
1674 2156
121 4254
847 4065
478 4792
3579 4825
1556 4213
1575 4091
239 3000
156 3980
1456 4021
462 4296
1130 4236
144 3484
145 4125
197 4096
992 4678
944 4202
1205 4741
262 4292
115 2890
1438 3562
1727 4239
870 4657
82 4223
1651 4755
2600 4762
645 4376
3766 4228
448 4183
728 4204
272 3760
190 4021
299 4065
1685 4766
3039 4024
776 4322
679 2282
1092 4671
184 4292
1433 4894
357 4763
982 3545
2053 4596
594 4754
154 4516
249 3549
564 4432
797 4720
139 3983
589 4661
885 4125
1179 4729
124 4643
463 4166
1058 4109
430 4943
279 4158
293 3415
601 4690
262 2310
385 4738
769 4768
655 3917
227 4094
1621 4083
107 4630
346 4701
280 4776
1190 4847
520 3553
571 4647
343 4761
118 4282
3257 4496
776 4124
493 4087
1138 4750
579 4166
2985 4074
110 4142
2390 4327
420 4331
984 4959
414 4067
248 4098
1031 4696
528 3686
649 4788
144 4467
1017 4102
2775 3069
1178 3057
836 4315
148 4072
132 3886
894 4712
187 4185
201 4007
252 4316
465 4147
264 4176
88 4667
954 4710
275 4168
274 4769
1740 4140
1198 4177
351 4267
322 4233
579 4731
1619 4134
980 4169
2502 4136
3398 3500
6341 4177
135 4078
3305 4075
418 4152
140 4102
812 3414
720 4496
584 4109
879 4102
3849 3012
306 4123
686 4000
1314 4879
295 3541
974 4746
663 4012
2057 4355
102 4757
324 4075
231 4103
608 4714
1362 4607
755 3456
1148 4783
3587 4734
987 3579
191 4156
112 3510
846 3578
239 4547
330 3524
1981 4460
2260 4316
7976 3659
111 4708
3663 4162
347 4714
2932 4223
2240 4375
149 4150
1226 4019
829 4303
1016 4861
287 3293
1058 4872
524 4731
1184 4240
1049 4191
57 2377
477 4618
2725 4140
924 4785
154 4082
75 4493
279 4590
2226 3618
345 4762
404 4058
555 3574
621 2540
457 4199
653 4166
1819 4786
288 2982
85 4595
1043 4758
261 3846
597 4855
5884 4303
612 4746
1672 3223
229 4822
1082 4324
195 4714
374 3646
318 3521
1063 3591
352 4238
503 3008
309 4974
472 4806
699 4049
289 599
898 4747
622 3607
273 4229
507 3608
2330 4129
3229 4479
597 4711
4372 4181
1147 4049
1792 4316
615 4267
2981 4939
3393 3432
895 4769
1402 4826
100 3081
483 4788
321 4834
159 3548
404 4709
2182 3333
3330 4933
336 4719
332 4592
100 4701
349 3632
1160 4781
281 4342
4673 4643
183 4259
611 4789
218 3593
656 4173
1065 4673
1940 4991
87 4675
90 4634
925 3540
633 4754
597 4560
5939 4298
1172 4211
1228 4260
2008 4517
535 4674
133 4531
709 2022
142 3039
679 3308
649 4175
302 4132
607 4540
1153 4742
3789 4243
531 3903
1725 4776
209 4025
308 4140
2345 3724
468 3509
954 4642
1255 1845
1596 4179
1198 4198
935 4138
502 4568
174 3390
367 4017
222 4174
1715 4781
78 4728
2017 4181
588 4138
1513 3125
352 4024
1981 3115
145 4018
987 4727
3356 4234
860 4166
447 4773
2920 4172
421 4195
341 4099
2450 4711
265 3490
1033 3781
749 4667
783 4161
69 3432
1059 4139
590 4144
450 4637
1158 4159
1832 4757
126 4002
293 3867
361 4007
103 4743
845 2305
4257 4229
723 3559
498 3678
79 4304
505 4815
1086 1782
204 4837
413 3501
939 4544
436 4190
8433 4306
392 4537
737 4708
846 4926
5789 4977
504 4151
714 4276
8246 4554
1024 4107
690 4661
825 4589
280 4861
1593 4665
757 4653
849 4553
83 2477
5212 4881
202 3426
760 4212
360 4405
157 4687
186 4447
548 3897
144 4648
1174 4097
80 3577
327 3657
2582 4125
160 4198
887 4730
611 4063
98 4302
840 3548
279 4646
132 2456
733 4108
604 4795
646 4555
101 4120
360 4195
4500 4358
91 3988
154 4659
477 4270
433 4092
454 4487
926 3754
263 4809
76 4789
2374 4757
2235 2445
1159 5253
1678 4754
2295 4341
454 4496
6836 4233
565 3584
3849 4835
332 3524
2819 4080
2735 4355
1089 4258
543 4143
136 3524
2269 4222
153 3309
8115 4886
257 4021
141 4118
577 4674
142 3001
261 4784
1142 4219
486 4479
942 4139
1807 4106
135 4167
200 4060
832 4085
764 4109
280 4769
1242 4787
181 3491
1635 3857
1306 3898
434 4562
64 4693
3947 4234
1101 4794
483 4347
128 4142
1648 4713
131 2875
78 4752
304 2414
823 2976
78 4074
615 4771
791 4106
249 3762
5350 4076
322 4671
1154 4717
1219 4873
769 4071
307 4266
606 4754
2581 4418
593 4097
110 2965
916 4736
489 3475
93 4581
598 4164
525 3459
1759 4561
493 4762
4864 4718
135 4187
878 4748
389 580
754 4242
229 4337
497 2901
497 4162
870 4165
2395 3045
960 4812
232 4898
1499 4495
560 4722
77 3611
1189 4142
586 4622
8491 4312
724 2954
314 3715
114 3054
435 4110
101 4491
749 4579
661 4177
1458 4716
300 4502
816 4302
98 4096
2840 513
584 3683
345 4412
613 4229
138 4466
640 4270
587 4425
157 4075
3833 4996
449 4187
1832 4200
803 3566
216 4062
429 4230
121 4729
668 4764
851 3858
462 4780
3803 4808
1413 3582
736 3688
2764 3020
798 4460
752 4196
550 4755
850 4751
4763 4445
98 4149
386 3609
365 4156
3180 4474
1321 4158
79 4799
755 3862
475 4273
525 3525
612 4255
83 4584
612 3443
294 3724
1362 4165
4094 4589
1949 4246
623 4507
113 3573
2448 4202
163 4754
5536 4142
302 5012
3250 4773
597 4257
439 4758
2830 4224
314 4000
545 3089
2686 4673
2928 4911
423 4764
3521 4824
653 4782
2824 4691
779 3471
293 4175
71 4024
2905 4833
126 4002
484 4526
1754 4500
415 4115
8513 4598
1852 4119
153 4447
1638 3022
493 4768
2061 4233
740 3576
643 4808
2421 4150
2125 4817
4521 4832
160 840
1393 4170
1964 4811
1041 4619
376 4785
4517 4588
223 3865
2316 3667
193 4434
419 4339
285 4754
7854 4189
702 4725
228 4076
127 4201
523 4357
4241 4201
238 4251
251 4721
1320 4717
1204 4497
451 4807
611 4453
577 4317
412 4185
341 4081
3625 4604
323 4309
5090 4800
1081 4783
925 4282
966 4673
3400 4207
87 4222
1395 4181
2801 4758
659 3038
1170 4016
2029 3814
1021 4515
136 4786
5361 4831
612 4779
388 4711
147 3560
432 4548
184 4686
332 2927
577 4604
465 4541
274 3896
691 3585
224 3345
562 4759
8567 4376
329 3210
397 4362
552 4083
645 4187
881 4869
1443 4320
570 3650
2886 4774
2119 4216
200 4606
3768 4731
1910 3608
285 4053
425 4279
587 3924
156 3644
226 3443
145 4767
409 4371
1329 4031
3095 3014
1173 4146
238 2457
401 4512
1253 4203
616 4632
995 4840
230 4378
1744 4226
5178 4238
802 3826
394 3609
2963 4266
4512 4708
351 4719
976 4780
840 4527
940 4711
321 4581
66 1811
1829 4752
1242 4677
188 4655
2233 4128
1596 4242
1122 3561
352 4772
667 4212
1888 4198
904 4536
1778 4012
293 4030
1308 4278
496 4223
5394 4738
220 4673
727 3564
877 4189
578 4702
644 4225
1504 4135
99 4115
221 4308
5683 4331
2064 4825
325 4579
692 4526
1455 4608
398 2633
371 4563
1141 3634
893 4143
727 3920
176 3776
275 3187
306 4386
4715 4186
535 4219
183 3893
929 4079
1304 4050
241 4053
220 4659
965 4874
3478 4094
1417 4143
322 3587
592 4891
2673 4094
1258 4766
733 2233
1090 4752
397 4667
973 4133
170 4139
281 4215
4192 4779
145 3989
475 4679
2177 4362
2828 4682
1544 4809
1129 4763
570 4737
457 3664
1086 3531
307 3195
1042 3853
2793 3903
1054 4126
89 4203
1875 4345
2839 4303
278 4171
413 4184
1955 4700
1196 4761
1874 4741
1423 3684
2399 4765
293 3665
2741 4809
302 4202
625 3753
458 4770
1141 4086
926 4728
271 4804
962 3642
274 4421
576 4370
382 4062
8436 4367
635 3461
763 4387
1738 4100
668 4223
915 3375
999 4779
300 4243
1707 4740
2433 4564
918 2410
542 4794
170 4701
616 2980
1790 4304
1071 4167
354 3876
449 4220
665 4092
263 4095
901 4073
1041 4689
178 3533
3715 4349
5494 4241
1220 4791
181 4788
1379 4655
103 4635
609 4828
1187 4057
343 3576
114 4694
346 3664
2174 4796
401 4159
1859 4270
780 4776
2282 4281
1646 4822
2686 4158
96 3563
915 4185
1298 4800
1051 4190
369 4256
3946 4198
282 3927
133 4471
339 4717
344 4129
3035 4757
1241 4669
1207 4675
799 4884
561 4369
483 3563
146 4763
291 4219
1176 4769
1717 4451
616 4721
2391 4670
248 3576
456 3704
5928 4056
581 4635
2657 4792
312 4192
952 4888
518 4003
2086 4114
1496 3926
1644 4205
664 4271
489 4696
4115 4675
124 4817
636 2768
169 4803
3140 4228
1199 4366
391 4339
3275 4791
1534 4121
215 4249
1319 4136
345 4206
5768 4563
377 4203
387 4183
109 3981
1694 4885
869 4529
369 2893
975 3633
327 4735
1008 4834
2557 4776
664 4744
3439 4753
4013 4155
1825 4364
2293 2380
1844 4662
4071 4474
1091 4411
532 2235
76 4727
660 4146
448 4136
109 3540
3210 4574
2460 4611
76 4149
2242 4454
614 4669
492 4084
240 4112
8568 3966
389 3600
81 3988
321 4328
505 2567
412 4123
110 4304
58 4557
969 4183
3646 4673
929 3728
105 4790
2010 4811
2801 4649
1284 3033
632 4295
432 4195
1342 4496
327 4782
2161 4154
195 4186
290 3776
483 4196
159 4680
98 4735
119 2364
201 3737
149 4113
77 3584
88 4755
255 3483
1558 4159
888 4746
2221 5138
4448 4190
1461 4172
691 4758
5176 4856
1236 4851
193 4048
1168 4178
606 4050
127 4118
1202 3652
268 4890
834 4662
8474 4458
635 4635
227 4033
80 4560
638 4413
3886 4089
338 4717
398 3519
8583 5043
719 4138
1118 4130
532 4470
881 4737
117 4061
778 3459
1287 4248
994 3639
508 4710
150 4227
2176 4640
1073 4839
4294 4724
362 4161
3674 4995
982 3752
1594 4128
2208 4623
162 4091
212 4786
131 4146
552 4400
274 3546
133 4206
322 3029
103 4607
690 4108
530 4737
2192 4116
214 3467
3726 4666
1670 4675
108 4414
702 4739
319 4179
375 3482
1002 4610
692 4350
89 4485
407 2848
174 4376
4873 4789
155 4082
809 4083
1796 4834
1369 4365
615 4727
5584 4117
111 3679
227 4783
1166 4808
1981 4264
78 4145
1188 4130
2397 4333
426 4538
1848 4827
2601 4833
1842 4771
411 4725
148 4830
809 4626
1402 4667
119 4618
146 4382
490 2369
1694 3662
1806 4175
709 3440
505 4309
1756 3618
177 4827
3833 4402
3600 4253
253 4575
1311 4737
612 4090
945 4055
2558 4293
144 4210
2915 4119
361 4494
185 4539
1528 4607
175 3086
1425 4196
1957 4582
229 4810
687 3617
3430 4238
462 4108
282 4866
290 4150
1025 4086
886 3737
1767 3728
774 4376
450 4207
649 4046
342 4595
103 5077
601 3878
344 4721
951 4964
348 4750
1589 4096
189 4378
427 4683
1038 3104
556 4180
8569 4734
850 4712
767 2935
1681 4183
550 3578
3255 4083
2784 4806
8546 4908
1267 2911
1230 4741
317 3641
2674 4567
114 4487
1489 4261
1675 4713
539 4735
120 4665
393 4794
497 4693
296 3399
188 4064
75 4003
371 4631
2282 4332
235 4152
398 4092
90 4072
1230 4587
1179 4152
641 4113
636 3999
977 4742
503 4528
548 4912
1117 4139
4206 4454
367 4150
762 2983
2684 4774
2048 4156
812 4801
564 4189
679 4144
647 4291
868 4110
1529 4129
547 2358
399 4311
773 4422
2716 3952
308 4284
1317 4081
432 3734
583 4544
1699 3483
368 4232
188 4934
1754 4256
3458 4725
2984 4575
578 4311
806 4611
262 4184
140 4306
274 4079
1277 3599
518 4833
81 4496
499 4237
219 4144
83 2249
1525 4111
791 4155
159 4506
1515 4092
643 4801
848 4215
458 3626
215 1970
539 4692
832 4148
664 4070
400 3642
1259 3786
429 4832
208 3606
6137 4681
2955 3995
998 4305
1448 4151
91 4596
791 2317
362 4203
648 4758
97 4788
184 4764
752 4786
1569 4440
408 4375
1773 4810
562 4713
806 4613
920 2319
1706 4502
847 4654
3486 2464
2174 4145
500 4739
206 4585
887 4126
435 4124
203 4803
981 4753
2131 4200
506 4536
562 4897
115 4584
468 4234
3435 4158
3225 4261
598 4202
671 3584
533 3725
502 4297
1665 4224
172 4126
113 4664
393 4174
2743 4140
289 2991
799 4559
213 4164
594 4628
1079 3562
2276 4450
333 4616
1964 4574
440 4489
415 3593
707 5138
553 4657
495 4249
388 4399
401 2989
340 4707
8540 4592
265 4738
2407 4814
357 3537
477 3055
1446 3064
488 3408
398 3533
4523 3066
156 4557
362 3597
149 4139
3674 4793
163 4126
320 4784
2513 4774
1178 4156
210 3045
587 4121
121 4402
1191 4227
451 4750
1085 4384
331 2886
963 4726
1051 4599
99 4541
1268 4746
536 3574
3141 4588
684 4742
4344 4766
1468 4170
1131 4766
626 4543
4159 3942
414 4750
110 4080
1440 4347
194 4572
459 4207
2162 4789
642 4137
269 4186
1969 3293
2592 4711
731 3958
586 4816
1652 4708
610 3614
644 3406
2208 4515
1351 4739
1708 2927
123 4690
1325 3977
4842 4164
2232 4170
8562 4966
5336 4916
821 4107
193 4199
91 4784
360 4190
123 4137
105 1872
142 4044
1300 4094
8552 4706
1449 2936
325 4111
1325 4280
2644 4184
1487 3473
4459 4289
542 4180
4923 4152
2184 3685
199 4775
444 4219
223 4400
298 4311
395 4723
8492 4305
586 4137
187 3900
838 4347
282 4037
137 4387
1922 3451
507 4224
514 4107
1945 4261
186 3725
705 4497
418 4670
240 4221
2451 4106
398 4060
2695 4079
453 4101
1733 3331
339 4209
1079 4794
759 4195
147 4046
1234 4332
790 3135
353 3280
377 3562
794 4671
1118 4794
187 3555
69 4489
8116 4906
3249 4548
721 4724
283 4243
3030 4090
2158 3470
98 4168
613 4614
863 4716
686 4238
474 4666
698 4372
357 4816
2150 2416
258 4621
662 4620
171 4462
415 3594
274 4201
773 4108
1181 4173
3293 3454
881 4748
164 3614
421 4599
562 4143
391 4090
219 4770
4551 4800
202 4510
117 4144
1356 4702
1428 3184
8203 4203
308 4125
588 4181
106 4051
229 4799
2216 4778
229 4136
113 4092
1431 4285
358 3977
471 4753
862 3859
95 1164
478 4755
788 4264
1620 4078
2175 4291
390 4824
278 4268
788 4094
3066 4759
914 4121
318 4265
368 2885
1386 4382
166 4605
523 4767
107 5091
123 4557
882 3585
157 4334
1334 4761
4428 4646
1027 4792
453 4474
62 4052
655 4742
362 4268
305 2338
283 4771
448 4833
379 4703
1047 4209
1724 4147
478 3524
408 4794
2510 3688
531 4526
789 4424
201 4204
1956 4718
1857 4686
451 4841
1401 4231
1779 4171
319 4414
2646 4339
290 4092
2829 4744
423 4764
693 4651
1421 4112
381 4141
643 4208
429 4722
4848 4865
2135 4833
183 3623
478 2334
287 3538
534 4680
677 4672
934 4418
1241 4602
5143 4241
149 4399
329 4119
413 4736
1813 2739
107 3681
933 3737
292 3943
652 4683
1146 4802
201 4249
412 4501
1185 4576
438 4319
986 4776
3007 4174
983 3728
1221 4082
353 4200
862 4686
1175 4109
130 4744
463 3482
364 4230
1983 3085
732 4200
503 4731
751 4289
133 4414
1955 4215
725 4775
302 4731
1164 4813
171 4740
557 3729
1269 3011
2319 4216
1195 4736
63 4122
751 4819
2550 4803
3345 4184
743 4702
292 4160
761 4510
2239 4268
644 4765
761 4684
3756 4373
283 4133
217 4430
1702 4118
3159 3676
201 4164
783 4148
769 4854
584 4171
657 2103
586 3416
383 4076
442 4570
2020 4209
1753 3872
1116 4202
2712 4685
159 4344
418 4201
156 4130
2472 4497
233 4748
125 4150
846 4633
113 4576
280 4840
403 4149
571 4091
546 4130
3412 4511
225 4136
496 3543
3346 4775
828 3575
1755 4324
4757 4536
381 4140
404 3610
162 4146
111 4002
147 4165
758 4288
810 4746
253 3385
415 4042
100 4608
1173 4429
285 4079
279 4061
1173 4709
979 2672
630 4593
4901 4337
363 3540
504 3019
4350 4159
729 3992
217 4094
403 2388
826 4868
441 3525
262 2446
793 4799
337 4625
2027 3025
562 4838
357 3382
608 1933
447 3674
8493 3765
191 4698
489 4808
537 4770
528 4724
195 4597
1778 4200
625 3118
427 4741
457 4134
1228 4681
329 4476
1350 4716
704 3549
439 4389
181 3598
161 4108
517 4270
837 3994
919 4307
1266 4644
234 3782
472 4174
140 2387
225 3088
211 4566
200 4637
5612 4088
1092 3576
240 2303
304 3924
361 4295
188 4622
693 4687
350 3883
278 3999
290 4596
418 4484
68 3989
94 4619
246 4620
159 4136
478 4395
816 4694
176 3749
656 4746
2253 4207
548 4674
522 4529
917 4685
244 4181
934 4024
163 4184
107 2290
352 4722
682 4865
84 4602
684 4725
460 4093
225 4117
195 3069
1997 4325
740 4134
92 4607
78 4116
1475 4704
238 4088
644 4719
334 4521
192 4173
1043 3532
738 3070
944 4221
1615 4537
607 4648
286 5295
428 4051
341 4767
1739 4687
711 4863
684 3173
639 4101
467 4648
2324 4091
358 3513
617 3594
600 4738
590 4750
2354 4788
4667 4732
2467 4778
632 4815
148 4243
3332 4176
115 4238
893 4234
234 4062
106 4770
97 4184
528 4709
3449 4145
686 4238
1618 4414
252 4730
2176 2803
737 2435
65 4583
683 4034
73 4794
971 4402
631 3601
2241 4784
403 3538
122 3484
1233 4764
1528 4917
143 4795
1374 3491
202 4051
388 4776
657 3607
106 4791
256 3679
382 4070
8573 4795
1356 3554
720 4148
1295 2082
1687 4851
4111 4770
102 3640
145 4690
588 4405
909 3465
290 4821
392 4257
3109 4631
1300 4262
472 4221
331 4244
549 4105
105 4813
7700 5048
1251 4310
1492 4032
232 4678
934 3602
824 4526
1159 4163
2033 4121
433 4759
722 4312
2354 4882
1012 4504
159 4709
761 4748
704 4750
714 4377
506 3986
416 4282
192 4693
465 4634
461 4766
467 4569
341 4331
302 3564
125 4592
409 4637
713 2851
513 4080
202 4050
123 3090
2087 3459
466 4709
154 4151
1888 4465
1086 3098
1553 4104
462 4212
258 4139
426 4517
522 4226
1908 4383
654 3659
2023 3597
4023 4848
803 4012
2136 4294
452 4712
609 4157
93 4379
341 4106
504 4742
98 4133
1776 4120
1118 4771
282 4750
696 4656
93 4471
2174 4175
86 4761
516 4659
1575 3533
210 4723
6263 4224
770 4768
1375 4583
410 4191
564 3441
369 3857
302 4170
638 3635
2256 4811
2054 4464
753 4747
368 617
677 4076
734 3726
1953 3569
1909 3649
1150 4099
3968 4236
962 4356
355 3224
441 4103
476 4680
475 3801
372 4294
157 3930
204 4134
90 4412
118 4674
664 4068
149 1178
746 4166
822 4112
699 4613
122 4288
139 4721
1748 4636
1453 4361
539 4184
560 4796
5214 4177
542 1895
564 4308
413 3749
2052 4549
146 4752
142 3795
1180 4781
553 4523
522 4197
279 3708
794 4265
264 4107
5170 4896
2206 4972
644 4353
651 4764
3133 4709
217 3949
362 4858
751 3052
1489 4246
185 4569
2437 3513
271 2990
1647 4637
420 4630
366 4172
665 3603
682 4353
537 3550
1136 4321
3347 4444
1850 4799
540 4483
221 3952
130 3549
410 4558
576 4196
705 3991
866 4546
222 3475
317 4945
1235 4789
389 4636
1121 4806
167 4446
2524 4250
1390 3729
3923 4113
109 4750
650 4228
6200 4875
330 4271
2494 4256
687 2914
2155 4946
3974 4820
806 4304
795 3899
271 4781
2050 3527
509 4115
1303 4705
4431 4334
1110 4780
1682 3576
103 4239
238 2466
858 4708
933 4104
1785 4836
1975 4341
362 4406
477 4765
484 4367
5161 4232
500 4061
447 4297
180 4707
870 4729
2972 4231
634 4560
1943 4121
6173 4118
2116 4383
388 4777
743 4832
619 4773
278 3582
1372 3536
601 4768
507 4206
2079 4302
3424 4707
252 3615
427 4275
1394 4158
595 4165
420 4716
303 4617
159 4790
266 4705
2727 4697
657 4713
302 4100
764 4835
1724 2944
186 4603
1766 3965
1506 4454
454 4595
3168 4858
237 3565
639 4155
1703 4095
8600 4529
392 4204
5399 4348
899 4150
487 3054
1522 4096
257 4620
106 4078
128 3613
150 4240
2136 4684
1160 4232
362 4851
781 4444
718 4643
414 4253
2173 4671
164 4665
2998 4646
544 3479
1646 4642
436 4048
1334 4289
369 5847
638 4102
679 4726
356 4590
210 3577
2183 3632
127 4177
380 4847
142 4549
432 4343
278 4037
2693 4394
115 3484
6470 4324
1523 4089
1892 4197
262 4256
206 2434
1370 3431
4736 4542
1868 3616
1105 4305
854 4135
229 3636
471 4759
4272 4531
437 4664
1368 4218
414 4389
3432 4793
755 4793
1250 3927
8535 4929
962 4778
189 3465
211 3657
1661 3455
5748 4227
2542 4767
4031 4963
110 4699
836 4739
313 4644
807 4810
302 4424
162 4798
2616 3022
3748 3361
153 3785
318 4263
505 3604
413 4400
156 4721
651 4438
544 4098
2658 4434
2525 4794
967 4160
711 4721
145 4153
343 4724
589 1744
2192 4174
366 4792
3609 4621
2414 4159
510 4515
236 4192
209 4650
2872 3332
3396 4787
343 4112
1775 4556
2593 4564
162 4217
1683 4523
239 4087
596 4190
578 4544
156 4418
1670 4202
828 4333
1165 4180
804 4580
217 4756
2418 4309
310 4082
211 4589
1555 4716
78 4762
969 3578
594 4385
221 4447
1138 2814
628 4737
1680 4834
963 4122
1611 4806
111 4181
326 4183
1490 4770
936 4188
1856 1777
1237 4242
2509 4198
481 4726
1520 4234
343 4134
4300 4671
324 4810
2998 3582
326 4048
113 4533
506 3386
588 4762
728 4694
963 4789
8567 4711
6261 4796
76 3217
5658 4387
3301 4528
265 4217
437 4681
3261 4152
739 4740
183 3591
1170 4102
2687 4504
544 3488
4458 2167
488 4736
288 4868
149 4678
316 4686
2800 4800
626 4808
4087 4828
346 4563
530 4243
131 4682
2718 4180
1208 3569
1031 4478
491 4752
635 2237
412 4668
162 3398
549 3285
1707 4306
556 3604
976 4836
8548 4696
999 4842
104 4477
327 4912
2328 4787
1450 4763
315 4719
8556 5021
553 4202
765 3584
642 4171
497 4108
2899 4869
106 2272
255 4592
289 3695
1109 4716
2158 3206
90 4314
742 4143
3317 4741
299 4249
234 4050
528 3997
1045 3691
143 4895
2092 4740
73 5048
431 3544
2840 4822
2723 4779
2151 3787
1679 4761
595 4640
339 4577
1947 4112
217 4168
1289 1834
371 4061
580 4527
858 1784
1650 4890
3628 3611
246 4680
612 4794
137 4122
194 4713
2285 4781
88 4202
353 4814
1681 4541
2436 4340
310 4790
481 4076
241 4720
4171 4181
204 4603
380 4205
1389 4204
1690 3569
208 3763
384 4880
3370 4183
592 4489
74 1508
1848 4662
1306 3597
865 4454
304 4451
725 4488
365 4353
2619 4272
1783 4146
79 4201
593 4234
2710 4810
176 4272
1144 4815
128 3579
132 4365
359 4204
717 4452
404 4129
835 4788
2579 4259
249 4181
152 4554
498 4214
180 4465
1079 4038
117 4698
560 4132
806 4780
1954 4532
1179 4834
457 1475
957 4251
2813 4913
96 4303
433 4384
678 4745
266 4643
2193 3608
474 4802
3038 4892
348 4095
198 3777
2910 4152
2473 4124
136 4525
2132 4904
993 2536
8554 4316
386 4203
910 2421
262 4674
831 4307
165 3653
3597 3969
1237 4705
3827 4721
768 4219
3779 4127
3112 4228
573 4763
498 4171
397 4100
494 3620
1083 4314
738 4111
3501 4178
186 4679
951 3848
104 4468
448 4213
2192 3747
955 4776
738 4156
237 4058
364 4681
82 4774
1502 4162
1206 4495
553 4059
107 4771
470 4214
700 3438
290 4757
415 4138
1600 4851
787 4187
834 4337
1849 4179
491 4758
2727 4179
98 4440
91 4117
1428 4301
5139 4126
452 4699
203 2762
577 4698
428 4714
1217 4212
5067 4760
371 4166
131 4531
67 4641
2277 4113
878 4207
273 4743
136 4751
3258 4178
247 4679
601 4592
2183 4202
393 4599
100 2442
579 4601
490 4749
1900 4320
1241 3416
633 4063
413 4737
1537 3489
462 4395
409 4741
1104 4764
124 3502
846 4132
692 4773
2960 4620
363 4067
1435 4744
638 4692
1300 4374
239 4100
163 4249
1691 4200
1059 4170
2441 4911
151 4087
8183 4655
467 4140
139 4736
186 4725
697 2459
101 3682
178 4204
1450 3896
351 4158
502 2979
829 4686
322 3459
601 4788
730 1248
2826 4221
112 4157
934 4774
714 4233
554 4826
365 4211
511 3716
580 4728
731 4656
238 4759
636 4180
2450 4762
2080 4718
577 4067
787 2688
754 4043
4528 4065
2157 4676
1753 3396
623 1878
140 4052
1522 4727
215 4805
202 3681
775 3379
695 4469
1395 5123
1494 4519
276 4771
2243 4800
95 3590
964 3017
751 4243
422 4428
2038 4058
1163 4787
3316 4774
89 4693
1517 4723
428 4716
4872 4533
1003 3623
2147 4573
178 4078
505 4074
797 4099
89 4097
539 4460
469 4913
411 3098
1106 4123
8058 4320
235 4498
222 4617
794 4087
1620 4363
2986 4520
594 4970
3180 4166
3606 4193
109 4161
520 4037
712 4723
5648 4831
119 4166
2227 4092
930 3633
2181 4488
1139 4130
1245 4118
731 4780
2729 3600
87 4252
234 3533
74 4689
7828 4970
486 2613
60 3004
2731 4114
434 3661
262 4701
85 3378
3054 4733
462 4120
1828 3969
389 4111
1421 4695
1683 4216
1886 3010
1503 4299
297 4652
270 4020
182 4213
324 4762
359 4768
840 4200
303 4772
321 4646
301 4300
2789 4675
1153 3460
515 4111
118 4214
595 4771
8020 4219
2131 4773
860 4788
8565 4840
112 4765
2058 3588
2466 4820
107 4626
189 4225
647 2954
8527 4192
2731 4063
5045 4725
355 3994
1878 4144
133 4178
1181 4792
2467 4107
232 4705
671 4798
350 4142
1738 4131
402 4101
525 4737
167 4174
878 4131
725 3402
2888 4163
849 4826
1204 4756
1132 4145
1918 4695
226 4129
268 4124
1633 4416
1185 4125
2250 4157
263 4551
178 4298
836 4726
657 4696
328 4794
282 3601
645 4069
646 4813
86 4116
8565 2552
1207 4777
192 4352
1901 4220
2602 4219
618 4099
2180 3688
143 3939
90 3562
511 4814
1966 3713
5398 4167
5156 4790
189 4777
651 4131
219 4495
172 4708
3442 4638
1650 2784
193 4101
168 2320
377 4715
534 4192
1943 4746
3031 4756
401 3951
221 4388
578 4617
1180 4747
3964 4586
6406 4219
629 4003
2568 4780
8562 5044
364 4793
311 4806
8569 4941
191 4803
1925 4091
80 3663
1761 3145
679 4285
1616 4202
1440 4823
1558 4096
366 4566
2966 3634
212 3645
199 4154
459 4117
3096 4147
195 4493
115 4185
661 4123
301 4756
1607 4809
896 4110
762 4146
1060 3149
3664 4696
489 4182
471 4784
779 4316
1665 4146
4434 4820
1619 4779
57 4590
1060 4123
191 3576
415 4326
608 4253
134 4807
788 4303
193 4099
359 3110
429 4725
1130 4124
233 4143
1901 3633
452 4060
3677 4835
785 4136
452 4523
769 4112
174 4721
7862 4047
592 4933
346 1580
745 4181
435 4732
644 4105
315 3515
449 4216
1648 4186
320 2946
1501 4929
632 4247
273 4795
8522 4477
1181 4250
456 4676
879 4556
258 3711
478 3905
271 3526
1780 4282
121 4256
1736 4673
1058 2963
1688 3963
114 4071
612 4828
631 3536
1176 4485
221 5105
638 4822
446 4769
4357 4739
4007 4935
2857 4804
789 3355
859 4128
4525 4042
1182 2490
328 4691
656 4752
2415 4810
364 4752
162 4842
256 4102
1138 3904
282 4103
375 4717
563 4030
862 4089
234 1217
692 4756
159 4216
202 4548
129 4074
241 4098
347 4190
94 4769
229 3509
678 4579
1260 4822
2212 4409
387 3967
1870 4429
214 4731
4122 4816
182 4228
2114 4182
851 4736
544 4729
1770 4762
1829 3655
117 2913
2801 4286
309 4036
453 4237
934 4794
148 3720
1951 4495
120 4182
225 4075
1379 2797
193 4268
3994 4841
509 3773
1124 3665
580 4113
773 4205
8552 4813
2230 4239
1691 4431
3777 4766
8549 5071
1073 2283
329 4027
495 3842
2200 4222
258 2306
1395 4398
470 3445
301 4047
660 4061
2234 4152
742 4758
193 3957
103 4732
1643 4459
1373 4649
136 4844
187 3820
2669 4766
97 4712
2020 1828
1881 4072
100 4655
533 3688
478 4691
956 4763
151 5245
667 4811
549 4202
365 4703
8561 4956
298 4687
253 4686
100 4703
499 4658
616 4199
666 4538
402 4051
2796 4714
8508 4396
1121 4313
1232 4525
428 3104
89 4637
96 4114
3037 4284
561 4772
309 4121
394 4383
89 4301
91 4763
160 4568
2667 4835
3267 4168
852 4383
721 4156
421 4073
81 4259
162 4075
1802 3068
8561 4875
4917 5031
299 4095
637 4765
1952 4056
269 3161
102 4104
462 4199
129 4723
477 2668
2096 4168
1997 4543
442 3466
472 4434
757 3032
371 4768
199 4423
5500 2830
1229 4767
151 4689
779 3621
365 4324
518 4690
726 4706
115 4092
283 2984
751 4115
1196 4150
1336 4535
2132 4125
115 4801
778 4172
1582 4633
1677 4290
1693 4240
2279 3555
1611 4191
615 4215
437 4170
675 4685
5306 4765
614 4077
1300 3322
191 2965
471 4192
92 4034
2420 4513
680 4184
629 4751
2286 3797
1882 4486
3599 4778
1735 4805
360 4465
344 3409
339 4224
1282 3744
1871 4244
221 4186
704 4811
1899 3799
2171 4808
510 2397
5174 4167
3106 4095
1278 4660
610 4211
964 4195
3117 4716
122 3838
87 4511
331 4639
1644 4097
4828 4186
1509 4165
102 4225
824 4766
580 3245
386 4714
247 4419
1532 4233
2190 4165
3169 4706
5011 3916
752 4766
526 3476
520 3195
772 4089
462 4096
1817 4768
112 4575
915 4324
1697 4540
1658 4627
1323 4166
311 4203
432 4575
4373 4713
649 4435
198 3828
1006 4079
643 4758
268 3563
118 4083
570 3733
3170 4619
171 3956
104 4036
91 4048
3916 3561
2136 4173
1192 4109
278 4688
314 4539
1639 4145
704 3648
513 4153
436 4169
1667 4192
2721 4118
440 4739
244 3620
93 2926
1450 4025
1099 4641
524 4747
136 4714
1552 4815
164 3883
717 4785
208 4317
8184 4450
2028 4827
941 4035
227 4219
932 3987
974 4862
1999 4750
5080 4174
289 4811
533 4708
197 4276
2448 4175
622 4206
335 4386
8547 4226
200 3478
126 4129
270 4476
656 3843
496 4074
1876 4899
334 1302
649 4130
360 4360
367 3829
1310 4739
375 4223
1603 4161
1243 3531
392 2462
181 4839
1769 4156
7006 4602
501 4449
2906 4136
2223 4222
1898 4073
8522 4201
332 4091
1047 4292
245 4083
450 4773
3021 4262
96 4766
803 4661
374 4650
809 4663
4337 5001
606 4750
1226 4732
2159 4526
2165 4237
98 4280
5579 4324
135 4186
656 4192
3311 4908
105 2969
849 4209
3314 3538
1092 4106
439 4768
1508 4917
658 3086
697 4298
3215 4171
128 4797
1336 4322
376 4411
1839 4434
685 4189
2801 3950
2182 4743
1693 3828
172 4177
645 4248
213 4651
757 3621
1794 4672
187 3574
1681 4783
4893 4839
219 4047
197 4746
1671 3226
1313 4824
1792 4766
347 4851
550 4161
2318 3556
105 4470
2692 4872
626 4894
3844 4767
216 4086
766 4110
1061 4742
2137 4145
8564 4997
2158 4196
850 4759
4156 4194
290 3459
301 4798
751 4693
121 3354
191 4480
8533 4730
1636 4769
482 4245
8553 4839
566 3516
674 4719
478 3490
255 4462
2202 4065
1457 4747
320 4299
559 4259
493 3623
324 4376
170 3613
275 4461
770 4139
1131 4708
651 4100
1960 4736
3165 4239
446 4451
112 5156
614 3004
1016 4283
1094 3299
75 4685
1563 4188
90 4181
293 3843
467 4670
930 4384
602 4116
1058 4183
236 4560
938 3561
936 4493
174 3498
416 3058
839 4644
91 4696
946 4199
3539 4209
294 3545
4162 4834
316 4141
1030 4477
2095 4448
3859 4233
383 4189
608 1928
8422 4131
288 3640
139 4123
2833 4250
635 4185
291 4838
471 3695
854 4456
2155 4097
194 3073
1220 4878
84 4260
829 4750
499 4196
264 4038
248 4769
1031 4083
555 4681
1651 4674
429 4449
349 4314
2328 4704
1392 4159
2455 4771
3706 4249
2309 4766
93 4175
653 4793
273 4100
105 4118
466 4551
1793 4817
203 4167
144 4192
490 3627
248 4202
760 4070
1480 4311
484 4064
305 4773
1327 3350
1274 4231
512 4782
213 4297
104 4729
168 4014
649 3480
115 4236
474 3441
86 3642
268 3518
136 4785
4254 4824
296 3082
2882 3721
689 4516
97 3487
1055 4715
102 3530
140 4667
410 4253
2357 3725
230 4219
185 2952
284 4526
3195 4825
214 4071
379 4252
2169 4745
135 4154
1300 4726
63 4621
5779 5094
656 4136
1063 4802
1790 4759
225 4523
141 3935
144 4159
123 3488
2198 4793
836 4816
1126 3443
1332 4232
551 4150
330 4269
316 4197
164 4544
568 4846
337 4327
374 4184
1592 4153
8523 4158
383 3184
237 3786
1665 3185
153 4879
767 4730
195 4081
398 4234
398 2380
401 3641
918 4197
3016 4295
825 4407
875 4230
197 4058
2278 3649
959 4230
627 4657
312 4633
1057 4218
2735 3562
548 4685
524 4728
725 4858
2318 4116
1280 4156
513 4401
65 4774
646 4057
88 4584
907 3778
188 4099
645 4019
5180 4213
98 4749
209 3600
662 4920
6198 4954
8242 4216
287 2321
847 3593
170 4286
297 4085
2267 4242
1056 1236
257 4105
483 3749
495 3858
3707 4238
788 2948
2173 4714
2690 4158
926 3050
389 4689
383 3965
1300 4738
189 4215
175 4653
1634 4222
1578 3539
120 4120
1728 4057
1917 4758
309 4708
375 4374
262 4732
132 3588
436 3603
731 4775
478 4897
1232 4396
777 4154
309 3921
109 4149
400 4179
735 4114
3430 3739
2684 4191
702 3713
428 4833
89 4255
146 4772
2672 4652
1087 4161
1007 4756
2935 4205
1655 4147
291 4245
561 4682
365 4284
189 3871
97 4319
146 4055
66 4268
1261 4644
277 3511
1018 3532
1218 4769
149 4750
3439 4248
1426 4017
1160 4100
784 4018
161 4319
696 3577
938 4786
822 4312
1579 4391
1307 1749
134 4684
6359 3598
152 4016
2081 2986
194 4716
677 4796
1711 3554
283 4152
495 4764
121 4353
687 4647
687 4651
266 4181
1187 4603
699 3684
877 4147
123 4162
2153 3517
1559 4585
692 4573
241 4726
318 4686
669 4676
163 4378
3549 4815
660 3561
224 4473
179 4583
449 3714
259 4549
1063 4258
1636 4784
1894 4828
2694 4233
102 4757
453 4124
90 4537
89 4363
465 4174
474 4032
1074 3494
1660 4108
1094 1894
985 4244
488 4493
212 4241
257 4119
4022 4254
6829 4968
1138 4636
1086 4049
432 4623
497 4114
126 4575
157 4708
926 4236
1646 4761
1065 4145
3827 4865
368 4363
1287 4128
834 4127
1218 4653
264 4060
184 4757
213 3491
563 4075
1701 4243
707 4610
4364 4996
4812 4834
915 4321
185 4759
4277 4777
1769 4690
976 4088
422 4186
205 4736
767 4669
2198 3961
470 4180
2765 4338
670 3934
1689 4782
196 4697
2404 4152
8560 4791
437 4274
5169 4775
690 4818
213 4106
749 3662
1066 4843
2326 3397
814 3389
4099 4250
450 4201
1558 4734
411 4162
625 4672
1782 4250
2811 4790
1217 4520
2598 4217
405 3693
179 3240
373 3727
4951 4248
281 4638
473 3786
841 4130
462 4074
4410 4683
1050 4735
1337 4178
853 4689
321 4646
200 4630
607 4419
421 4169
2833 3518
481 4705
328 4087
359 4202
4967 3621
57 4245
337 4647
1301 4048
346 4755
118 3646
544 4810
1213 4548
240 4663
377 4754
596 4793
426 4721
619 4781
263 4045
1247 4161
4807 4335
1556 4902
1861 4149
2769 4286
618 4646
181 4367
900 3047
171 3645
1905 4234
1634 4681
75 4042
425 4132
1675 4762
493 4745
2598 3821
229 4851
2040 4701
1326 4059
290 4784
938 4804
839 4042
1887 4248
2978 4150
1922 4631
1986 4510
118 3567
1116 4101
109 4267
92 4819
95 4047
750 3229
181 4789
407 4771
723 4711
661 4792
752 4765
399 3201
692 3482
98 4679
404 3606
1692 4787
1190 4625
629 4068
1911 4744
2675 4742
342 4215
93 4467
334 4156
223 2407
5195 4917
435 4230
278 4436
248 2462
1745 4473
1315 4699
321 3528
791 4620
1398 4473
437 4147
8517 4346
170 4507
840 4313
3429 4725
1696 3861
368 4155
935 3602
192 4713
758 4548
1169 4736
8576 4329
1750 4278
682 3553
818 4899
639 4260
1105 4743
583 4084
2620 3565
682 4659
8570 5029
355 4652
762 4312
710 4725
952 4139
132 4107
374 4795
1585 4650
2399 4685
313 4063
472 4750
608 4202
117 4159
1102 4577
178 3238
3679 4045
1567 4110
870 4796
109 4071
1055 4055
319 4693
116 3601
1850 3649
5212 4767
3698 4779
2656 3970
246 3615
3976 4292
413 4141
549 4855
96 4169
1807 4681
705 4364
683 4065
136 4167
402 4147
500 4249
330 4787
1091 4329
1855 4645
170 4384
277 4690
195 4068
408 4026
4129 4125
610 4375
715 4112
1170 3850
451 4204
1814 4222
1779 4784
71 4104
598 4354
109 4780
372 4077
399 4156
538 4190
1022 2856
410 4765
380 3637
1142 4804
1070 4848
98 4635
259 3352
1214 4829
5722 4919
489 4750
782 4721
817 4716
1234 4879
314 4659
311 4712
264 4102
3761 4663
173 4799
145 4086
480 4082
1155 4637
752 4873
6290 4313
779 4707
188 4653
121 4040
911 3800
890 4108
91 4208
868 4645
710 3586
641 4754
320 3551
731 4713
374 2617
1539 3623
77 2854
1169 4879
157 3991
140 4151
218 3554
235 3609
292 4140
236 3709
499 4654
114 4183
370 4644
125 4275
700 4330
80 4331
5232 4471
344 4071
302 4829
105 4572
831 4705
196 4443
336 4221
321 4897
379 4649
104 4737
220 3995
371 3256
588 4625
116 4002
441 3631
340 2746
413 4330
1066 4224
2942 4121
2542 4695
1141 4756
95 3078
496 4767
897 4829
166 4744
187 3541
148 4176
8402 4573
673 4580
170 4499
125 4077
4729 4832
447 4629
1618 4213
629 4677
2555 4831
684 4836
326 4403
1161 4574
353 4194
141 4141
1673 4635
524 4229
517 4114
2097 4155
5305 4906
1359 3250
99 4070
683 3957
171 4902
559 4806
348 4525
375 4702
467 4678
1391 4751
680 4047
90 4695
212 4065
225 4117
462 3600
120 4500
290 4576
427 4644
901 3628
1023 4230
531 4308
2178 4333
191 2599
110 4317
61 4052
595 4831
8541 5005
476 3691
131 4183
548 4036
946 3593
515 3737
1006 4960
659 4119
1156 4328
1055 4143
274 4485
8437 4197
440 4776
167 4073
702 4048
886 4087
446 4762
636 4922
1079 4813
876 3608
120 2513
468 4726
168 4048
1353 3628
286 4641
314 4824
136 4078
1034 4071
227 4390
86 4765
569 4265
471 4111
447 4135
608 3958
91 4117
110 3119
719 4734
173 4145
1093 4833
190 4204
425 4521
403 4530
91 3622
280 4078
108 2437
3612 4077
441 4855
560 4119
247 3504
5900 4392
777 5105
389 4030
359 4066
134 4655
653 4191
448 4124
238 1807
502 4641
75 4090
192 4755
3222 4166
108 4746
996 4678
1161 4745
354 4622
669 4703
616 4707
162 4347
517 4411
181 4681
1625 4199
1414 4146
3331 4270
2232 4799
1464 4875
686 4157
210 4024
129 4100
1369 4219
102 4614
359 4572
768 4100
3969 4642
663 4894
793 4176
94 4043
8544 4078
121 4476
1190 4191
378 4008
581 4280
1504 4274
175 4101
400 4085
155 4482
432 1708
90 4130
197 4126
164 4621
838 4295
672 4838
1485 4414
279 1293
645 4770
184 4045
953 4272
81 4013
306 4863
331 4594
782 4700
190 4636
1033 4091
203 4733
148 4125
829 4072
258 4136
388 4202
142 4745
815 4919
115 4737
1192 4769
262 2376
768 4690
859 4253
158 5065
8578 4384
252 4043
153 3809
383 4033
1112 4635
1550 4730
283 3990
428 4082
160 4491
1066 4726
146 4673
909 2912
634 4702
176 4290
545 4135
79 4236
110 2410
1341 4290
1264 2897
622 4461
404 4820
201 4612
121 4757
730 4159
1193 3042
204 4191
268 4000
1667 3139
6379 4893
259 4696
333 4722
719 4707
354 4660
287 4659
598 4049
2222 4978
396 4231
733 3998
1214 4685
59 4112
333 4064
711 4046
455 4124
117 2899
1094 3702
292 4712
616 3998
585 4680
189 3597
947 4649
4341 4761
559 4464
441 4561
262 4177
392 4608
638 4724
553 4222
219 4471
2555 4332
735 3929
503 3582
150 4746
2670 4743
103 4050
77 3933
334 4237
146 4409
396 4475
361 4695
118 4691
186 2886
2239 4870
393 3970
102 3981
979 4843
455 2861
169 4601
622 4225
551 4074
851 4033
423 4746
296 3493
281 4263
575 4761
544 4165
641 3617
837 4411
512 3488
654 4710
674 4320
1920 4710
626 4447
589 4194
1156 4647
454 4690
521 3668
1974 4202
1991 4171
2443 4260
1025 3604
670 4378
2972 4808
663 4152
812 3488
336 4223
344 4645
145 4716
859 4503
417 4816
4252 4822
908 4777
809 4190
1539 4788
1014 4705
893 4811
1363 4784
821 4281
625 4135
408 4178
202 4475
336 4349
1626 4229
1550 4815
901 1810
406 4149
288 3970
468 3571
806 3762
420 4154
1844 3759
136 4174
381 4215
135 4743
1557 3631
573 4143
693 4088
215 4724
390 3161
182 4233
456 4093
2256 4296
1441 4109
2259 4027
880 3596
769 3573
1642 4152
82 4167
425 3641
627 4135
984 4167
2788 4616
1211 4647
855 3750
164 3991
146 2387
411 3588
1994 4775
533 4752
2142 4776
143 4711
213 4814
1140 3566
365 3471
1255 4129
2035 3631
509 4172
505 2493
282 4743
1423 4246
1365 4586
1855 4163
581 4168
604 3390
242 680
8551 4912
5353 4807
406 4121
3182 4180
8598 4901
3400 3028
382 4170
2413 4226
2188 4802
591 4741
162 4528
324 4781
5604 4813
808 4228
910 4157
951 4580
1654 3213
2036 3879
311 4239
5370 4865
313 4335
547 4290
3075 4794
3629 4776
631 4781
337 4159
516 4193
225 4025
1201 4048
115 4742
3021 4362
444 4181
1232 4520
501 3621
8539 3564
107 4138
1360 3311
58 2825
480 3494
676 4293
924 3144
1138 4059
1934 4461
1154 4341
1001 4665
2647 4567
330 4021
352 4593
1238 5001
2143 5050
194 4791
398 3488
2857 4263
1309 4683
1741 4763
2766 4463
1045 4634
1277 4454
1083 4151
3369 4608
1873 3273
445 4160
162 4565
1019 4748
373 4660
886 3500
198 3967
148 3672
968 4166
2396 4520
997 4690
844 3543
810 4498
933 4603
317 4565
556 4108
1328 4104
2686 4299
421 4106
113 4652
1955 4774
243 3322
911 4640
223 4675
3397 4583
494 4759
547 3661
5498 4149
555 4825
614 4246
1873 5196
4652 4811
1231 1844
494 4798
1018 4105
1425 4150
4029 4749
583 4731
2104 4749
1781 4359
5370 4883
1478 4753
360 4146
419 4216
135 4701
331 4793
588 4555
2206 4601
613 4229
232 4088
1464 4363
120 4345
66 4149
2384 4690
1663 4259
2813 4061
164 4180
2085 3691
887 4753
993 4107
155 4594
248 4253
191 4685
3980 4060
1443 4675
487 3488
379 4102
1935 3864
521 4795
5775 4295
4319 4791
687 4719
575 4935
91 4652
180 4061
1586 2339
725 4666
427 4755
1866 4762
3814 4791
1730 4126
2260 4868
3067 3601
75 4770
573 4048
4954 4355
291 4303
1427 4773
1945 4775
208 4765
573 4619
71 4170
114 4127
172 4086
5263 4224
125 4586
1365 4738
407 4178
602 4281
440 4263
356 4054
2612 4136
86 4674
74 4767
789 4740
719 4551
515 4605
186 4092
864 3914
219 4308
563 4132
1121 4938
1233 4269
1709 4142
493 4852
951 4171
577 3476
1461 4062
124 4311
2023 4188
112 3061
753 4392
254 4109
5509 2980
226 4066
4586 4516
547 4848
5043 5064
172 4174
184 3865
1240 4117
2009 4798
593 3045
278 4671
1817 4087
6272 4131
369 4600
87 4113
2300 4780
370 4731
660 4428
124 4174
1161 3089
207 2973
3951 4150
185 4049
595 3641
2098 4200
507 4734
417 4536
201 4578
171 4242
1259 4252
3686 4164
6771 4815
283 4098
8515 4868
171 4197
4225 4372
173 4184
1623 4165
1486 4195
193 5191
193 3509
535 3647
1176 4688
268 4060
3169 4860
218 4658
594 1873
512 3632
607 4505
1844 4174
270 4271
545 4782
968 4517
427 2972
62 4739
457 4601
649 4701
781 4862
431 4726
103 4179
1344 4494
3650 4836
117 4633
8402 5095
2243 4313
1645 4750
1005 4874
594 3745
6133 4474
2633 4101
1384 1833
336 4036
471 3031
1348 4747
348 4289
1301 3615
907 4750
162 3584
305 4704
353 4769
309 3973
299 3778
707 4771
163 4172
171 4821
81 4206
104 3024
291 3540
165 3645
1624 4724
8545 4918
871 4745
943 4870
381 4939
629 4760
1097 4717
1641 4201
308 4070
467 3468
155 4600
827 4722
1476 4861
224 4318
2332 4782
664 3884
678 3972
89 3459
276 4424
5328 4863
646 4681
373 4308
1925 3084
250 4748
2379 3574
3664 4780
1073 4330
130 4756
3547 4200
565 4209
2293 4919
3774 4153
432 4081
538 4602
340 4182
179 4539
820 3432
160 4820
97 4623
1590 1887
1271 4864
480 4728
2248 4129
1741 4756
329 4487
97 4300
2896 3691
590 4525
487 4258
431 4028
200 4770
290 4790
262 4126
771 4137
188 4697
523 4798
261 4349
553 3811
1237 4224
2698 4705
1632 3653
664 3673
276 4060
296 4527
641 2024
393 4712
146 4157
715 4758
437 3650
4405 4802
1031 4053
658 4793
1507 4822
980 4305
2391 4769
275 3616
137 4635
73 3051
1011 4091
753 4378
5465 4714
117 4214
160 4221
121 4731
539 4161
1050 4854
3705 4476
127 4792
995 4174
2109 4317
535 4907
350 2469
206 4289
1600 4634
2899 4244
669 2406
276 4797
184 4558
6291 4801
2711 4772
290 4081
682 4240
2455 4767
2026 4436
155 4135
360 4210
265 4145
1167 4738
1132 4197
150 4108
3532 4525
939 4118
168 3055
706 4170
3430 4185
298 4595
128 3439
1210 4796
458 4106
3693 3587
1832 4665
491 4139
580 4272
117 4188
627 4171
434 4152
633 4699
68 4014
2838 3643
108 4787
377 4734
311 4059
135 4251
526 4818
356 4310
1817 3350
852 4234
2259 4425
722 4406
931 4806
808 4056
153 4140
1080 4250
706 4766
277 4179
773 4262
2306 4599
652 4452
226 4336
470 4207
2388 3671
179 4324
393 4810
463 2260
96 4194
277 4391
3141 4204
136 4503
977 4114
1366 4750
4061 4810
2248 3628
1031 4203
93 4756
1261 4793
612 2954
243 2097
420 3517
539 4199
1736 4802
345 4583
382 3475
616 4785
8210 4548
58 4562
518 4777
526 4207
202 4443
2794 4617
644 3551
83 4093
870 4015
958 4656
232 4665
535 4241
119 4146
139 4551
2645 4744
1967 4174
469 3557
354 4354
140 4740
258 4737
668 4507
454 4139
2163 4204
849 1848
386 4302
911 3914
3381 4077
693 3628
320 4233
1023 4195
1097 4101
419 4808
315 4079
432 3697
192 4819
1117 4359
1316 2469
364 4777
2971 5017
99 4133
63 4236
669 4171
119 4740
137 4140
2743 4196
560 4826
936 4526
637 4121
294 4122
562 4639
1078 4359
809 2336
340 4273
593 4553
395 2352
450 4172
2479 4222
417 3237
497 4532
2438 3735
746 4210
443 4564
1331 4125
445 4147
56 4024
755 4147
110 4502
876 4621
2153 4192
398 4289
459 3463
1340 4213
77 4611
473 4743
714 3833
897 4758
294 4667
555 4857
1444 2776
632 4741
145 3883
116 4685
588 2992
324 4579
416 4722
612 4656
585 4739
534 3914
163 4500
273 4069
415 3063
636 4014
417 4762
445 4673
143 4765
2435 3663
434 4831
4692 4283
101 4735
1113 1448
449 4106
2144 3002
257 4481
242 4052
413 4781
455 3951
2883 4132
205 4430
327 4800
1090 4163
616 3128
1582 3783
4132 4787
1856 4217
1621 4796
1815 4810
398 4167
628 4736
1172 3727
5127 4829
435 4116
485 4345
1216 4111
201 3072
2768 4811
482 4229
512 4227
1198 4211
943 4194
106 4017
827 4814
4278 3990
2387 4257
973 4602
282 4707
720 4160
572 4110
1264 4758
2035 3864
1193 4796
773 4728
534 4898
223 4057
3159 4291
106 4653
699 4827
197 3971
232 4699
157 4329
167 3963
188 4084
670 4867
495 4107
288 4028
481 4538
1252 4639
1078 4344
413 4467
352 4127
103 4010
279 4032
493 4680
610 4020
665 4187
499 3499
1926 4790
182 3547
402 4599
162 3935
599 4249
124 5855
122 4047
437 4117
369 3577
2434 4067
724 4655
1730 4677
1247 4651
660 4695
269 4149
2193 4825
228 4078
3027 4441
261 4181
1791 3540
1637 1882
1123 4619
432 4152
1985 4200
191 4694
380 4181
626 4773
456 4644
1134 3672
8289 4288
617 4475
995 4850
1052 3496
1507 4036
437 4759
96 4728
379 4370
266 4768
636 3597
2080 4699
991 1916
604 4584
1753 4879
466 4306
1227 4760
1303 4758
450 4111
380 4682
180 4259
590 4429
447 3522
465 4767
249 4148
448 4729
350 4680
1396 4100
465 656
150 4202
1386 4896
98 4169
2151 3045
859 4328
206 644
1023 4185
114 4081
1320 4841
3774 3535
447 4916
469 3499
308 4512
1313 4674
858 4212
760 4089
457 4152
560 4716
1863 4779
595 3071
111 3939
108 4609
123 4407
925 2903
8550 4327
488 4802
586 4793
1913 4821
385 4463
176 4827
191 4632
88 4032
8547 4868
440 4227
2013 4157
1923 3955
69 4139
1015 4166
939 4540
2882 4437
149 4248
143 2313
77 4730
766 4072
833 2984
123 4652
582 4190
418 3581
782 4760
119 4452
271 4767
861 3931
425 4137
511 3388
450 4515
501 4162
654 4052
1472 4890
141 4413
160 4686
93 4630
371 4088
1629 4125
5790 4564
589 4873
447 3691
236 4208
544 4123
1270 4909
69 4198
144 4081
945 4706
674 4411
647 4621
818 4538
339 4168
1614 4489
629 4048
3552 4185
2903 4244
1222 4712
312 4412
101 4150
125 3550
1172 4825
8516 4167
155 4693
327 4183
3299 4798
559 4267
197 4602
1646 4151
284 2906
1998 4201
253 2980
537 3003
773 4679
3315 4806
525 3973
85 3637
894 4353
2786 4426
716 4107
1706 4763
469 4168
313 4152
245 4696
683 4148
196 3783
788 4201
1858 4115
333 4200
1629 4249
1363 3906
144 4457
163 3960
1198 4139
403 4075
130 4728
775 4701
3766 4715
250 4187
601 3468
408 4380
1699 4163
3113 4239
445 4361
272 3980
1409 4095
594 4173
3253 4256
162 4493
1070 4428
946 4100
1685 4142
86 4365
357 2691
742 4122
108 4692
127 4107
557 2944
184 3711
107 3076
737 4098
1756 4768
2744 4495
3014 4157
105 4453
568 3983
116 5261
828 4418
1345 4886
535 3634
3690 4095
2015 2380
1247 4335
5537 4131
145 4658
1438 3610
784 4663
275 4342
551 4119
1162 3123
1671 4307
99 4592
138 4174
204 3138
948 4328
416 4036
2701 4463
128 4219
1430 4147
1495 4768
88 3788
3451 4675
542 2939
620 4228
668 4836
586 3760
681 4223
1074 4732
610 3526
2220 4844
2664 4825
688 4806
944 4805
151 5221
60 4232
678 4169
3586 4245
100 4690
101 4773
282 4784
2870 4806
5542 2475
4462 4627
306 3605
787 3165
192 4981
1046 4834
1143 5028
1266 3052
400 3571
943 4610
3243 4182
775 4350
617 3656
267 4385
599 4669
272 2309
8533 4441
3594 4827
2202 4258
377 4442
1699 4669
739 3600
973 3638
321 4714
2287 4500
803 4322
474 3834
1102 4728
247 4088
366 4179
157 4678
4596 4401
1741 2186
2762 4024
352 4204
781 4139
483 4176
1611 4580
2019 4464
158 3567
142 3859
768 3763
145 3511
1173 4265
502 4714
150 4125
2334 4330
568 4506
3178 4073
977 5064
195 4586
249 4202
612 4097
517 4118
1462 3792
126 4763
1042 4520
3739 4681
692 4674
639 4229
190 4064
1299 1335
302 3949
274 4693
1380 4679
1215 4709
3486 4104
1174 3464
2207 3402
222 4216
2351 4802
735 4148
254 4532
2381 4056
167 4193
394 4769
172 4224
387 4033
281 4585
1112 4511
3506 4205
2895 4085
540 3544
97 3546
426 4104
1287 3439
853 4777
186 3407
524 3654
1092 4891
1419 3539
2833 4523
327 4163
251 4793
930 4681
112 4159
1215 4732
3094 4775
339 4249
583 4697
8572 4851
418 4107
8537 4788
553 4136
114 3945
451 3822
1858 4194
1956 4784
543 4242
3297 4037
822 4619
