2621 2
2622 4
2623 3
2624 1
2625 3
2626 2
2627 1
2628 6
2629 2
3490 5
3491 2
3492 2
3493 1
3494 4
3495 3
3496 2
3497 2
3498 2
3499 3
1300 50
1301 34
1302 33
1303 32
1304 36
1305 26
1306 30
1307 22
1308 34
1309 39
3950 3
2170 9
3951 5
2171 8
3952 2
2172 7
2173 3
3953 2
3954 3
2174 8
3955 1
2175 7
3956 2
2176 6
3957 1
1 1
2177 9
3958 2
2178 13
2179 1
3959 1
8 1
2630 1
2631 2
2632 3
2633 5
2634 1
2635 2
2636 4
2637 3
2638 3
2639 3
6519 1
1310 30
1311 41
1312 36
1313 29
1314 29
1315 24
1316 38
1317 31
1318 25
1319 31
2180 5
2181 12
3961 1
3962 1
2182 8
2183 8
3963 2
3964 4
2184 4
3965 2
2185 5
6061 1
2186 6
3966 2
2187 6
3967 2
2188 4
3968 3
3969 3
2189 9
7854 1
2640 3
2641 2
2643 2
2644 4
2645 8
2646 4
2647 4
400 1966
2648 5
401 2070
2649 3
402 2066
403 1962
404 2010
405 1996
406 2033
407 1993
408 2011
409 2019
1320 25
1321 34
1322 27
1323 22
1324 22
1325 28
5201 3
1326 23
1327 30
5202 5
5203 2
1328 24
5204 1
1329 35
5205 4
5206 5
5207 1
5208 2
5209 2
2190 6
3971 1
2191 11
3972 4
2192 11
3973 3
2193 4
3974 1
2194 6
2195 7
3975 3
3976 2
2196 6
2197 8
3978 2
2198 9
3979 1
2199 7
6076 1
7862 1
7864 1
2650 1
2651 1
2652 5
2653 3
2654 4
2655 2
2656 3
410 1972
2657 4
2658 1
411 2015
2659 4
412 2015
413 1985
414 1911
415 1971
416 2000
417 1987
418 2028
419 1902
1330 22
1331 27
1332 20
1333 32
1334 28
5210 1
1335 22
5211 1
1336 29
5212 6
1337 20
5213 5
1338 33
5214 3
1339 31
5215 2
5216 3
5217 2
5218 3
5219 4
3980 1
3981 1
3982 2
3983 3
3984 4
3985 3
3986 2
3987 1
3988 1
7873 1
2660 2
2662 3
2663 2
2664 2
2665 7
2666 6
2667 2
420 1965
421 2059
2668 8
2669 1
422 1881
423 1997
424 1897
6546 1
425 1910
426 1958
427 2048
428 1941
429 1833
1340 21
1341 23
1342 21
1343 21
1344 28
1345 12
5220 2
5221 3
1346 19
1347 22
5222 1
5223 2
1348 16
5224 2
1349 31
5225 1
5226 2
5227 4
5228 1
5229 1
3990 1
3991 2
3992 3
3993 3
3994 4
3995 1
3996 3
3997 1
3998 3
3999 3
1800 7
6099 1
1801 14
1802 16
1803 8
1804 7
1805 9
1806 10
1807 7
1808 4
1809 11
2670 1
2671 4
2672 3
2673 6
2674 1
2675 4
2676 3
2677 1
430 1861
2678 3
431 1883
2679 3
432 1940
433 1981
434 1819
435 1909
436 1850
437 1908
438 1915
439 1818
1350 27
1351 23
1352 16
1353 26
1354 21
5230 1
1355 19
5231 5
1356 28
5232 4
1357 26
5233 2
1358 23
5234 5
1359 15
5235 3
5236 4
5237 1
5238 2
5239 2
7890 2
1810 6
7892 1
1811 10
7893 1
1812 7
1813 6
1814 9
1815 9
1816 11
1817 14
1818 12
1819 11
2680 1
2681 1
2682 3
2683 3
2684 8
2685 3
2686 5
2687 4
440 1873
2688 3
441 1926
2689 4
442 1873
443 1897
444 1879
445 1821
446 1886
447 1869
448 1787
449 1937
1360 30
1361 21
1362 35
1363 21
1364 21
5240 5
1365 21
5241 3
1366 32
5242 1
1367 23
900 123
5243 3
1368 20
901 145
5244 1
1369 23
902 156
5245 4
903 139
5246 2
904 182
5247 1
905 151
5248 2
906 152
5249 6
907 147
908 134
909 135
1820 10
1821 2
1822 8
1823 5
1824 7
1825 5
1826 10
1827 10
5703 1
1828 11
1829 9
2690 5
2691 3
2692 5
2693 6
2694 3
2695 3
2696 2
6572 1
450 1828
2697 1
451 1831
2698 4
2699 4
452 1882
453 1819
454 1837
455 1694
456 1725
457 1771
458 1809
459 1671
1370 29
1371 29
1372 19
1373 21
1374 20
5250 3
1375 15
5251 1
1376 23
5252 3
1377 25
910 133
5253 2
1378 21
911 148
1379 33
912 144
5255 2
913 147
5256 1
914 143
915 132
916 129
5259 1
917 122
918 123
919 139
1830 11
1831 7
1832 9
1833 8
1834 9
1835 10
1836 8
1837 8
5713 1
1838 10
1839 9
5716 1
5718 1
6582 1
460 1795
461 1698
462 1718
463 1786
464 1748
465 1714
466 1704
467 1758
468 1682
469 1748
1380 25
1381 23
1382 17
1383 21
1384 16
5260 1
1385 24
5261 2
1386 24
5262 1
920 128
1387 17
5263 3
921 128
1388 29
922 119
5264 2
1389 24
923 134
5265 4
5266 1
924 132
925 119
5267 2
926 123
927 134
928 126
929 117
1840 6
1841 7
1842 11
1843 5
1844 8
1845 8
1846 5
5722 3
1847 12
1848 10
1849 7
5725 2
470 1770
471 1706
472 1684
473 1719
474 1686
475 1583
476 1638
477 1671
478 1647
479 1636
4400 5
4401 3
4402 7
4403 4
4404 4
4405 3
4406 4
4407 2
4408 5
4409 1
1390 19
1391 16
1392 24
1393 22
1394 29
5270 1
1395 27
1396 18
5272 6
930 124
1397 18
5273 3
1398 13
931 129
5274 1
932 130
1399 19
933 127
5275 3
5276 1
934 130
935 128
936 120
5278 2
937 97
938 126
939 110
1850 11
1851 11
1852 5
1853 5
1854 12
1855 11
1856 12
1857 15
5733 1
1858 11
1859 7
5736 2
480 1719
481 1676
482 1644
483 1654
484 1604
485 1685
486 1607
487 1584
488 1655
489 1620
4410 5
4411 1
4412 2
4413 1
4414 5
4415 1
4416 5
4417 3
4418 2
4419 3
5280 1
5281 1
940 135
8306 1
941 117
5284 1
942 107
943 122
5286 2
944 122
945 136
5288 1
946 114
5289 4
947 124
948 117
949 92
1860 13
1861 9
1862 8
1863 9
1864 6
5740 1
1865 14
1866 12
1867 4
1868 9
5744 3
1869 10
5745 1
5748 1
490 1613
491 1625
492 1546
493 1539
494 1574
495 1519
496 1570
497 1548
498 1595
499 1606
4420 4
4421 5
4422 4
4423 1
4424 3
4425 3
4426 4
4427 4
4428 4
4429 3
8313 1
5290 3
5291 4
5292 3
950 101
951 115
5294 3
952 133
5295 2
953 97
5296 1
954 109
5297 3
955 99
5298 3
956 111
5299 2
957 111
958 92
959 106
3100 1
3101 1
3102 1
3104 3
3105 1
3106 2
3107 4
3108 2
3109 3
1870 11
1871 9
1872 7
1873 11
1874 7
1875 10
1876 11
1877 10
5753 1
1878 15
1879 8
5756 1
5759 1
4430 3
4431 6
4432 4
4434 7
4435 2
4436 2
4437 4
4438 3
4439 5
8321 1
960 99
961 112
962 117
963 113
964 103
965 118
966 91
967 114
968 121
969 104
3110 1
3111 2
3112 1
3113 2
3114 4
3115 2
3116 3
3117 4
3118 1
3119 4
1880 8
1881 12
1882 9
1883 7
1884 6
1885 6
1886 13
1887 8
7006 1
1888 6
7007 1
1889 8
5768 1
5769 1
4440 3
4441 5
4442 4
4443 4
4444 3
4445 5
4446 3
4447 2
4448 5
4449 3
970 108
971 132
972 113
973 108
974 104
975 105
976 115
977 98
978 99
979 99
4900 1
3120 1
3121 1
4901 4
4902 1
3122 1
4903 1
3123 4
4904 1
3124 1
3125 2
4906 5
3126 2
3128 4
4908 1
3129 2
1890 11
1891 10
1892 12
1893 6
1894 9
1895 3
1896 5
5772 2
1897 9
5773 1
1898 6
1899 9
5775 1
7019 1
5777 1
5779 1
4450 3
4451 2
4452 4
4453 5
4454 4
4455 4
4457 2
4458 2
4459 5
980 101
981 75
982 95
983 91
984 98
985 100
986 78
987 95
988 106
989 95
3130 2
4911 1
3131 3
3132 1
3133 3
4914 2
3134 4
3135 2
4916 1
3136 6
4917 3
3137 1
4918 1
3138 1
4919 1
3139 3
7022 1
5781 1
5789 2
4460 4
4461 8
4462 2
4463 3
4464 3
4465 3
4467 4
4468 1
4469 1
990 104
991 98
992 93
993 104
994 98
995 98
996 88
997 80
998 95
999 104
3140 1
3141 4
3142 4
4923 2
3143 2
3145 1
4926 2
3146 3
3147 1
3148 2
3149 1
4929 2
5790 2
5796 1
5798 1
3600 7
3601 4
3602 3
3603 3
3604 3
3605 2
3606 3
3607 5
3608 4
3609 7
4470 4
4471 3
4472 3
4473 1
4474 3
4475 5
4476 2
4477 1
4478 6
4479 2
8365 1
3150 3
4930 1
3152 1
4932 3
3153 1
4934 1
3154 2
3155 1
4935 1
4936 2
3157 2
4937 2
3158 1
3159 3
4939 3
3610 3
3611 3
3612 4
3613 3
3614 4
3615 1
3616 2
3617 6
3618 2
3619 4
4480 4
4481 4
4482 1
4483 3
4484 5
4485 4
4486 2
4487 4
4488 1
4489 6
4940 1
3160 1
4941 1
4942 1
3162 1
4943 2
3164 2
4945 1
3165 2
4947 2
3167 2
3168 4
4948 3
3169 4
4949 2
3620 3
3621 2
3622 2
3623 4
3624 4
3625 4
3626 2
3627 4
3628 6
3629 1
4490 10
4491 1
4492 6
4493 2
4494 4
4495 4
4496 3
4497 2
4498 4
4499 5
2300 7
2301 3
2302 3
2303 4
2304 4
2305 3
2306 4
2307 2
2308 1
2309 3
4950 1
3170 2
4951 1
3171 1
3172 3
3173 2
4954 1
4955 1
3175 4
3176 1
4957 1
3177 3
4958 2
3178 5
3179 1
7069 1
3630 4
3632 2
3633 1
3634 3
3635 6
3636 4
3638 2
3639 5
2310 1
2311 5
2312 4
2313 4
2314 5
2315 1
2316 6
2317 2
2318 5
8399 1
2319 7
3180 6
4960 1
3181 1
4961 1
4962 2
3182 3
3183 1
4963 1
3184 2
4964 5
3185 3
3187 1
4967 3
3188 1
4968 3
4969 1
3640 1
3641 3
3642 5
3644 4
3645 5
3646 3
3647 2
3648 7
3649 3
2320 4
2321 3
2322 4
2323 3
2324 2
6200 1
2325 4
2326 5
2327 6
2328 4
2329 4
3190 1
4971 1
3191 2
3192 1
4973 1
3193 1
4974 3
3194 1
3195 3
4975 1
4976 1
3196 2
3197 4
4977 4
3198 2
4978 3
3199 3
4979 2
3650 4
3651 6
3652 4
3653 2
3654 5
3655 2
3656 6
3657 3
3658 6
3659 4
7541 1
2330 7
2331 9
2332 4
2333 4
2334 4
2335 4
2336 2
2337 5
2338 3
2339 3
6217 1
6219 1
4980 1
4981 1
4984 2
4985 4
4986 1
1000 93
4987 1
1001 80
4988 2
1002 98
4989 2
1003 97
1004 96
1005 104
1006 89
1007 84
1008 81
1009 96
3660 5
3661 3
3662 4
3663 7
3664 8
3665 3
3666 4
3667 3
3668 4
3669 2
2340 4
2341 4
2342 4
2343 5
2344 5
2345 6
2346 5
100 4306
2347 4
2348 6
101 4312
102 4357
2349 2
103 4374
104 4315
105 4363
106 4400
107 4375
108 4287
4991 2
109 4374
4993 2
4994 1
4995 2
4996 2
1010 93
4997 1
1011 96
1012 89
4999 4
1013 73
1014 82
1015 91
1016 81
2800 7
1017 82
2801 8
1018 85
2802 2
1019 83
2803 6
2804 2
2806 4
2807 2
2808 1
2809 3
3670 8
3671 1
3673 2
3674 6
3675 2
3676 1
3677 3
3678 3
3679 5
2350 4
2351 3
2352 4
2353 6
2354 2
2355 6
2356 5
110 4351
2357 3
111 4214
2358 2
2359 4
112 4361
113 4322
114 4370
115 4362
116 4281
6239 1
117 4353
118 4260
119 4270
1020 107
1021 85
1022 70
1023 84
1024 93
1025 65
1026 85
2810 5
1027 70
1028 112
2811 6
1029 85
2812 5
2813 3
2814 4
2815 4
2816 3
2817 3
2818 2
2819 2
3680 2
3681 4
3682 1
3683 3
3684 4
3685 3
3686 2
3687 7
3688 4
3689 3
2360 7
2361 4
2362 9
2363 2
2364 1
2365 4
6241 1
2366 4
2367 2
120 4273
2368 7
121 4420
2369 3
122 4259
123 4274
124 4358
125 4263
126 4332
127 4214
128 4219
129 4214
1030 57
1031 74
1032 86
1033 84
1034 91
1035 80
1036 85
2820 2
1037 70
2821 6
1038 66
2822 2
1039 82
2823 2
2824 3
2825 1
2826 4
2827 4
2828 1
2829 3
3690 6
3691 5
3692 5
3693 3
3694 3
3695 2
3696 5
3697 1
3698 6
3699 3
7580 1
1500 12
1501 21
1502 17
1503 11
1504 13
1505 2
1506 16
1507 12
1508 6
1509 13
2370 1
2371 4
2372 1
2373 2
2374 6
2375 1
2376 8
2377 4
130 4100
2378 2
131 4176
2379 3
132 4084
133 4078
6256 1
134 3955
135 4112
136 4014
137 4137
138 4169
139 3975
1040 80
1041 84
1042 82
1043 95
1044 72
1045 90
1046 75
2830 4
1047 84
2831 2
1048 75
2832 1
1049 92
2833 5
2834 2
2835 2
2836 4
2837 4
2838 5
2839 4
1510 11
1511 11
1512 7
1513 19
1514 17
1515 7
1516 13
1517 16
1518 11
1519 14
2380 4
2381 9
2382 2
2383 4
2384 6
2385 5
2386 4
6261 1
2387 3
140 3893
6263 1
2388 4
141 3807
142 3892
2389 2
6265 1
143 3819
144 3932
145 3858
146 3905
147 3796
148 3716
149 3650
1050 70
1051 86
1052 78
1053 81
1054 73
1055 65
1056 72
2840 5
1057 71
2841 1
1058 85
2842 3
1059 88
2843 1
2844 2
6720 1
2845 2
2846 2
2847 5
600 995
2848 2
601 970
2849 2
602 939
603 977
604 973
605 923
606 979
607 941
608 978
609 941
1520 18
1521 7
1522 8
1523 17
1524 8
5400 2
1525 15
5401 3
1526 11
5402 3
1527 12
5403 1
1528 16
5404 2
1529 12
5408 2
2390 4
2391 10
2392 3
2393 4
2394 3
2395 7
2396 5
6272 1
2397 5
150 3667
151 3645
2398 4
152 3726
2399 6
153 3563
154 3514
155 3650
156 3603
157 3576
158 3538
159 3570
1060 77
1061 93
1062 72
1063 84
1064 61
1065 79
1066 75
2850 3
1067 72
2851 3
1068 76
1069 67
2852 5
2853 1
2854 4
2855 3
2856 4
2857 4
610 916
2858 1
611 960
2859 4
612 865
613 927
614 946
615 921
616 852
617 934
618 892
619 900
1530 9
1531 7
1532 13
1533 9
1534 18
1535 10
5410 2
1536 14
1537 16
5413 4
1538 11
1539 17
5414 1
5415 1
5416 2
5417 1
5418 1
5419 1
160 3554
161 3637
162 3522
163 3465
164 3541
165 3531
166 3448
167 3423
168 3448
169 3455
1070 56
1071 81
1072 72
1073 85
1074 72
1075 62
1076 75
2860 3
1077 91
2861 1
1078 80
1079 74
2863 2
2864 5
2865 3
2866 4
620 907
2867 4
2868 2
621 813
2869 3
622 829
623 843
624 831
625 841
626 847
627 847
628 864
629 821
1540 9
1541 15
1542 11
1543 16
1544 12
5420 1
1545 11
5421 3
1546 11
5422 1
1547 11
1548 11
1549 9
5427 1
5428 2
5429 1
6290 1
6291 1
170 3332
171 3296
172 3284
173 3347
174 3298
175 3174
176 3179
6299 1
177 3206
178 3237
179 3163
4100 1
4101 2
4102 3
4103 2
1080 82
4104 1
1081 71
4105 4
1082 72
4106 1
1083 69
4107 2
1084 84
4108 2
1085 72
4109 1
1086 87
2870 3
1087 71
2871 2
1088 65
2872 3
1089 71
2873 1
2874 3
2875 1
2876 2
2877 3
630 831
2878 4
631 821
632 782
633 768
634 771
635 781
636 832
637 775
638 764
639 740
1550 10
1551 6
1552 6
1553 14
1554 9
5430 1
1555 11
1556 16
5431 2
5432 2
1557 14
5433 1
1558 16
5434 2
1559 7
5435 1
5437 1
5439 4
180 3205
181 3152
182 3178
183 3215
184 3094
185 3085
186 3071
187 3179
188 3054
189 3088
4110 1
4111 4
4112 1
1090 66
4114 1
1091 68
4115 3
1092 64
1093 75
4116 3
4117 2
1094 57
4118 1
1095 67
1096 73
4119 3
2880 2
1097 71
2881 4
1098 74
2882 5
1099 70
2883 3
2884 5
2885 2
2886 2
640 758
2888 3
641 757
2889 3
642 771
643 777
644 751
645 794
646 739
647 753
648 716
649 755
1560 9
1561 11
1562 8
1563 8
1564 6
5440 2
1565 6
5441 2
1566 12
1567 15
5442 2
5443 2
1568 14
5444 1
1569 9
5445 1
5446 1
5448 2
5449 1
190 2949
191 3036
192 2924
193 2959
194 2934
195 2949
196 3020
197 2994
198 2925
199 2968
4120 1
5900 2
4122 1
4123 1
5904 1
4124 2
5906 1
4126 1
5907 1
4128 1
4129 2
2891 3
2892 3
2893 4
2894 3
2895 7
6771 1
2896 3
650 750
8015 1
2897 4
651 726
2898 3
2899 3
652 750
653 723
654 697
655 680
656 713
657 688
658 652
659 674
1570 9
1571 16
1572 11
1573 16
1574 6
1575 8
5451 7
1576 15
1577 11
5452 1
1578 7
1579 12
5456 3
5457 3
5458 2
5910 1
4130 3
5911 1
4131 2
5912 1
4132 6
4133 1
4134 1
4135 2
4136 1
4137 3
5918 1
4138 1
4139 3
8020 1
660 722
661 683
662 689
663 665
664 665
665 644
666 668
667 629
668 670
669 640
1580 10
1581 14
1582 11
1583 14
1584 17
5460 1
1585 4
5461 1
1586 18
5462 5
1587 8
1588 10
5464 1
1589 18
5465 2
5466 3
5467 1
5468 2
5469 1
4140 1
4141 1
4143 1
4145 1
5925 1
5928 1
670 655
8036 1
671 644
672 602
673 629
674 623
675 625
676 630
677 668
678 612
679 592
4600 2
4601 2
4602 2
4603 6
4604 1
4605 2
4606 1
4607 1
4608 4
4609 1
1590 15
1591 14
1592 12
1593 9
1594 13
5470 1
1595 11
5471 1
1596 14
1597 10
5472 1
5473 1
1598 7
5474 1
1599 7
5476 1
5478 2
5479 2
4150 1
4151 2
4154 1
4155 3
4156 3
4157 5
4158 5
4159 4
5939 1
680 592
681 602
682 566
683 614
684 625
685 599
686 565
687 572
688 574
689 625
4610 3
4611 3
4612 1
4613 3
4614 2
4616 3
4617 1
4619 5
8501 1
8503 2
5480 3
8504 1
5484 1
8508 2
8509 2
5487 1
5488 2
5489 2
4160 2
4161 2
4162 4
4163 5
4164 1
4165 3
4166 6
4167 3
4168 1
690 568
691 554
692 523
8058 1
693 556
694 555
695 534
696 567
697 505
698 528
699 518
4621 3
4622 2
4623 2
4624 2
4625 2
4626 1
4627 2
4628 2
4629 3
8510 3
8513 2
8514 1
5491 1
8515 2
8516 2
5493 1
8517 2
5494 2
5495 1
8518 4
8519 3
5497 2
5498 2
5499 4
3300 2
3301 2
3302 2
3303 2
3304 2
3305 3
3306 1
3308 1
3309 1
4170 2
4171 3
4172 3
4173 1
4174 1
4175 1
5955 1
4177 2
4179 2
4630 2
4631 2
4632 2
4634 3
4635 3
4637 2
4638 3
4639 1
8520 1
8522 3
8523 2
8524 3
8525 2
8526 1
8527 2
8529 1
3311 1
3312 5
3313 1
3314 3
3315 2
3316 4
3317 4
3318 3
4180 3
4181 3
4182 3
4183 2
4184 3
4185 1
4186 2
4187 1
4188 2
4189 2
4640 2
4641 3
4642 2
4643 1
4645 1
4646 2
4649 2
8530 1
8531 1
8532 1
8533 3
8534 1
8535 6
8536 3
8537 4
8538 2
8539 5
3322 1
3323 1
3324 2
3325 6
3326 3
3327 4
3328 1
4190 2
4191 3
4192 3
4193 2
4194 2
4195 3
4196 1
5977 1
4197 4
2000 8
2001 12
2002 11
2003 11
2004 13
8086 1
2005 6
2006 5
2007 5
8089 1
2008 11
2009 7
4650 1
4651 3
4652 4
4656 2
4657 4
4658 2
4659 1
8540 4
8541 4
8542 5
8543 4
8544 8
8545 5
8546 6
8547 5
8548 5
8549 7
3330 6
3331 2
3332 4
3334 4
3335 2
3336 3
3337 2
3338 3
3339 1
7224 1
5989 1
2010 6
2011 10
2012 9
2013 6
2014 5
2015 9
2016 8
2017 11
2018 7
2019 6
4660 1
4662 2
4663 2
4664 2
4665 1
4666 1
4667 4
4668 6
4669 5
8550 2
8551 3
8552 4
8553 2
8554 4
8555 5
8556 4
8557 2
8558 2
8559 3
3340 2
3341 1
3342 1
3343 3
3344 4
3345 4
3346 4
3347 4
3349 1
2020 7
3800 5
3801 4
2021 9
3802 3
2022 11
2023 6
3803 6
3804 3
2024 5
2025 7
3805 3
3806 2
2026 4
3807 8
2027 6
3808 5
2028 10
2029 6
3809 5
4670 1
4671 2
4672 1
4673 3
4674 4
4676 2
4677 1
4678 3
4679 3
8560 4
8561 3
8562 6
8563 1
8564 4
8565 4
8566 7
8567 2
8568 3
8569 4
3350 1
3351 2
3353 1
3354 1
3355 2
3356 2
3357 2
3359 2
3810 5
2030 9
3811 1
2031 3
3812 2
2032 3
3813 2
2033 8
3814 3
2034 8
3815 2
2035 8
3816 1
2036 7
2037 5
2038 6
3818 1
3819 2
2039 8
7700 1
7701 1
7702 1
4680 2
4681 5
4682 3
4683 4
7706 1
4685 4
4686 2
7709 1
4687 3
4688 1
4689 3
8570 4
8571 3
8572 3
8573 4
8574 1
8575 3
8576 7
8577 3
8578 1
8579 2
3360 3
3361 3
3362 2
3363 1
3364 1
3365 1
3366 2
3368 2
3369 4
3820 4
2040 12
3821 1
2041 8
3822 1
2042 4
3823 2
2043 9
3824 1
2044 8
3825 1
2045 7
3826 2
2046 10
3827 5
2047 7
3828 4
2048 14
3829 2
2049 8
7712 1
4691 1
4692 1
4693 1
4694 1
4695 5
4696 1
4697 2
4699 1
8580 2
8581 2
2500 4
8582 1
2501 3
8583 3
2502 3
2503 4
2504 3
8586 1
2505 3
2507 4
2508 2
8589 1
2509 4
3370 2
3371 2
3373 1
3374 2
3375 2
3377 2
3378 2
3379 1
2050 12
2051 7
3831 4
3832 3
2052 5
3833 6
2053 12
3834 2
2054 7
3835 1
2055 7
3836 3
2056 10
3837 5
2057 13
3838 4
2058 9
3839 2
2059 8
7726 1
2510 2
2511 5
8592 1
2512 1
2513 5
2515 1
2516 2
8598 1
2517 2
2518 1
2519 1
3381 5
3382 2
3383 5
3384 2
3385 4
3386 2
3387 2
3388 1
7270 1
2060 6
3840 7
3841 2
2061 10
3842 4
2062 9
2063 9
3844 2
2064 10
2065 7
3845 3
2066 3
3846 1
3847 2
2067 8
2068 13
2069 7
3849 5
7731 1
7739 1
2520 1
2521 5
2522 2
2523 2
2524 4
2525 2
2526 1
2527 4
2528 7
2529 1
6406 1
3390 1
3391 1
3392 2
3393 3
3394 3
3395 2
3396 2
3397 4
3398 3
3399 2
1200 45
1201 54
1202 48
1203 50
1204 46
1205 41
1206 59
1207 53
1208 44
-7 1
1209 54
3850 3
2070 10
2071 3
3851 3
2072 5
3853 2
2073 14
2074 7
3855 1
2075 9
3856 2
2076 7
3857 3
2077 6
3858 1
2078 8
3859 2
2079 6
7747 1
2530 3
2531 4
2533 6
2534 3
2535 3
2537 4
2538 2
1210 49
1211 34
1212 46
1213 42
1214 45
1215 48
1216 51
1217 49
1218 52
1219 48
3860 2
2080 11
3861 4
2081 9
3862 1
2082 7
3863 1
2083 12
3864 2
2084 6
3865 2
2085 11
3866 2
2086 7
3867 2
2087 7
2088 4
3868 3
3869 4
2089 7
7751 1
7758 1
2540 7
2541 2
2542 5
2543 2
2544 3
2545 4
2546 5
2547 4
300 2362
2548 1
301 2471
2549 1
302 2418
303 2383
304 2454
305 2317
306 2395
307 2381
308 2340
309 2311
1220 45
1221 42
1222 52
1223 45
1224 49
5100 2
1225 55
5101 4
1226 39
5102 1
1227 55
5103 2
1228 40
5104 3
1229 45
5105 2
5106 1
5109 2
2090 5
3871 2
2091 8
3872 4
2092 7
3873 4
2093 7
3874 3
2094 5
3875 2
2095 7
3876 6
2096 8
2097 3
3877 1
3878 1
2098 8
3879 1
2099 9
7760 1
7769 1
2550 6
2551 3
2552 4
2553 2
2554 6
2555 5
2556 2
310 2273
2557 2
311 2404
2558 4
2559 2
312 2348
313 2375
314 2406
315 2348
6438 1
316 2346
317 2411
318 2348
319 2353
1230 44
1231 37
1232 40
1233 39
1234 43
5110 2
1235 47
5111 1
1236 37
5112 3
1237 44
5113 2
1238 37
5114 5
1239 40
5116 3
5117 4
5118 1
5119 2
3880 3
3881 1
3882 2
3883 2
3884 1
3885 2
3886 5
3887 6
3888 2
3889 4
7778 1
2560 1
2561 6
2562 4
2563 5
2564 3
2565 1
2566 6
2567 5
320 2310
2568 5
321 2444
2569 3
322 2309
323 2335
324 2389
325 2362
326 2308
327 2319
328 2333
329 2323
1240 35
1241 35
1242 44
1243 32
12 1
1244 42
6900 1
5120 1
1245 36
5121 2
1246 33
15 1
5122 3
1247 44
6903 1
16 2
5123 1
1248 45
6904 1
5124 2
1249 33
5125 5
6906 1
5126 3
5127 3
5128 1
5129 2
3890 2
3891 3
3892 1
3893 1
3895 1
3897 2
3898 1
3899 7
1700 6
1701 11
1702 9
1703 8
7785 1
1704 7
1705 3
1706 14
1707 6
1708 13
1709 11
2570 2
2571 1
2572 4
2573 2
2574 1
2576 4
2577 3
330 2273
2578 4
331 2259
2579 3
332 2254
333 2313
334 2275
335 2270
336 2285
337 2195
338 2273
339 2262
1250 46
1251 46
1252 48
21 1
1253 43
22 1
1254 42
5130 1
1255 33
24 1
5131 3
1256 40
6912 1
5132 5
1257 33
26 1
5133 2
1258 29
27 1
5134 1
1259 36
5135 2
28 2
5136 6
5137 2
5138 3
6919 2
5139 1
1710 16
1711 13
7793 1
1712 8
1713 7
1714 9
1715 9
1716 8
7798 2
1717 11
1718 5
1719 4
2580 4
2581 8
2582 5
2583 3
2585 3
6461 1
2586 3
2587 3
340 2221
6463 1
341 2300
2588 2
2589 4
342 2284
343 2242
344 2262
345 2236
346 2288
347 2227
348 2317
349 2256
1260 37
1261 33
1262 36
1263 40
32 1
1264 41
33 2
1265 28
5141 1
34 1
1266 39
6922 1
5142 1
1267 29
800 255
36 3
5143 8
1268 34
801 285
5144 3
1269 31
37 4
802 247
5145 1
38 6
803 261
5146 3
39 3
804 282
5147 2
805 282
5148 2
806 272
807 289
5149 5
808 264
809 265
1720 10
1721 8
1722 5
1723 6
1724 8
1725 9
1726 9
5602 1
1727 8
1728 12
5604 1
1729 7
5605 2
5606 2
2590 2
2591 4
2592 3
2593 7
6470 1
2595 5
2596 1
2597 2
350 2262
2598 3
351 2312
2599 2
352 2177
353 2217
354 2187
355 2331
356 2159
357 2151
358 2235
359 2219
1270 42
1271 29
1272 32
40 3
1273 33
41 4
1274 39
42 3
5150 3
43 9
1275 32
5151 3
1276 31
44 6
5152 1
6932 1
810 263
1277 37
45 10
5153 5
811 243
1278 28
46 15
5154 3
812 251
1279 29
47 22
6935 1
5155 2
813 220
48 53
814 249
5156 3
49 79
815 232
5157 3
5158 4
816 275
6939 1
5159 2
817 239
818 261
819 217
1730 7
1731 8
1732 7
1733 13
1734 8
1735 10
5611 1
1736 9
5612 1
1737 5
1738 12
1739 8
5616 1
5618 1
360 2220
361 2282
362 2163
363 2233
364 2268
6487 1
365 2257
366 2156
367 2170
368 2201
369 2113
1280 30
1281 33
1282 31
50 120
1283 41
51 187
1284 40
52 232
5160 3
1285 31
53 320
5161 1
1286 29
54 411
6942 1
5162 1
1287 39
55 538
820 235
5163 2
1288 31
56 644
821 241
5164 3
1289 31
57 785
822 223
5165 1
58 924
823 241
59 1157
824 228
5167 3
825 236
5168 1
826 245
5169 4
827 216
828 245
829 249
1740 6
1741 7
1742 8
1743 8
1744 11
5620 2
1745 8
1746 7
1747 10
1748 12
5624 1
1749 5
6492 1
370 2127
371 2263
372 2166
373 2128
374 2065
375 2186
376 2307
377 2081
378 2153
379 2225
4300 5
4301 1
4302 3
4303 3
4304 2
4305 2
4306 1
4307 2
4308 3
4309 2
1290 23
1291 35
1292 29
60 1363
1293 45
61 1544
1294 32
62 1759
5170 6
1295 29
63 1921
5171 1
1296 35
64 2213
5172 1
1297 24
65 2312
830 217
5173 4
1298 33
66 2571
831 245
5174 6
1299 24
67 2707
832 222
5175 5
68 2955
833 234
5176 5
69 2932
834 207
5177 2
835 212
5178 3
836 235
5179 3
837 202
838 202
839 216
1750 13
1751 10
1752 11
1753 10
1754 11
5630 1
1755 9
1756 10
1757 8
1758 8
1759 13
5639 1
380 2116
381 2161
382 2108
383 2155
384 2064
385 2152
386 2113
387 2046
388 2127
389 2088
4310 1
4311 3
4312 1
4313 1
4314 1
4315 1
4316 4
4317 1
4319 5
70 3049
71 3127
72 3332
8203 1
5180 3
73 3463
74 3554
5182 4
75 3663
840 218
5183 1
76 3715
841 202
5184 2
77 3759
842 216
5185 2
78 3790
843 195
6966 1
5186 4
79 3888
844 218
5187 4
845 204
5188 3
846 221
5189 3
847 205
848 210
849 218
1760 13
1761 6
1762 9
1763 15
1764 8
1765 6
5640 1
1766 8
5642 2
1767 12
1768 9
1769 12
5646 1
5647 2
5648 2
390 2088
391 2056
392 2054
393 2187
394 2154
395 2130
396 2208
397 2046
398 2114
399 2053
4320 1
4321 3
4322 3
4323 4
4324 3
4325 1
4326 2
4327 1
4328 3
4329 2
8210 1
80 3861
81 4005
82 3876
5190 3
83 4054
5191 1
84 4161
850 205
5192 4
85 4090
851 197
5193 3
86 4202
5194 2
852 214
87 3992
853 203
5195 2
88 4189
6976 1
854 202
5196 3
89 4249
5197 1
855 196
5198 3
856 172
857 186
5199 2
858 166
859 200
3000 1
3001 5
3002 5
3004 4
3005 2
3006 1
3007 5
3008 2
3009 3
1770 7
1771 8
1772 16
1773 11
1774 5
1775 9
1776 7
1777 3
1778 9
1779 11
5654 3
5658 1
4330 4
4331 3
4332 3
4333 6
4334 4
4335 6
4336 3
4337 4
4338 7
4339 2
90 4245
91 4250
92 4160
93 4184
94 4330
95 4371
860 193
96 4390
861 178
97 4294
862 180
98 4507
863 216
99 4299
864 187
865 178
866 196
867 157
868 164
869 170
3010 2
3011 1
3012 3
3013 1
3014 1
3015 4
3016 4
3018 1
3019 1
1780 8
1781 9
1782 8
1783 8
1784 6
5660 1
1785 11
5661 1
1786 5
1787 7
5663 1
1788 7
1789 5
5669 1
4340 4
4341 4
4342 4
4344 2
4345 5
4346 4
4347 3
4349 4
8231 1
870 175
871 173
872 178
873 176
874 158
875 198
876 167
877 176
878 178
879 164
3020 3
4800 3
3021 4
4802 2
3022 2
4803 3
3023 4
3025 4
4805 1
4806 1
3026 1
4807 1
3027 6
4808 1
3028 3
3029 1
4809 1
1790 14
1791 6
1792 13
1793 12
1794 6
1795 9
5671 1
1796 9
1797 6
5673 1
1798 4
1799 9
5675 1
5676 1
5677 1
5678 1
5679 1
4350 3
4351 3
4352 4
4353 3
4354 2
4355 4
4356 1
4357 2
4358 4
4359 1
8242 1
880 155
8246 1
881 158
882 153
883 166
884 138
885 155
886 172
887 146
888 149
889 137
3030 2
4810 4
3031 2
4811 2
3032 1
4812 2
3034 3
3035 3
4816 4
3036 5
4817 3
3037 3
4818 1
3038 4
4819 1
3039 2
5681 1
5682 1
5683 1
5686 1
5687 1
5688 1
5689 1
4360 4
4361 4
4362 1
4363 3
4364 3
4365 2
4366 2
4367 3
4368 6
4369 2
8250 1
890 170
891 138
892 132
893 157
894 153
895 166
896 169
897 156
898 161
899 152
4820 2
3040 4
4821 2
3041 2
4822 1
4823 2
3043 3
3044 2
4824 2
3045 1
4826 6
3046 2
4827 1
3047 1
4828 6
3048 4
4829 4
5690 1
5693 1
5698 1
5699 1
3500 4
3501 5
3502 3
3503 4
3504 3
3505 1
3506 3
3507 3
3508 3
3509 2
4370 7
4371 3
4372 6
4373 5
4375 1
4376 2
4377 2
4378 7
3050 1
4830 2
3051 2
4831 4
4832 2
3053 1
4833 3
4834 1
3054 3
4835 1
4836 2
3056 2
3057 3
4837 3
4839 1
3510 4
3511 1
3512 3
3513 3
3514 3
3515 4
3516 6
3517 4
3518 6
3519 1
4380 3
4381 4
4382 5
7406 1
4383 2
4384 2
4385 4
4386 4
4387 7
4388 5
4389 6
8274 1
4840 2
3060 2
4841 1
3061 2
3062 4
4842 3
3063 3
4843 4
4844 2
3064 1
4845 1
3066 1
4846 2
3067 2
4847 1
4848 2
3069 3
4849 3
3520 6
3521 3
3522 5
3523 3
3524 5
3525 4
3526 2
3527 2
3528 3
3529 4
4390 3
4391 4
4392 5
4393 4
4394 1
4395 5
4396 8
4397 2
4398 4
4399 5
2200 8
2201 4
2202 10
2203 8
2204 3
2205 5
2206 14
2207 5
8288 1
8289 1
2208 5
2209 5
4850 1
3070 2
3071 3
4851 1
3072 4
4853 3
3073 3
3074 1
4854 2
3075 4
4856 1
3076 2
4857 3
3077 5
3078 4
3079 4
3530 3
3531 6
3532 10
3533 2
3535 3
3536 4
3537 5
3538 6
3539 7
8290 1
2210 2
2211 4
2212 3
2213 6
2214 7
2215 8
2216 6
2217 5
2218 3
2219 3
4860 3
3081 1
4861 1
3082 1
4862 3
4863 2
3083 2
3084 1
4864 3
4865 1
3086 1
3087 3
3088 2
4868 2
3089 2
4869 3
3540 2
3541 4
3542 3
3543 3
3544 4
3545 2
3546 3
3547 5
3548 5
3549 4
2220 5
2221 9
2222 6
2223 8
2224 4
2225 6
2226 5
2227 4
2228 8
2229 3
6105 1
3090 1
3091 1
4871 2
3092 2
4872 4
4873 3
3093 3
4874 1
3094 5
4875 1
3095 3
4876 1
3096 5
3097 1
4877 2
3098 2
4878 1
4879 1
3099 2
3550 4
3551 8
3552 5
3553 1
3554 6
3555 5
3556 6
3557 2
3558 3
3559 3
2230 6
2231 4
2232 8
2233 4
2234 5
2235 10
2236 8
2237 4
2238 6
2239 12
6119 1
4880 1
4882 3
4883 2
4884 2
7908 1
4885 1
4886 3
4887 1
4888 1
4889 3
3560 4
3561 5
3562 2
3563 6
3564 4
3565 5
3566 1
3567 1
3568 2
3569 2
2240 4
2241 7
2242 7
2243 8
2244 2
2245 2
6121 1
2246 5
2247 7
2248 5
2249 3
6125 1
4890 2
7914 1
4891 3
4892 2
4893 4
4894 1
4896 3
4897 1
4899 2
2700 4
2701 2
2702 2
2703 3
2704 2
2705 2
2706 3
2707 2
2709 3
3570 4
3571 6
3572 2
3573 3
3574 6
3575 6
3576 2
3577 5
3578 1
3579 2
2250 6
2251 3
2252 2
2253 8
2254 6
2255 8
2256 5
2257 4
6132 1
6133 1
2258 7
6134 1
2259 8
6135 2
6137 1
7923 1
7927 1
2710 5
2711 2
2712 7
2713 4
2715 3
2716 4
2717 2
2718 5
2719 3
3580 1
3581 5
3582 6
3583 7
3584 4
3585 1
3586 6
3587 4
3588 3
3589 3
2260 11
2261 1
2262 5
2263 6
2264 7
2265 6
6141 1
2266 4
6142 1
2267 7
2268 5
2269 6
6145 1
6148 1
7934 1
2720 6
2721 3
2722 7
2723 3
2724 3
2725 3
2726 5
2727 4
2728 2
2729 3
3590 4
3591 2
3592 3
3593 3
3594 5
3595 1
3596 3
3597 5
3599 5
1400 17
1401 17
1402 20
1403 19
1404 16
1405 16
1406 23
1407 16
1408 10
1409 18
2270 4
2271 7
2272 7
2273 6
2274 8
2275 6
2276 8
2277 5
2278 5
6153 1
2279 6
2730 5
2731 5
2732 4
2733 1
2734 4
2735 4
2736 4
2737 1
2738 2
2739 3
1410 22
1411 18
1412 15
1413 23
1414 24
1415 16
1416 10
1417 22
1418 15
1419 22
2280 4
2281 4
2282 7
2283 7
2284 3
6160 3
2285 8
2286 4
2287 6
2288 4
2289 7
6164 2
6166 1
7951 1
7959 1
2741 3
2742 7
2743 5
2744 4
2745 5
2746 2
2747 3
500 1524
501 1506
2748 5
2749 3
502 1485
503 1546
504 1465
505 1521
506 1474
507 1477
508 1441
509 1503
1420 17
1421 26
1422 23
1423 18
1424 23
5300 2
1425 23
1426 16
5302 3
1427 20
5303 3
1428 26
5304 3
1429 20
5305 3
5306 2
5307 4
5308 5
5309 3
2290 4
2291 3
2292 2
2293 11
2294 4
2295 9
2296 2
2297 3
6173 1
2298 7
6174 1
2299 6
6176 1
6177 1
6178 1
7962 1
2750 5
2751 2
2752 3
2753 2
2754 5
2755 2
2756 1
2757 4
510 1458
2758 4
511 1422
2759 2
512 1406
513 1389
514 1474
515 1484
516 1464
517 1417
518 1399
519 1456
1430 16
1431 19
1432 22
1433 18
1434 20
1435 13
5311 1
1436 16
1437 10
5313 2
1438 16
1439 15
5315 1
5316 3
5318 4
6184 1
6185 1
6188 1
6189 1
7976 1
7978 1
2760 4
2761 2
2762 3
2763 3
2764 4
2765 3
2766 5
520 1346
2768 1
521 1425
2769 2
522 1384
523 1451
524 1384
6647 1
525 1400
6648 1
526 1372
527 1359
528 1391
529 1279
1440 15
1441 14
1442 14
1443 12
1444 12
1445 20
5321 3
1446 18
5322 1
1447 16
5323 2
1448 13
5324 1
1449 21
5325 4
5327 4
5328 1
6190 1
6198 1
1900 13
1901 12
1902 16
1903 10
1904 13
1905 13
4000 4
1906 9
1907 9
4002 2
4003 2
1908 12
1909 15
4004 1
4005 3
4006 2
4007 2
4009 2
2770 1
2771 1
2772 4
2773 3
2774 4
2775 4
6651 1
2776 3
2777 2
530 1390
531 1288
2778 3
2779 2
532 1289
533 1371
534 1319
535 1331
536 1278
537 1300
538 1345
539 1334
1450 24
1451 21
1452 22
1453 19
1454 10
5330 1
1455 15
1456 18
5332 1
1457 21
1458 18
1459 20
5335 1
5336 2
5339 1
1910 10
1911 6
1912 6
1913 9
1914 5
4010 2
1915 10
4011 1
1916 8
4012 1
1917 11
4013 1
1918 12
1919 7
4014 3
4015 2
4016 3
4017 3
4018 1
2780 5
2781 3
2782 5
2783 1
2784 5
2785 5
2786 7
540 1265
2787 5
541 1332
2788 3
2789 4
542 1277
6665 1
543 1329
544 1303
545 1278
546 1343
547 1189
548 1207
549 1275
1460 18
1461 13
1462 16
1463 20
1464 16
5340 1
1465 11
1466 17
5342 2
1467 22
5343 2
1468 17
5344 2
1469 12
5345 2
5347 1
5349 4
1920 8
1921 13
1922 11
1923 18
1924 13
5800 2
4020 2
1925 10
4021 3
1926 11
4022 3
1927 12
4023 3
1928 4
4024 3
1929 6
4025 2
4026 4
4027 1
5808 1
4028 1
4029 4
2790 1
2791 1
2792 5
2793 4
2794 3
2795 3
2796 5
2797 3
550 1257
2798 3
551 1264
2799 3
552 1247
553 1223
554 1192
555 1219
556 1182
557 1254
558 1257
559 1189
1470 13
1471 13
1472 15
1473 10
1474 14
5350 5
1475 13
5351 1
1476 9
5352 2
1477 15
5353 1
1478 23
5354 1
1479 11
5355 2
5357 3
5358 3
1930 5
1931 13
1932 3
1933 11
1934 7
1935 12
4030 2
4031 2
1936 9
1937 6
4033 1
1938 10
5813 1
4034 2
1939 12
4035 2
4036 2
4037 2
4038 1
4039 4
560 1200
561 1162
6684 1
562 1221
563 1112
564 1151
565 1201
566 1131
567 1083
568 1132
569 1159
1480 16
1481 10
1482 16
1483 14
1484 26
5360 3
1485 17
5361 1
1486 18
5362 1
1487 18
5363 2
1488 24
5364 1
1489 9
5365 1
5366 2
5369 2
1940 13
1941 4
1942 4
1943 12
1944 6
1945 10
1946 7
4041 4
1947 8
4042 2
4043 1
1948 6
4044 1
1949 11
4045 2
5825 1
4048 1
5828 1
4049 2
570 1149
571 1135
572 1078
573 1156
574 1067
575 1098
576 1092
577 1149
578 1083
579 1078
4500 4
4501 3
4502 2
4503 3
4504 1
4505 6
4506 5
4507 3
4508 1
4509 2
1490 13
1491 14
1492 19
1493 8
1494 13
5370 2
1495 13
5371 2
1496 18
5372 2
1497 8
5373 1
1498 15
1499 7
5375 1
5377 3
5378 2
5379 1
1950 9
1951 6
1952 10
1953 13
1954 12
1955 12
5831 1
1956 14
4051 1
1957 12
4053 1
1958 13
4054 3
1959 11
4055 3
4056 4
4057 5
5838 1
4058 2
4059 1
580 1109
581 1042
582 1126
583 1091
584 992
585 1010
586 1062
587 1034
588 1113
589 1066
4510 2
4511 5
4512 1
4513 6
4514 2
4515 3
4516 2
4517 2
4519 3
8402 2
5380 1
5381 2
5382 2
5383 2
5384 1
5385 2
5386 1
5387 2
5388 1
5389 3
1960 5
1961 7
1962 5
1963 6
1964 10
4060 1
1965 6
4061 2
1966 15
5842 1
4062 2
1967 10
4063 3
1968 11
1969 6
4064 2
5845 1
4065 3
4068 2
4069 2
590 954
591 1031
592 997
593 995
594 952
595 996
596 1031
597 964
598 971
599 948
4520 3
4521 3
4522 1
4523 2
4524 6
4525 2
4526 3
4527 11
4528 3
4529 1
5390 1
5391 3
5392 2
5393 2
8417 1
5394 1
5395 1
8419 1
5397 1
5398 2
5399 2
3200 2
3201 1
3202 1
3203 2
3204 3
3205 4
3206 2
3207 1
3208 6
3209 1
1970 3
1971 3
1972 9
1973 10
1974 7
1975 10
4070 2
1976 13
4071 5
5852 1
4072 1
1977 9
4073 5
1978 8
4074 2
1979 11
5855 1
4075 2
4077 1
4078 1
5859 1
4530 4
4531 2
4532 1
4534 3
4535 1
4537 6
4538 4
4539 5
8422 1
8428 1
3210 6
3211 2
3212 1
3213 3
3214 1
3215 3
3216 1
3217 1
3218 3
3219 5
1980 10
1981 10
1982 12
1983 12
1984 6
4080 2
1985 6
4081 2
1986 8
4082 1
1987 7
4083 1
1988 8
5863 1
4084 1
1989 13
4085 1
4086 4
4087 2
4089 1
4540 4
4541 3
4542 1
4544 2
4546 2
4547 1
4548 2
4549 1
8433 1
8436 1
8437 1
3220 3
3221 2
3222 2
3224 4
3225 3
3226 2
3227 2
3229 1
1990 13
1991 12
1992 8
1993 7
1994 11
5870 2
4090 2
1995 9
4091 1
7114 1
5871 2
1996 5
4092 1
1997 10
1998 8
4094 2
1999 7
4095 1
4096 1
4097 3
4098 1
4099 2
4550 1
4551 4
4552 3
4554 3
4555 3
4557 7
4558 1
4559 2
8443 1
8446 2
8447 1
3230 1
3231 3
3233 1
3234 2
3235 2
3236 2
3237 2
3238 1
5880 1
5884 1
4560 4
4561 3
4562 2
4563 1
4564 2
4565 1
4566 4
4567 4
4568 1
4569 3
3240 5
3241 3
3242 1
3243 2
3244 2
3247 3
3248 2
3249 2
7131 1
5890 2
5891 1
5894 1
5895 1
5896 1
5897 1
3700 6
3701 3
3702 9
3703 6
3704 2
3705 7
3706 4
3707 2
3708 2
3709 4
4570 4
4571 2
4573 3
4574 2
4575 4
4576 4
4577 2
4578 2
8464 1
3250 5
3251 2
3253 2
3254 1
3255 5
3256 1
3257 7
3258 2
3259 3
7140 1
7144 1
7147 1
3710 4
3711 3
3712 3
3713 3
3714 4
3715 3
3716 2
3717 4
3718 2
3719 1
4580 1
4583 2
4584 4
4585 2
4586 4
4587 1
4588 4
4589 4
8470 1
8474 2
3261 1
3263 2
3264 1
3265 2
3266 2
3267 3
3268 1
3269 4
7150 1
7155 1
3720 2
3722 4
3723 4
3724 3
3725 6
3726 6
3727 2
3728 1
3729 1
4590 1
4592 3
4593 3
4594 2
4595 1
4596 2
4598 2
4599 5
2400 3
2401 3
8482 1
2402 3
2403 4
2404 2
8485 3
2405 3
2406 3
2407 4
2408 3
2409 2
3270 4
3271 1
3272 2
3273 1
3274 2
3275 2
3277 2
3278 5
3279 1
3730 4
3731 2
3732 6
3734 6
3735 1
3736 2
3738 3
3739 3
-15 1
-17 1
8491 4
2410 2
2411 4
8492 3
8493 1
2412 3
8494 1
2413 4
2414 6
2415 3
2416 1
8498 1
2417 8
2418 3
2419 4
3280 2
3281 1
3282 1
3283 1
3284 2
3285 2
3286 2
3287 1
3288 2
3289 3
3740 2
3741 2
3742 2
3743 2
3744 2
3745 3
3746 4
3747 1
-20 1
3748 7
3749 3
2420 5
2421 2
2423 3
2424 2
2425 2
2426 3
2427 5
2428 2
2429 6
3290 3
3291 1
3292 1
3293 3
3294 4
3295 1
3296 1
3297 3
3298 1
3299 2
1100 68
1101 68
1102 84
1103 82
1104 62
1105 79
1106 60
1107 63
1108 75
1109 71
3750 2
3751 6
3752 4
3753 3
3754 3
3755 2
3756 5
-30 1
3757 3
3758 5
3759 1
-36 1
2430 3
2431 4
2432 3
2433 3
2434 2
2435 5
2436 6
2437 4
2438 3
2439 4
6314 1
6319 1
1110 70
1111 80
1112 79
1113 65
1114 69
1115 71
1116 67
1117 56
1118 59
1119 74
3760 4
3761 4
3763 2
3764 1
3765 4
3766 3
3767 4
3768 3
3769 3
2440 2
2441 8
2442 4
2443 3
2444 1
2445 3
2446 4
2447 4
200 2938
2448 7
201 2879
2449 2
202 2967
203 2853
204 2884
205 2911
206 2896
207 2859
208 2855
209 2834
2900 4
1120 62
2901 2
1121 59
2902 4
1122 75
2903 3
1123 70
2904 3
1124 73
2905 2
1125 63
5001 1
2906 8
1126 63
5002 1
2907 4
1127 71
5003 2
2908 3
1128 65
2909 1
1129 61
5005 1
5007 2
5008 1
5009 1
3770 4
3771 2
3772 1
3773 1
3774 3
3775 2
3776 5
3777 2
3778 2
3779 4
-53 1
7662 1
2450 4
2451 3
2452 6
2453 5
2454 3
2455 5
2456 1
2457 1
210 2806
2458 2
211 2856
2459 6
212 2786
213 2752
214 2908
6337 1
215 2871
216 2806
217 2801
218 2782
219 2721
2910 4
1130 76
2911 2
1131 63
2912 3
1132 72
1133 73
2914 5
1134 49
2915 9
5010 2
1135 56
5011 2
2916 3
1136 60
2917 1
1137 67
5013 1
2918 4
1138 63
2919 2
1139 59
5015 4
5016 2
5017 2
5018 2
5019 1
3780 4
3782 2
3783 2
3784 2
3785 3
3786 4
3787 4
3788 4
3789 3
7670 1
2460 2
2461 7
2462 1
2463 2
2464 2
6341 2
2466 5
2467 5
220 2733
2468 6
221 2722
2469 1
222 2822
223 2736
224 2767
225 2750
226 2733
227 2713
228 2782
229 2677
1140 83
2920 4
1141 74
2921 2
2922 5
1142 59
1143 47
2923 3
2924 4
1144 71
2925 2
1145 72
5021 1
1146 74
2926 8
2927 1
5022 2
1147 69
5023 1
2928 5
1148 76
5024 1
2929 2
1149 65
5026 1
5027 2
5028 2
5029 2
3790 1
3791 4
3792 1
3793 2
3794 4
3795 3
3796 5
3797 3
3798 4
3799 4
7681 1
1600 13
1601 5
1602 11
1603 12
1604 10
1605 12
1606 6
7688 1
1607 8
1608 8
1609 13
2470 2
2471 5
2472 5
2473 3
2474 5
2475 3
2476 6
2477 3
230 2693
2478 2
231 2657
232 2644
2479 5
233 2667
234 2646
235 2679
236 2651
6359 2
237 2563
238 2570
239 2686
2930 1
1150 65
2931 5
1151 70
2932 6
1152 60
2933 3
1153 62
2934 3
1154 63
5030 1
2935 3
1155 48
2936 3
5031 2
1156 71
2937 2
5032 3
1157 57
2938 3
1158 52
2939 1
5034 1
1159 63
5035 1
5037 1
5038 2
5039 3
1610 12
1611 15
1612 8
7693 1
1613 14
1614 12
7696 1
1615 6
1616 8
1617 5
7699 1
1618 11
1619 8
2480 1
2482 2
2483 4
2484 2
2485 4
2486 3
2487 3
240 2676
241 2567
2489 4
242 2565
243 2710
244 2675
245 2618
246 2511
247 2602
248 2604
249 2528
2940 2
1160 52
2941 3
1161 49
2942 4
1162 60
2943 3
1163 61
2944 5
1164 55
5040 2
2945 1
6820 1
1165 61
5041 2
2946 2
1166 57
2947 2
5042 2
1167 70
700 538
5043 2
2948 4
1168 71
701 525
2949 2
5044 2
1169 57
702 532
5045 4
703 494
5046 1
704 492
5047 1
705 524
5048 1
6828 1
706 493
6829 1
5049 5
707 498
708 515
709 495
1620 13
1621 17
1622 12
1623 10
1624 9
5500 3
1625 12
1626 13
5502 1
1627 9
1628 3
5503 2
1629 7
5505 1
5506 1
5507 1
5508 1
5509 2
2490 4
2491 6
2492 1
2493 2
2494 3
2495 4
2496 2
2497 3
250 2576
2498 2
251 2567
2499 4
252 2520
253 2534
254 2486
255 2553
6378 1
256 2481
6379 1
257 2479
258 2503
259 2435
2950 1
1170 57
1171 50
2952 1
1172 57
2953 5
1173 48
2954 4
1174 63
2955 3
1175 51
2956 2
5051 2
1176 59
5052 2
2957 2
1177 57
710 481
2958 1
5053 2
1178 74
711 467
5054 2
2959 5
1179 62
712 460
713 479
5056 3
6836 1
714 477
5057 2
715 505
5058 2
716 485
5059 2
717 457
718 457
719 499
1630 8
1631 13
1632 7
1633 8
1634 10
5510 2
1635 9
1636 15
5512 1
1637 9
5513 3
1638 9
1639 3
5514 2
5515 1
5518 1
5519 1
260 2519
261 2523
262 2470
263 2552
264 2463
265 2584
266 2578
267 2516
268 2489
269 2475
2960 3
1180 62
2961 2
1181 66
1182 55
2962 4
2963 2
1183 42
2964 1
1184 52
1185 49
2965 3
5061 2
2966 2
1186 56
5062 1
2967 5
1187 55
720 474
5063 2
2968 1
1188 64
721 468
2969 3
5064 5
1189 64
722 453
723 470
724 435
5067 3
725 492
726 483
5069 3
727 442
728 455
729 422
1640 6
1641 13
1642 10
1643 10
1644 12
1645 12
5521 1
1646 13
5522 2
1647 7
1648 9
1649 10
5525 1
5526 2
270 2566
6393 1
271 2459
272 2449
273 2518
274 2481
275 2446
276 2465
277 2571
278 2483
279 2484
4200 3
4201 3
4202 1
4204 4
4205 3
4206 2
4207 1
4208 2
4209 2
2970 2
1190 53
2971 5
1191 51
2972 6
1192 48
2973 4
1193 61
2974 1
1194 53
2975 4
1195 60
5071 1
2976 4
1196 45
2977 3
730 451
5072 3
1197 51
2978 1
5073 4
731 455
1198 54
2979 1
732 419
5074 2
1199 46
5075 2
733 471
734 417
735 480
5077 3
5078 4
736 423
737 422
738 419
739 384
1650 9
1651 13
1652 13
1653 5
1654 7
1655 6
1656 7
5532 1
1657 6
5533 1
1658 10
5534 1
1659 9
5535 1
5536 1
5537 2
280 2308
281 2501
282 2470
283 2537
284 2420
285 2343
286 2406
287 2455
288 2442
289 2573
4210 1
4211 2
4212 2
4214 1
4215 1
4217 2
4218 2
4219 1
2980 3
2981 2
2983 3
8102 1
2984 4
2985 5
5080 5
5081 1
2986 4
2987 1
5082 1
740 375
2988 1
741 434
2989 3
5084 1
742 405
743 397
5086 3
744 384
745 382
5088 2
746 402
6869 1
747 411
748 383
749 399
1660 9
1661 10
1662 11
1663 5
1664 8
1665 14
5540 1
5541 2
1666 8
5542 2
1667 14
5543 3
1668 7
5544 1
1669 8
5545 2
5546 1
5548 1
290 2494
291 2437
292 2405
293 2414
294 2456
295 2386
296 2487
297 2368
298 2402
299 2264
4220 3
4221 3
4222 1
4223 2
4224 5
4225 2
4226 2
4227 2
4228 2
4229 3
2991 2
2992 3
2993 4
2994 1
2995 2
5090 2
6871 1
5091 1
2996 1
8114 1
5092 2
8115 1
2997 4
750 365
5093 2
2998 3
8116 1
751 424
5094 2
752 345
5095 1
753 367
5096 3
754 366
5097 2
755 372
756 343
5099 2
757 366
758 352
759 319
1670 9
1671 11
1672 8
1673 11
1674 6
5550 1
1675 12
1676 14
1677 13
1678 8
1679 13
5555 2
5556 1
5557 4
5558 1
5559 2
4230 4
4232 1
4233 1
4234 2
4235 1
4236 1
4237 1
4238 2
4239 2
6880 1
8124 1
760 341
8126 2
761 319
762 342
763 350
764 341
765 358
766 352
767 362
768 358
769 325
1680 7
1681 14
1682 6
1683 12
1684 6
1685 11
1686 5
5561 2
1687 14
5563 2
1688 7
1689 13
5568 2
5569 1
4240 3
4241 1
4243 1
4244 2
4245 4
4247 1
4248 4
4249 1
770 367
771 319
6894 1
772 348
773 332
774 328
6897 1
775 323
6898 1
776 335
6899 1
777 319
778 328
779 322
4700 2
4701 2
4702 1
4703 2
4704 2
4705 2
4706 2
4707 1
4709 2
1690 10
1691 6
1692 10
1693 9
1694 14
5570 1
1695 6
5571 1
1696 9
1697 8
1698 6
5573 1
1699 11
5578 1
5579 2
4250 2
4251 1
4252 3
4253 1
4254 3
4255 3
4256 2
4257 5
4258 4
4259 3
8143 1
780 297
781 298
782 320
783 320
784 336
785 272
786 302
787 279
788 276
789 259
4710 2
4711 2
4712 2
4713 3
4714 2
4715 3
4716 5
4717 1
4718 1
4719 2
8600 1
8602 1
5581 1
5584 1
5585 2
5586 1
4260 1
4261 4
4263 1
4264 4
4265 1
4266 1
4267 3
4268 1
4269 3
8154 1
790 293
791 309
792 297
793 289
794 293
795 254
796 278
797 299
798 270
799 253
4720 2
4721 1
4722 2
4723 2
4726 2
4729 4
8613 1
5592 1
5595 2
8619 1
5598 1
5599 1
3400 5
3401 1
3402 4
3403 3
3404 2
3405 3
3407 4
3408 6
3409 2
4271 2
4272 3
4273 2
4274 2
4275 3
4276 2
4277 1
4278 5
4279 1
8168 1
4730 1
4731 1
4733 1
4734 2
4736 4
4737 2
4738 1
4739 1
3410 2
3411 3
3412 5
3413 2
3414 1
3415 5
3416 4
3417 5
3418 5
3419 4
4280 1
4281 1
4283 3
4284 3
4285 1
4286 3
4287 1
4288 3
4740 1
4741 3
4742 1
4743 3
4744 3
4745 1
4746 2
4747 4
4748 2
4749 1
3421 1
3422 1
3423 1
3424 3
3425 3
3426 1
3427 1
3429 3
4290 3
4291 4
4292 2
4293 2
4294 2
4296 3
4297 3
4298 2
4299 6
2100 7
2101 10
8183 1
2102 12
8184 1
2103 4
2104 11
2105 3
2106 4
2107 5
2108 12
2109 11
4751 1
4752 2
4753 3
4754 3
4755 4
4756 1
4757 1
4758 2
4759 2
3430 5
3431 5
3432 4
3433 4
3434 6
3435 4
3436 4
3437 3
3438 2
3439 6
2110 9
2111 6
2112 7
2113 2
2114 14
8196 1
2115 2
2116 13
2117 11
2118 7
2119 7
4761 3
4762 1
4763 2
4764 1
4765 1
4766 2
4768 1
4769 1
3440 6
3441 2
3442 4
3443 2
3444 6
3445 1
3446 3
3447 3
3448 3
3449 3
3900 1
2120 8
3901 2
2121 8
3902 2
2122 7
3903 2
2123 9
3904 3
2124 4
2125 7
2126 8
3907 2
2127 5
2128 3
3908 5
3909 4
2129 3
6009 1
4770 4
4771 2
4772 1
4774 1
4776 2
4778 4
4779 4
3450 3
3451 7
3452 3
3453 2
3454 3
3455 4
3457 4
3458 5
3459 3
2130 5
2131 8
3912 1
2132 10
3913 2
2133 9
3914 1
2134 4
3915 1
2135 6
3916 2
2136 7
2137 4
3917 1
3918 4
2138 6
3919 2
2139 9
4780 2
4781 2
7805 2
4782 2
4783 1
4785 3
4786 1
4788 3
4789 1
3460 3
3461 3
3462 4
3463 3
3464 4
3465 1
3466 4
3467 5
3468 2
3469 1
3920 2
2140 7
3921 2
2141 5
3922 1
2142 5
3923 3
2143 10
2144 6
3924 7
2145 4
3925 4
3926 3
2146 6
2147 6
3927 1
2148 5
3928 1
2149 4
3929 2
7811 1
4790 1
4791 1
7815 1
7817 1
4794 3
7819 1
4796 2
4797 2
4798 1
4799 1
2600 5
2601 4
2602 3
2603 3
2604 6
2605 7
2606 3
2607 3
2609 4
3470 6
3471 3
3472 4
3473 1
3474 2
3475 5
3476 5
3477 2
3478 5
3479 1
3930 1
2150 5
3931 2
2151 8
3932 1
2152 5
3933 2
2153 12
2154 2
3934 3
3935 3
2155 8
3936 2
2156 10
3937 3
2157 8
3938 2
2158 5
2159 6
3939 3
7828 1
2610 1
2611 2
2612 2
2613 3
2614 4
2615 3
2616 6
2617 3
2618 3
2619 9
3480 1
3481 2
3482 5
3483 2
3484 3
3485 4
3486 5
3487 5
3488 2
3489 2
7377 1
3940 3
2160 7
3941 2
2161 8
3942 2
2162 4
3943 3
2163 7
2164 8
2165 6
3946 2
2166 10
3947 3
2167 4
3948 1
2168 5
2169 7
7830 1
7837 1
7838 1
2620 3
