1581408001 1
1581408003 2
1581408004 1
1581408005 1
1581408006 2
1581408006 2
1581408008 1
1581408009 2
1581408010 3
1581408012 1
1581408013 2
1581408014 1
1581408019 3
1581408020 2
1581408021 2
1581408022 4
1581408023 1
1581408025 2
1581408026 1
1581408027 1
1581408028 2
1581408029 3
1581408030 1
1581408031 2
1581408032 1
1581408033 3
1581408035 4
1581408036 2
1581408039 2
1581408040 2
1581408041 1
1581408042 1
1581408045 2
1581408046 1
1581408047 3
1581408049 3
1581408050 1
1581408051 1
1581408052 1
1581408053 2
1581408055 1
1581408056 1
1581408057 1
1581408058 2
1581408059 1
1581408060 2
1581408062 3
1581408064 3
1581408065 3
1581408066 3
1581408067 3
1581408067 1
1581408071 2
1581408072 1
1581408074 1
1581408075 4
1581408076 2
1581408077 1
1581408079 1
1581408080 2
1581408082 1
1581408083 3
1581408084 2
1581408088 2
1581408089 1
1581408090 3
1581408091 2
1581408093 3
1581408094 1
1581408095 2
1581408096 1
1581408097 2
1581408098 1
1581408098 1
1581408100 2
1581408101 2
1581408102 3
1581408103 1
1581408104 1
1581408106 1
1581408107 2
1581408107 1
1581408109 1
1581408110 2
1581408111 4
1581408112 2
1581408113 2
1581408114 4
1581408115 2
1581408117 3
1581408118 3
1581408121 1
1581408122 1
1581408123 2
1581408124 5
1581408125 6
1581408127 3
1581408127 3
1581408129 2
1581408130 1
1581408131 2
1581408132 1
1581408133 4
1581408134 1
1581408135 1
1581408137 1
1581408138 1
1581408139 2
1581408139 2
1581408141 4
1581408142 3
1581408144 2
1581408146 2
1581408148 2
1581408149 1
1581408151 1
1581408152 1
1581408153 3
1581408154 4
1581408155 1
1581408157 2
1581408159 1
1581408160 3
1581408161 1
1581408162 1
1581408163 3
1581408163 1
1581408166 4
1581408167 4
1581408168 1
1581408169 1
1581408171 3
1581408172 3
1581408173 2
1581408174 3
1581408175 2
1581408176 3
1581408177 4
1581408178 1
1581408179 1
1581408180 2
1581408181 2
1581408182 3
1581408183 2
1581408184 2
1581408185 2
1581408187 2
1581408188 2
1581408189 3
1581408190 1
1581408191 1
1581408192 2
1581408193 2
1581408196 2
1581408197 2
1581408198 3
1581408199 2
1581408200 1
1581408201 1
1581408202 4
1581408203 1
1581408204 2
1581408204 1
1581408206 1
1581408206 2
1581408208 3
1581408210 2
1581408212 4
1581408213 3
1581408215 1
1581408216 2
1581408218 1
1581408219 3
1581408221 2
1581408222 1
1581408223 1
1581408224 3
1581408225 1
1581408226 3
1581408227 3
1581408228 3
1581408229 2
1581408230 1
1581408231 2
1581408232 2
1581408234 1
1581408236 1
1581408236 1
1581408238 3
1581408239 3
1581408240 1
1581408241 3
1581408242 2
1581408244 1
1581408245 4
1581408247 2
1581408248 1
1581408248 1
1581408250 2
1581408251 1
1581408252 2
1581408253 1
1581408254 1
1581408256 1
1581408257 1
1581408258 2
1581408259 2
1581408260 2
1581408261 1
1581408262 1
1581408264 4
1581408265 1
1581408266 3
1581408267 2
1581408268 3
1581408269 2
1581408270 1
1581408271 2
1581408272 3
1581408273 1
1581408275 1
1581408276 1
1581408278 2
1581408280 1
1581408281 1
1581408282 2
1581408282 2
1581408285 2
1581408286 1
1581408287 1
1581408288 2
1581408289 3
1581408290 3
1581408291 3
1581408293 3
1581408295 2
1581408296 1
1581408297 1
1581408299 1
1581408300 4
1581408302 2
1581408304 1
1581408305 1
1581408306 2
1581408307 1
1581408308 4
1581408309 1
1581408310 4
1581408311 1
1581408312 1
1581408313 2
1581408315 2
1581408316 2
1581408317 1
1581408317 1
1581408319 5
1581408320 3
1581408321 3
1581408323 6
1581408325 4
1581408326 1
1581408326 2
1581408328 1
1581408328 1
1581408330 5
1581408331 3
1581408332 2
1581408334 1
1581408335 2
1581408337 2
1581408338 1
1581408340 1
1581408341 1
1581408342 1
1581408344 1
1581408345 2
1581408346 2
1581408346 4
1581408348 1
1581408349 1
1581408350 2
1581408351 3
1581408352 1
1581408354 4
1581408355 2
1581408356 2
1581408356 3
1581408358 1
1581408358 3
1581408360 4
1581408361 3
1581408362 1
1581408364 2
1581408365 2
1581408366 2
1581408367 2
1581408368 1
1581408369 3
1581408370 4
1581408371 2
1581408374 2
1581408375 2
1581408378 4
1581408379 2
1581408380 2
1581408382 1
1581408383 1
1581408384 1
1581408386 2
1581408387 3
1581408389 2
1581408390 3
1581408391 2
1581408393 1
1581408395 2
1581408396 1
1581408397 1
1581408398 2
1581408399 3
1581408400 3
1581408401 1
1581408402 1
1581408402 1
1581408405 1
1581408407 1
1581408407 2
1581408409 6
1581408410 4
1581408411 1
1581408412 3
1581408413 1
1581408414 3
1581408414 1
1581408416 1
1581408417 3
1581408418 1
1581408419 1
1581408420 3
1581408422 2
1581408423 3
1581408424 2
1581408425 1
1581408426 3
1581408427 1
1581408427 1
1581408430 1
1581408431 1
1581408432 1
1581408434 2
1581408434 2
1581408436 2
1581408438 2
1581408439 3
1581408440 1
1581408442 2
1581408443 2
1581408444 2
1581408445 1
1581408446 1
1581408447 1
1581408448 1
1581408449 1
1581408450 2
1581408452 1
1581408453 1
1581408454 2
1581408455 2
1581408457 1
1581408458 2
1581408460 1
1581408461 1
1581408462 2
1581408463 1
1581408463 2
1581408466 8
1581408468 2
1581408469 1
1581408470 1
1581408472 3
1581408474 3
1581408476 1
1581408479 4
1581408480 1
1581408481 2
1581408483 1
1581408484 2
1581408486 4
1581408486 1
1581408488 2
1581408489 1
1581408490 1
1581408491 1
1581408492 1
1581408494 1
1581408495 2
1581408496 1
1581408497 2
1581408498 2
1581408499 2
1581408500 1
1581408502 2
1581408503 2
1581408504 3
1581408506 3
1581408507 4
1581408508 4
1581408509 2
1581408511 1
1581408512 1
1581408513 2
1581408514 2
1581408514 3
1581408516 1
1581408517 2
1581408518 3
1581408519 1
1581408520 5
1581408521 1
1581408522 3
1581408523 1
1581408523 1
1581408525 2
1581408526 2
1581408527 1
1581408528 3
1581408528 3
1581408530 1
1581408531 1
1581408532 1
1581408533 2
1581408533 1
1581408535 2
1581408536 4
1581408536 1
1581408540 1
1581408542 2
1581408543 3
1581408544 5
1581408545 1
1581408546 2
1581408547 1
1581408547 2
1581408550 2
1581408551 2
1581408552 2
1581408552 2
1581408554 1
1581408555 5
1581408557 3
1581408558 1
1581408559 1
1581408560 3
1581408561 1
1581408562 1
1581408563 1
1581408564 1
1581408565 1
1581408566 2
1581408568 1
1581408569 3
1581408571 3
1581408572 1
1581408573 5
1581408574 1
1581408575 2
1581408576 2
1581408577 3
1581408578 1
1581408579 3
1581408580 2
1581408581 5
1581408582 2
1581408583 4
1581408584 1
1581408585 1
1581408586 2
1581408587 2
1581408588 1
1581408590 1
1581408591 4
1581408592 1
1581408593 1
1581408594 2
1581408595 1
1581408595 3
1581408597 2
1581408598 1
1581408599 2
1581408601 3
1581408602 1
1581408603 2
1581408605 1
1581408606 1
1581408606 2
1581408608 2
1581408610 1
1581408613 2
1581408614 2
1581408615 1
1581408616 1
1581408618 2
1581408619 2
1581408620 1
1581408621 1
1581408622 1
1581408623 2
1581408624 3
1581408625 1
1581408626 3
1581408628 2
1581408629 4
1581408630 1
1581408631 3
1581408632 1
1581408634 1
1581408635 1
1581408637 1
1581408637 3
1581408639 3
1581408640 1
1581408641 1
1581408643 5
1581408644 2
1581408647 3
1581408648 1
1581408649 2
1581408651 1
1581408652 1
1581408653 1
1581408654 2
1581408655 1
1581408656 1
1581408657 4
1581408658 2
1581408658 1
1581408660 1
1581408661 4
1581408662 1
1581408663 2
1581408663 2
1581408665 1
1581408667 1
1581408668 2
1581408669 2
1581408671 1
1581408672 3
1581408673 1
1581408674 1
1581408674 2
1581408676 1
1581408677 1
1581408678 1
1581408679 1
1581408680 3
1581408681 1
1581408681 3
1581408683 1
1581408684 1
1581408685 1
1581408686 2
1581408687 2
1581408688 2
1581408688 3
1581408690 3
1581408691 4
1581408692 2
1581408693 1
1581408693 3
1581408695 1
1581408696 3
1581408697 2
1581408698 1
1581408699 1
1581408700 1
1581408701 1
1581408702 3
1581408703 1
1581408704 2
1581408705 4
1581408706 1
1581408707 2
1581408707 3
1581408709 2
1581408710 2
1581408711 3
1581408712 1
1581408712 1
1581408715 1
1581408716 1
1581408717 2
1581408718 3
1581408719 3
1581408721 3
1581408722 1
1581408727 4
1581408728 2
1581408730 1
1581408731 2
1581408731 3
1581408733 2
1581408734 2
1581408735 1
1581408736 1
1581408737 2
1581408740 1
1581408741 1
1581408742 5
1581408744 1
1581408745 2
1581408746 4
1581408750 3
1581408752 1
1581408753 1
1581408754 3
1581408755 1
1581408756 3
1581408757 1
1581408758 1
1581408759 2
1581408760 1
1581408762 2
1581408764 5
1581408765 1
1581408766 1
1581408767 2
1581408767 1
1581408770 3
1581408772 2
1581408773 1
1581408774 4
1581408775 3
1581408776 2
1581408777 2
1581408777 3
1581408779 2
1581408780 1
1581408781 1
1581408782 2
1581408783 2
1581408784 2
1581408790 2
1581408791 3
1581408792 1
1581408795 1
1581408796 1
1581408798 2
1581408799 2
1581408800 2
1581408803 3
1581408804 1
1581408806 1
1581408807 1
1581408808 2
1581408808 2
1581408811 2
1581408812 2
1581408813 1
1581408814 1
1581408815 1
1581408816 2
1581408817 2
1581408818 2
1581408819 1
1581408820 2
1581408821 4
1581408822 2
1581408823 3
1581408826 3
1581408828 1
1581408829 1
1581408830 3
1581408832 1
1581408833 2
1581408834 3
1581408835 1
1581408836 2
1581408837 3
1581408838 2
1581408839 1
1581408841 2
1581408842 1
1581408843 2
1581408845 4
1581408845 1
1581408848 3
1581408849 3
1581408850 1
1581408851 1
1581408855 2
1581408856 2
1581408859 2
1581408860 1
1581408861 1
1581408862 3
1581408863 1
1581408865 2
1581408867 5
1581408868 3
1581408869 1
1581408870 1
1581408871 1
1581408872 1
1581408873 1
1581408874 2
1581408876 1
1581408879 1
1581408880 3
1581408881 1
1581408882 3
1581408883 2
1581408885 1
1581408886 3
1581408889 2
1581408890 2
1581408891 2
1581408891 1
1581408893 2
1581408894 1
1581408895 1
1581408897 1
1581408898 1
1581408898 1
1581408900 1
1581408901 2
1581408902 1
1581408904 1
1581408906 1
1581408907 1
1581408908 3
1581408910 1
1581408911 2
1581408912 1
1581408913 2
1581408915 1
1581408916 1
1581408918 2
1581408919 1
1581408920 4
1581408921 1
1581408922 1
1581408924 1
1581408925 3
1581408927 4
1581408928 1
1581408929 2
1581408932 2
1581408933 1
1581408934 1
1581408935 1
1581408937 3
1581408938 3
1581408939 1
1581408940 3
1581408941 1
1581408941 3
1581408943 2
1581408945 2
1581408946 3
1581408947 3
1581408948 1
1581408949 3
1581408950 1
1581408951 2
1581408951 3
1581408953 2
1581408955 1
1581408956 4
1581408957 1
1581408959 2
1581408960 4
1581408961 1
1581408963 2
1581408964 1
1581408965 1
1581408966 3
1581408968 3
1581408969 3
1581408970 1
1581408971 1
1581408972 3
1581408975 1
1581408976 2
1581408977 1
1581408977 3
1581408979 1
1581408980 2
1581408981 1
1581408982 1
1581408983 3
1581408984 2
1581408985 1
1581408987 2
1581408988 1
1581408990 1
1581408991 3
1581408992 3
1581408993 1
1581408994 2
1581408995 3
1581408995 2
1581408997 4
1581408998 3
1581408999 1
1581409000 1
1581409000 1
1581409002 2
1581409003 4
1581409006 1
1581409007 1
1581409008 1
1581409009 2
1581409010 3
1581409011 1
1581409014 3
1581409016 1
1581409017 1
1581409018 2
1581409019 3
1581409020 4
1581409021 1
1581409024 2
1581409026 1
1581409029 2
1581409030 1
1581409032 1
1581409033 2
1581409034 4
1581409035 1
1581409036 3
1581409038 4
1581409038 4
1581409040 1
1581409041 2
1581409042 1
1581409043 3
1581409043 1
1581409045 3
1581409046 2
1581409047 1
1581409050 3
1581409051 1
1581409052 2
1581409053 2
1581409054 3
1581409055 1
1581409057 1
1581409058 3
1581409060 1
1581409061 3
1581409062 1
1581409063 1
1581409065 2
1581409066 2
1581409068 2
1581409070 1
1581409071 1
1581409072 3
1581409073 1
1581409074 1
1581409075 2
1581409076 1
1581409079 2
1581409080 1
1581409081 2
1581409084 4
1581409086 1
1581409088 3
1581409090 1
1581409091 5
1581409092 2
1581409094 1
1581409095 1
1581409096 3
1581409097 2
1581409099 2
1581409100 1
1581409101 1
1581409103 1
1581409104 2
1581409105 5
1581409106 3
1581409107 3
1581409108 1
1581409109 3
1581409110 2
1581409111 1
1581409112 3
1581409114 1
1581409115 3
1581409116 2
1581409117 2
1581409119 2
1581409120 2
1581409121 2
1581409123 3
1581409124 4
1581409126 1
1581409129 1
1581409130 1
1581409131 2
1581409132 1
1581409134 1
1581409136 2
1581409137 2
1581409138 2
1581409139 2
1581409140 2
1581409141 4
1581409142 1
1581409143 2
1581409145 4
1581409146 1
1581409147 2
1581409148 2
1581409150 1
1581409151 1
1581409152 3
1581409153 1
1581409155 3
1581409156 1
1581409157 1
1581409161 3
1581409162 2
1581409163 2
1581409164 3
1581409165 3
1581409166 2
1581409169 1
1581409170 3
1581409170 1
1581409172 1
1581409173 4
1581409174 1
1581409175 2
1581409177 1
1581409178 3
1581409179 2
1581409180 1
1581409181 2
1581409183 1
1581409184 1
1581409185 2
1581409186 1
1581409188 1
1581409189 3
1581409190 1
1581409192 1
1581409193 2
1581409193 1
1581409195 2
1581409195 4
1581409198 1
1581409199 1
1581409200 1
1581409201 2
1581409202 1
1581409204 3
1581409205 1
1581409206 1
1581409207 2
1581409208 4
1581409209 4
1581409209 2
1581409212 3
1581409213 1
1581409217 2
1581409218 2
1581409220 2
1581409221 1
1581409223 1
1581409225 4
1581409226 2
1581409227 3
1581409228 3
1581409229 4
1581409231 1
1581409232 4
1581409233 2
1581409234 1
1581409235 1
1581409236 2
1581409237 2
1581409239 2
1581409239 4
1581409241 2
1581409242 2
1581409243 3
1581409244 1
1581409245 3
1581409246 2
1581409247 2
1581409248 1
1581409249 3
1581409251 2
1581409252 1
1581409253 1
1581409254 4
1581409255 2
1581409257 1
1581409258 1
1581409259 2
1581409260 1
1581409261 3
1581409262 1
1581409263 2
1581409264 3
1581409265 2
1581409267 1
1581409268 2
1581409269 3
1581409270 2
1581409271 1
1581409271 3
1581409273 3
1581409274 1
1581409275 2
1581409276 4
1581409277 2
1581409279 1
1581409280 1
1581409282 2
1581409285 3
1581409286 3
1581409287 3
1581409288 1
1581409289 6
1581409290 2
1581409291 2
1581409293 2
1581409294 2
1581409295 3
1581409296 2
1581409299 2
1581409300 4
1581409301 2
1581409302 2
1581409303 4
1581409306 1
1581409307 2
1581409308 1
1581409309 1
1581409310 1
1581409312 4
1581409313 2
1581409314 1
1581409315 2
1581409316 1
1581409316 2
1581409318 1
1581409319 3
1581409320 1
1581409321 1
1581409321 2
1581409323 1
1581409324 2
1581409326 2
1581409327 4
1581409328 3
1581409330 1
1581409333 2
1581409335 3
1581409336 2
1581409337 2
1581409338 2
1581409339 3
1581409340 1
1581409341 1
1581409343 2
1581409345 1
1581409346 2
1581409347 2
1581409349 1
1581409350 3
1581409351 3
1581409352 2
1581409353 1
1581409354 1
1581409355 3
1581409355 2
1581409358 1
1581409358 2
1581409360 2
1581409361 4
1581409362 4
1581409364 2
1581409365 3
1581409366 1
1581409367 2
1581409368 3
1581409369 2
1581409370 4
1581409371 2
1581409372 4
1581409373 1
1581409374 4
1581409375 2
1581409376 2
1581409378 1
1581409379 1
1581409381 3
1581409382 1
1581409383 2
1581409385 1
1581409386 4
1581409387 3
1581409388 2
1581409389 2
1581409391 3
1581409392 2
1581409393 3
1581409398 1
1581409399 3
1581409400 2
1581409401 1
1581409402 1
1581409404 5
1581409405 1
1581409406 1
1581409407 2
1581409409 1
1581409411 1
1581409412 1
1581409413 1
1581409414 2
1581409414 5
1581409418 2
1581409420 1
1581409421 1
1581409422 1
1581409423 1
1581409424 4
1581409425 2
1581409427 2
1581409428 2
1581409430 3
1581409431 1
1581409432 2
1581409433 2
1581409434 1
1581409435 3
1581409437 2
1581409438 2
1581409439 1
1581409440 2
1581409441 1
1581409443 1
1581409444 1
1581409446 3
1581409447 1
1581409448 3
1581409449 3
1581409450 2
1581409451 2
1581409452 1
1581409455 1
1581409456 1
1581409457 3
1581409458 2
1581409459 2
1581409461 1
1581409465 2
1581409466 3
1581409467 1
1581409467 2
1581409470 2
1581409471 1
1581409472 3
1581409473 2
1581409474 1
1581409475 1
1581409476 1
1581409476 3
1581409478 1
1581409480 2
1581409483 2
1581409486 2
1581409487 4
1581409489 1
1581409490 2
1581409491 1
1581409492 1
1581409493 1
1581409495 1
1581409496 2
1581409498 2
1581409499 1
1581409500 3
1581409500 2
1581409502 4
1581409504 4
1581409505 2
1581409507 1
1581409509 1
1581409510 1
1581409511 2
1581409513 2
1581409514 4
1581409515 3
1581409516 1
1581409516 3
1581409518 1
1581409519 3
1581409520 3
1581409521 3
1581409522 3
1581409523 4
1581409524 2
1581409525 3
1581409526 1
1581409527 1
1581409528 2
1581409529 2
1581409530 3
1581409532 2
1581409533 1
1581409533 1
1581409536 4
1581409539 3
1581409539 2
1581409541 2
1581409542 3
1581409543 1
1581409546 1
1581409547 2
1581409548 1
1581409550 2
1581409551 1
1581409552 1
1581409553 3
1581409553 2
1581409555 1
1581409556 2
1581409557 1
1581409558 2
1581409559 3
1581409560 2
1581409561 3
1581409563 1
1581409565 2
1581409566 1
1581409567 3
1581409570 3
1581409572 2
1581409573 5
1581409573 1
1581409575 4
1581409576 1
1581409577 2
1581409578 1
1581409579 1
1581409580 2
1581409582 2
1581409584 1
1581409585 1
1581409588 1
1581409589 2
1581409590 2
1581409591 2
1581409591 5
1581409593 3
1581409594 2
1581409595 1
1581409596 1
1581409596 4
1581409598 1
1581409599 2
1581409600 1
1581409601 1
1581409602 3
1581409604 1
1581409605 2
1581409606 2
1581409607 2
1581409608 4
1581409609 1
1581409611 3
1581409614 1
1581409615 3
1581409616 2
1581409617 1
1581409618 6
1581409619 4
1581409620 3
1581409621 1
1581409621 1
1581409623 2
1581409625 2
1581409626 2
1581409628 1
1581409629 5
1581409631 3
1581409632 2
1581409633 1
1581409634 4
1581409637 3
1581409638 1
1581409638 6
1581409641 1
1581409642 1
1581409648 4
1581409649 3
1581409650 4
1581409654 1
1581409655 2
1581409655 1
1581409657 1
1581409658 4
1581409659 2
1581409660 3
1581409662 3
1581409663 5
1581409664 3
1581409665 1
1581409666 2
1581409667 2
1581409668 3
1581409669 1
1581409670 2
1581409672 2
1581409674 1
1581409675 3
1581409676 4
1581409677 1
1581409677 3
1581409679 1
1581409681 2
1581409682 3
1581409683 5
1581409684 1
1581409685 1
1581409687 1
1581409688 1
1581409689 2
1581409690 1
1581409691 1
1581409693 1
1581409694 1
1581409695 1
1581409696 2
1581409697 2
1581409698 3
1581409699 4
1581409700 1
1581409701 1
1581409702 3
1581409704 1
1581409705 2
1581409706 2
1581409707 3
1581409708 2
1581409708 1
1581409711 2
1581409712 5
1581409713 1
1581409714 2
1581409715 3
1581409716 1
1581409720 2
1581409721 1
1581409722 1
1581409723 4
1581409724 2
1581409725 4
1581409726 2
1581409728 3
1581409729 2
1581409729 5
1581409731 4
1581409732 4
1581409732 1
1581409734 2
1581409734 3
1581409736 1
1581409738 2
1581409740 5
1581409741 2
1581409742 3
1581409743 1
1581409747 3
1581409751 2
1581409752 1
1581409753 2
1581409754 1
1581409757 3
1581409758 1
1581409759 1
1581409759 4
1581409761 1
1581409763 2
1581409764 3
1581409766 2
1581409767 2
1581409768 2
1581409769 3
1581409771 2
1581409772 2
1581409773 3
1581409774 1
1581409775 2
1581409777 1
1581409778 2
1581409779 1
1581409781 3
1581409781 1
1581409783 3
1581409784 2
1581409786 1
1581409787 3
1581409788 2
1581409788 1
1581409791 1
1581409792 2
1581409793 2
1581409794 2
1581409795 1
1581409797 1
1581409800 2
1581409801 1
1581409802 1
1581409803 2
1581409804 1
1581409804 4
1581409806 2
1581409808 4
1581409809 1
1581409810 1
1581409811 1
1581409812 2
1581409816 1
1581409817 1
1581409817 3
1581409819 1
1581409820 3
1581409821 1
1581409822 1
1581409823 1
1581409824 3
1581409826 3
1581409826 4
1581409828 1
1581409830 1
1581409831 1
1581409832 1
1581409833 2
1581409834 1
1581409835 2
1581409836 3
1581409836 2
1581409839 2
1581409840 1
1581409841 2
1581409842 4
1581409845 4
1581409846 1
1581409848 1
1581409849 1
1581409851 2
1581409852 2
1581409853 1
1581409854 2
1581409855 1
1581409856 1
1581409857 3
1581409858 1
1581409859 2
1581409860 2
1581409860 3
1581409862 1
1581409864 1
1581409865 1
1581409866 1
1581409867 1
1581409869 1
1581409871 2
1581409872 1
1581409873 1
1581409874 1
1581409875 1
1581409876 1
1581409878 1
1581409881 2
1581409882 1
1581409884 1
1581409885 2
1581409886 2
1581409888 1
1581409891 1
1581409893 4
1581409895 3
1581409896 1
1581409897 1
1581409897 5
1581409899 1
1581409900 1
1581409901 2
1581409903 1
1581409904 1
1581409905 1
1581409906 3
1581409907 2
1581409908 2
1581409909 5
1581409910 2
1581409913 1
1581409914 1
1581409915 2
1581409917 1
1581409920 1
1581409920 1
1581409922 1
1581409923 4
1581409924 2
1581409925 1
1581409928 4
1581409930 1
1581409931 2
1581409932 1
1581409933 1
1581409934 2
1581409935 3
1581409937 3
1581409938 3
1581409939 2
1581409940 2
1581409940 1
1581409943 2
1581409944 3
1581409945 1
1581409945 4
1581409947 4
1581409948 2
1581409950 1
1581409952 1
1581409953 1
1581409954 1
1581409956 3
1581409957 1
1581409959 3
1581409960 1
1581409961 4
1581409962 1
1581409963 3
1581409964 4
1581409965 2
1581409968 2
1581409969 3
1581409970 4
1581409971 1
1581409973 2
1581409974 1
1581409976 3
1581409977 1
1581409978 1
1581409980 2
1581409981 1
1581409982 1
1581409983 2
1581409984 3
1581409985 1
1581409987 2
1581409988 1
1581409990 2
1581409991 1
1581409992 1
1581409993 3
1581409994 2
1581409994 4
1581409996 2
1581409998 1
1581410000 2
1581410001 2
1581410002 2
1581410003 1
1581410006 1
1581410007 2
1581410008 2
1581410010 1
1581410011 2
1581410012 1
1581410013 2
1581410016 3
1581410017 1
1581410019 1
1581410020 4
1581410021 1
1581410023 1
1581410024 2
1581410025 1
1581410026 1
1581410027 4
1581410028 1
1581410029 1
1581410030 2
1581410032 2
1581410033 1
1581410034 2
1581410035 1
1581410036 2
1581410037 2
1581410038 3
1581410039 1
1581410040 1
1581410041 1
1581410043 1
1581410044 1
1581410045 2
1581410046 2
1581410046 2
1581410048 1
1581410049 2
1581410052 1
1581410053 3
1581410054 1
1581410055 1
1581410055 4
1581410057 1
1581410058 4
1581410059 1
1581410060 2
1581410061 2
1581410062 2
1581410063 3
1581410065 4
1581410066 3
1581410067 1
1581410068 2
1581410070 1
1581410071 1
1581410074 1
1581410075 2
1581410077 1
1581410078 2
1581410080 2
1581410082 1
1581410082 2
1581410084 2
1581410084 2
1581410086 3
1581410087 1
1581410089 2
1581410090 3
1581410091 2
1581410092 1
1581410093 3
1581410094 1
1581410098 2
1581410099 2
1581410100 1
1581410100 1
1581410102 4
1581410104 2
1581410105 3
1581410107 2
1581410107 2
1581410109 1
1581410111 1
1581410112 2
1581410113 3
1581410114 1
1581410117 1
1581410118 1
1581410120 2
1581410121 2
1581410122 4
1581410122 1
1581410126 2
1581410129 2
1581410130 1
1581410131 3
1581410132 1
1581410133 2
1581410134 2
1581410135 2
1581410136 2
1581410137 2
1581410139 1
1581410140 1
1581410141 1
1581410142 2
1581410143 2
1581410143 3
1581410145 1
1581410147 2
1581410148 3
1581410149 3
1581410150 2
1581410151 1
1581410152 2
1581410154 4
1581410156 1
1581410157 1
1581410158 5
1581410159 2
1581410160 1
1581410161 3
1581410162 5
1581410162 2
1581410164 3
1581410165 2
1581410166 1
1581410167 2
1581410168 3
1581410169 2
1581410170 4
1581410171 2
1581410172 1
1581410173 2
1581410174 3
1581410175 1
1581410177 2
1581410180 1
1581410181 1
1581410182 1
1581410183 1
1581410184 1
1581410185 2
1581410186 2
1581410188 2
1581410190 2
1581410191 3
1581410193 3
1581410193 2
1581410195 1
1581410196 3
1581410198 2
1581410199 2
1581410200 2
1581410202 3
1581410203 1
1581410204 2
1581410205 4
1581410206 2
1581410207 2
1581410208 2
1581410209 3
1581410210 2
1581410212 3
1581410213 3
1581410214 3
1581410215 1
1581410216 2
1581410217 1
1581410220 1
1581410223 2
1581410224 1
1581410224 1
1581410226 2
1581410227 1
1581410231 2
1581410234 1
1581410235 3
1581410238 1
1581410240 1
1581410242 1
1581410244 2
1581410245 1
1581410245 1
1581410247 3
1581410248 3
1581410249 2
1581410250 2
1581410251 2
1581410252 1
1581410253 2
1581410254 2
1581410255 3
1581410256 1
1581410257 1
1581410258 1
1581410259 1
1581410261 2
1581410262 2
1581410263 2
1581410264 2
1581410265 3
1581410266 2
1581410267 3
1581410269 3
1581410269 4
1581410271 3
1581410272 4
1581410273 4
1581410274 3
1581410275 2
1581410276 4
1581410277 2
1581410278 1
1581410279 4
1581410280 1
1581410281 3
1581410283 3
1581410284 1
1581410285 1
1581410286 1
1581410287 2
1581410289 1
1581410291 1
1581410292 1
1581410293 1
1581410294 1
1581410295 2
1581410298 4
1581410299 2
1581410300 2
1581410301 2
1581410302 1
1581410303 3
1581410304 3
1581410305 4
1581410306 1
1581410307 1
1581410309 1
1581410310 2
1581410312 2
1581410313 2
1581410314 3
1581410315 1
1581410317 1
1581410318 1
1581410319 1
1581410320 4
1581410321 2
1581410323 1
1581410324 2
1581410325 4
1581410326 1
1581410327 1
1581410328 3
1581410329 1
1581410330 2
1581410331 2
1581410332 2
1581410333 1
1581410335 1
1581410336 2
1581410337 1
1581410338 1
1581410340 1
1581410341 1
1581410342 3
1581410343 4
1581410343 3
1581410345 1
1581410345 2
1581410348 3
1581410349 2
1581410350 1
1581410351 3
1581410352 2
1581410353 1
1581410354 2
1581410355 1
1581410357 1
1581410359 2
1581410360 3
1581410361 4
1581410362 1
1581410363 1
1581410364 1
1581410367 1
1581410368 1
1581410369 3
1581410370 2
1581410370 2
1581410372 2
1581410373 4
1581410376 2
1581410378 2
1581410379 2
1581410380 2
1581410381 2
1581410383 1
1581410384 1
1581410386 4
1581410388 2
1581410389 2
1581410390 1
1581410391 1
1581410392 1
1581410393 1
1581410394 2
1581410395 3
1581410396 2
1581410397 4
1581410398 2
1581410399 1
1581410401 2
1581410402 2
1581410403 1
1581410403 2
1581410405 1
1581410406 1
1581410407 1
1581410409 4
1581410411 1
1581410412 3
1581410413 1
1581410414 3
1581410415 3
1581410416 2
1581410417 2
1581410418 2
1581410419 3
1581410420 1
1581410422 1
1581410423 1
1581410424 1
1581410426 1
1581410427 2
1581410428 1
1581410429 4
1581410430 3
1581410431 2
1581410432 1
1581410433 3
1581410434 2
1581410436 2
1581410437 2
1581410438 1
1581410439 1
1581410440 1
1581410441 1
1581410442 2
1581410443 1
1581410444 3
1581410445 2
1581410445 1
1581410447 3
1581410448 1
1581410449 4
1581410451 3
1581410452 2
1581410453 4
1581410454 2
1581410455 1
1581410456 1
1581410459 1
1581410519 4
1581410461 2
1581410462 1
1581410463 1
1581410464 4
1581410464 3
1581410466 2
1581410467 2
1581410468 1
1581410469 1
1581410470 2
1581410471 2
1581410475 1
1581410476 3
1581410477 1
1581410478 1
1581410479 1
1581410480 3
1581410482 1
1581410483 1
1581410484 2
1581410487 1
1581410488 3
1581410489 2
1581410490 3
1581410491 2
1581410492 1
1581410494 1
1581410495 2
1581410497 3
1581410498 2
1581410499 4
1581410500 2
1581410501 2
1581410502 3
1581410503 2
1581410504 1
1581410505 1
1581410506 1
1581410509 3
1581410510 2
1581410511 1
1581410513 2
1581410514 3
1581410515 1
1581410517 4
1581410518 1
1581410519 2
1581410520 4
1581410521 2
1581410524 3
1581410525 1
1581410526 2
1581410527 1
1581410528 1
1581410529 3
1581410530 1
1581410531 3
1581410532 3
1581410533 2
1581410533 2
1581410538 1
1581410539 1
1581410540 4
1581410542 1
1581410543 1
1581410544 4
1581410545 3
1581410547 2
1581410548 1
1581410549 1
1581410551 2
1581410552 1
1581410553 3
1581410554 3
1581410555 1
1581410556 3
1581410557 1
1581410558 3
1581410560 3
1581410561 3
1581410563 4
1581410564 1
1581410565 1
1581410566 2
1581410567 1
1581410569 2
1581410570 3
1581410571 1
1581410572 3
1581410573 2
1581410574 1
1581410575 2
1581410576 1
1581410577 1
1581410578 2
1581410579 2
1581410580 2
1581410581 4
1581410583 1
1581410584 1
1581410585 2
1581410586 1
1581410587 2
1581410588 3
1581410589 1
1581410590 2
1581410592 2
1581410594 3
1581410595 1
1581410596 2
1581410597 4
1581410598 2
1581410599 1
1581410600 1
1581410601 2
1581410602 1
1581410603 2
1581410605 4
1581410606 1
1581410607 3
1581410608 1
1581410609 4
1581410610 2
1581410610 2
1581410612 1
1581410613 2
1581410614 2
1581410616 2
1581410617 3
1581410618 2
1581410619 4
1581410620 1
1581410622 2
1581410625 3
1581410626 3
1581410627 1
1581410628 1
1581410629 1
1581410630 3
1581410631 2
1581410632 4
1581410634 3
1581410635 3
1581410636 2
1581410638 2
1581410640 1
1581410641 2
1581410641 2
1581410643 2
1581410644 1
1581410645 2
1581410646 1
1581410647 1
1581410648 4
1581410649 2
1581410650 4
1581410650 1
1581410652 2
1581410653 1
1581410654 3
1581410655 1
1581410656 2
1581410657 2
1581410658 2
1581410659 1
1581410660 1
1581410660 1
1581410662 1
1581410663 4
1581410664 4
1581410665 2
1581410667 2
1581410668 1
1581410670 2
1581410672 1
1581410673 2
1581410674 1
1581410675 1
1581410676 3
1581410677 1
1581410678 1
1581410679 3
1581410679 4
1581410681 2
1581410683 3
1581410684 2
1581410685 2
1581410686 1
1581410687 2
1581410688 2
1581410689 2
1581410690 1
1581410691 1
1581410693 1
1581410694 2
1581410695 1
1581410696 2
1581410697 2
1581410698 1
1581410699 1
1581410700 2
1581410703 3
1581410704 2
1581410705 1
1581410706 1
1581410708 3
1581410709 1
1581410710 4
1581410712 2
1581410713 2
1581410714 4
1581410715 1
1581410716 3
1581410717 2
1581410718 1
1581410719 2
1581410720 1
1581410721 2
1581410722 2
1581410723 2
1581410724 3
1581410724 3
1581410726 4
1581410727 2
1581410728 2
1581410729 1
1581410731 2
1581410731 4
1581410734 2
1581410735 1
1581410736 2
1581410738 2
1581410739 1
1581410740 2
1581410741 2
1581410742 1
1581410744 1
1581410745 2
1581410746 2
1581410747 2
1581410748 4
1581410749 3
1581410750 2
1581410750 1
1581410752 3
1581410753 5
1581410755 3
1581410756 3
1581410757 2
1581410758 2
1581410760 5
1581410761 3
1581410762 1
1581410763 2
1581410764 3
1581410765 2
1581410766 2
1581410767 3
1581410768 1
1581410772 1
1581410773 1
1581410774 1
1581410775 1
1581410777 2
1581410777 5
1581410779 2
1581410780 1
1581410781 3
1581410782 1
1581410782 1
1581410785 1
1581410786 3
1581410787 2
1581410788 2
1581410790 1
1581410791 5
1581410792 5
1581410793 3
1581410794 1
1581410795 3
1581410796 3
1581410799 1
1581410800 4
1581410801 3
1581410804 4
1581410805 2
1581410806 1
1581410807 2
1581410808 1
1581410809 2
1581410810 2
1581410810 4
1581410812 4
1581410814 2
1581410815 1
1581410816 3
1581410817 1
1581410819 2
1581410820 1
1581410823 4
1581410826 2
1581410827 1
1581410828 3
1581410829 3
1581410830 2
1581410833 2
1581410834 2
1581410835 1
1581410836 1
1581410837 2
1581410838 1
1581410839 3
1581410841 1
1581410842 2
1581410842 1
1581410844 4
1581410845 5
1581410846 2
1581410847 1
1581410848 2
1581410849 3
1581410850 1
1581410851 1
1581410852 2
1581410853 2
1581410854 1
1581410854 1
1581410856 2
1581410857 2
1581410859 2
1581410860 2
1581410861 1
1581410862 1
1581410865 3
1581410868 2
1581410869 1
1581410870 1
1581410873 3
1581410874 1
1581410875 1
1581410875 1
1581410878 1
1581410879 3
1581410881 1
1581410882 3
1581410883 1
1581410884 3
1581410885 1
1581410886 2
1581410887 1
1581410888 1
1581410889 3
1581410890 4
1581410891 1
1581410892 2
1581410893 3
1581410894 2
1581410895 4
1581410896 1
1581410897 2
1581410898 2
1581410899 3
1581410902 1
1581410903 1
1581410904 1
1581410905 2
1581410906 2
1581410907 1
1581410908 4
1581410909 1
1581410912 2
1581410913 1
1581410914 3
1581410918 1
1581410919 2
1581410920 2
1581410922 2
1581410923 1
1581410924 2
1581410926 2
1581410928 4
1581410929 1
1581410930 3
1581410931 3
1581410933 1
1581410934 2
1581410935 2
1581410936 1
1581410937 1
1581410939 1
1581410940 1
1581410942 2
1581410942 1
1581410944 2
1581410945 2
1581410946 3
1581410947 2
1581410947 3
1581410949 1
1581410951 2
1581410954 1
1581410956 4
1581410956 3
1581410958 3
1581410960 1
1581410962 2
1581410963 2
1581410964 1
1581410967 3
1581410968 1
1581410969 1
1581410970 2
1581410971 3
1581410972 4
1581410973 1
1581410974 1
1581410975 1
1581410975 1
1581410977 1
1581410978 2
1581410979 1
1581410980 3
1581410981 2
1581410982 3
1581410983 1
1581410984 1
1581410985 5
1581410987 3
1581410988 3
1581410989 1
1581410990 1
1581410990 1
1581410992 1
1581410993 1
1581410994 2
1581410995 1
1581410996 1
1581410998 1
1581411000 2
1581411001 2
1581411002 4
1581411003 2
1581411004 4
1581411005 4
1581411006 3
1581411007 2
1581411010 2
1581411012 2
1581411013 2
1581411014 2
1581411015 2
1581411015 5
1581411017 1
1581411018 2
1581411019 2
1581411021 1
1581411024 3
1581411025 1
1581411029 1
1581411031 1
1581411032 3
1581411033 1
1581411034 1
1581411036 1
1581411038 1
1581411039 2
1581411040 1
1581411042 1
1581411043 1
1581411044 2
1581411045 1
1581411046 2
1581411047 3
1581411048 2
1581411049 1
1581411050 3
1581411054 1
1581411055 2
1581411056 1
1581411057 2
1581411058 1
1581411060 2
1581411062 2
1581411063 1
1581411064 1
1581411065 2
1581411066 2
1581411067 1
1581411068 1
1581411069 2
1581411070 2
1581411071 1
1581411071 4
1581411074 4
1581411075 2
1581411077 1
1581411078 1
1581411080 1
1581411080 2
1581411082 3
1581411083 1
1581411085 1
1581411086 1
1581411087 3
1581411088 3
1581411089 2
1581411091 2
1581411092 2
1581411092 5
1581411094 3
1581411094 1
1581411096 2
1581411097 3
1581411098 2
1581411099 1
1581411100 1
1581411101 3
1581411102 3
1581411103 3
1581411104 3
1581411106 2
1581411107 3
1581411109 2
1581411110 2
1581411111 2
1581411113 1
1581411114 1
1581411115 1
1581411116 1
1581411117 2
1581411119 2
1581411122 3
1581411123 1
1581411125 2
1581411126 3
1581411128 1
1581411130 2
1581411131 1
1581411132 3
1581411133 2
1581411134 2
1581411135 3
1581411135 4
1581411137 2
1581411138 1
1581411139 3
1581411140 5
1581411141 1
1581411142 5
1581411143 2
1581411144 1
1581411145 1
1581411146 4
1581411147 2
1581411147 2
1581411149 5
1581411150 1
1581411151 2
1581411152 2
1581411153 1
1581411154 2
1581411157 2
1581411158 2
1581411159 3
1581411160 1
1581411163 1
1581411164 1
1581411165 1
1581411166 3
1581411167 4
1581411168 1
1581411169 2
1581411170 2
1581411171 1
1581411172 1
1581411173 1
1581411174 2
1581411175 1
1581411178 1
1581411180 1
1581411182 2
1581411183 3
1581411184 4
1581411185 1
1581411186 1
1581411187 2
1581411188 1
1581411189 1
1581411191 3
1581411192 1
1581411195 1
1581411196 2
1581411197 2
1581411199 3
1581411200 1
1581411200 1
1581411202 2
1581411203 2
1581411206 2
1581411209 3
1581411211 3
1581411212 3
1581411214 3
1581411215 1
1581411216 1
1581411217 1
1581411218 2
1581411219 2
1581411220 1
1581411220 1
1581411222 1
1581411223 1
1581411225 1
1581411225 2
1581411228 4
1581411229 1
1581411231 2
1581411233 1
1581411234 2
1581411236 1
1581411238 1
1581411242 2
1581411243 1
1581411244 3
1581411244 1
1581411246 2
1581411247 2
1581411248 2
1581411249 1
1581411250 1
1581411251 1
1581411252 1
1581411253 3
1581411254 1
1581411255 1
1581411256 1
1581411257 2
1581411258 2
1581411260 1
1581411261 2
1581411262 1
1581411264 3
1581411265 2
1581411266 4
1581411267 1
1581411267 1
1581411269 3
1581411271 1
1581411273 2
1581411274 4
1581411275 2
1581411276 1
1581411277 2
1581411278 4
1581411280 3
1581411281 1
1581411282 4
1581411283 1
1581411284 1
1581411287 1
1581411288 3
1581411289 1
1581411290 1
1581411291 1
1581411292 1
1581411293 1
1581411294 2
1581411295 1
1581411297 3
1581411299 3
1581411301 1
1581411302 3
1581411303 1
1581411307 1
1581411308 4
1581411309 2
1581411310 1
1581411311 1
1581411312 1
1581411313 2
1581411315 3
1581411316 2
1581411317 1
1581411318 2
1581411319 3
1581411320 2
1581411321 2
1581411323 3
1581411324 2
1581411324 2
1581411326 2
1581411327 1
1581411328 1
1581411329 1
1581411330 4
1581411331 1
1581411332 2
1581411333 1
1581411334 2
1581411335 1
1581411337 1
1581411339 2
1581411340 2
1581411342 3
1581411343 1
1581411344 6
1581411345 1
1581411346 2
1581411348 1
1581411349 2
1581411350 1
1581411352 2
1581411353 2
1581411354 2
1581411355 1
1581411356 1
1581411357 4
1581411358 1
1581411359 2
1581411360 1
1581411362 1
1581411366 2
1581411367 1
1581411368 3
1581411369 2
1581411369 3
1581411371 3
1581411373 2
1581411374 4
1581411375 1
1581411376 1
1581411377 1
1581411378 2
1581411379 2
1581411380 3
1581411380 2
1581411382 1
1581411383 5
1581411385 2
1581411387 1
1581411388 3
1581411389 2
1581411390 3
1581411391 1
1581411392 1
1581411394 4
1581411395 1
1581411396 1
1581411397 2
1581411398 2
1581411399 1
1581411400 3
1581411402 2
1581411403 1
1581411404 3
1581411405 2
1581411406 1
1581411407 1
1581411408 2
1581411409 4
1581411410 2
1581411411 1
1581411412 3
1581411412 2
1581411415 2
1581411416 2
1581411417 1
1581411419 3
1581411420 3
1581411422 1
1581411423 1
1581411425 2
1581411426 1
1581411427 3
1581411428 3
1581411429 1
1581411430 3
1581411431 1
1581411432 1
1581411433 2
1581411434 1
1581411435 2
1581411436 2
1581411437 2
1581411438 4
1581411439 2
1581411440 3
1581411442 1
1581411446 1
1581411447 2
1581411447 2
1581411449 3
1581411450 2
1581411451 1
1581411452 2
1581411452 1
1581411454 1
1581411455 1
1581411456 4
1581411457 3
1581411458 1
1581411459 1
1581411459 2
1581411461 2
1581411462 2
1581411463 3
1581411464 1
1581411466 1
1581411467 3
1581411468 3
1581411469 1
1581411470 1
1581411471 3
1581411472 1
1581411473 2
1581411476 2
1581411478 5
1581411478 1
1581411480 4
1581411481 1
1581411482 2
1581411483 1
1581411485 2
1581411486 2
1581411487 3
1581411489 2
1581411490 3
1581411490 4
1581411492 1
1581411493 6
1581411497 3
1581411498 1
1581411499 2
1581411500 1
1581411502 1
1581411503 1
1581411504 2
1581411505 2
1581411506 4
1581411507 2
1581411507 2
1581411509 2
1581411510 1
1581411512 3
1581411513 3
1581411513 1
1581411515 1
1581411516 1
1581411517 1
1581411518 1
1581411518 2
1581411520 1
1581411521 1
1581411522 2
1581411523 1
1581411524 3
1581411525 1
1581411526 1
1581411527 2
1581411528 5
1581411529 1
1581411530 2
1581411532 3
1581411533 2
1581411534 2
1581411535 3
1581411536 1
1581411538 2
1581411539 1
1581411540 1
1581411541 3
1581411542 1
1581411543 1
1581411544 3
1581411545 1
1581411548 2
1581411550 3
1581411550 2
1581411552 1
1581411553 2
1581411554 1
1581411555 1
1581411556 1
1581411557 3
1581411558 1
1581411562 3
1581411564 1
1581411565 1
1581411566 2
1581411567 1
1581411568 1
1581411569 1
1581411570 2
1581411572 1
1581411573 1
1581411574 2
1581411576 2
1581411577 3
1581411578 1
1581411579 5
1581411580 4
1581411581 1
1581411583 2
1581411583 5
1581411585 2
1581411587 1
1581411588 2
1581411589 1
1581411590 2
1581411591 3
1581411593 1
1581411594 1
1581411595 1
1581411596 2
1581411597 2
1581411598 1
1581411599 3
