2621 2
2622 2
2623 1
2624 1
2625 1
2626 2
2627 1
2629 2
3490 1
3492 1
3499 1
1300 13
1301 10
1302 10
1303 13
1304 10
1305 4
1306 14
1307 7
1308 13
1309 16
2170 3
2171 1
3951 2
2172 4
2173 2
2174 4
3955 1
2175 5
2176 2
2178 1
2179 1
2631 2
2633 2
2634 1
2638 1
2639 1
1310 9
1311 10
1312 19
1313 13
1314 9
1315 9
1316 10
1317 13
1318 8
1319 13
2180 1
2181 3
2182 3
2184 3
3964 1
2185 1
2186 2
3966 1
2187 2
3967 2
2188 2
2641 1
2642 1
2643 2
2644 1
2645 1
2646 2
2647 3
400 2174
2648 1
401 2188
2649 1
402 2164
403 2175
404 2101
405 2076
406 2090
407 2093
408 2049
409 2022
1320 8
1321 7
1322 14
1323 10
1324 7
1325 16
5201 1
1326 8
1327 7
1328 8
5204 1
1329 11
5205 2
5206 1
5208 3
5209 1
2190 1
2191 2
3972 2
2192 3
2193 3
2194 1
2195 2
2196 4
2198 1
3979 2
2199 4
2650 1
2651 1
2653 1
2655 3
2656 1
410 1960
2657 2
411 1993
2658 3
412 2024
2659 3
413 2043
414 2012
415 1917
416 1948
417 1896
418 1896
419 1881
1330 16
1331 6
1332 9
1333 6
1334 10
5210 1
1335 12
5211 1
1336 7
5212 5
1337 11
5213 1
1338 6
1339 9
5217 1
5218 1
5219 1
3985 2
3986 1
2660 1
2662 1
2663 2
2665 1
2666 1
420 1871
2667 1
421 1950
2668 2
422 1940
2669 1
423 1858
424 1816
425 1748
426 1786
427 1734
428 1784
429 1772
1340 9
1341 8
1342 10
1343 7
1344 14
1345 7
5221 1
1346 10
5222 3
1347 9
5223 1
1348 9
1349 11
5226 2
5227 1
3991 3
3993 1
3995 1
3999 1
1800 3
1801 5
1802 6
1803 4
1804 2
1805 1
1808 3
1809 5
2670 3
2671 1
2672 3
2673 2
2674 1
2675 3
2676 2
2677 1
430 1747
2678 2
431 1701
432 1735
433 1770
434 1769
435 1718
436 1661
437 1638
438 1650
439 1612
1350 9
1351 11
1352 10
1353 8
1354 10
5230 1
1355 12
1356 11
1357 13
5233 2
1358 11
1359 8
5235 1
5237 1
5238 2
5239 5
1810 4
1811 7
1812 2
1813 6
1814 3
1815 6
1816 4
1817 2
1818 2
1819 3
2680 1
2682 2
2683 1
2684 1
2685 1
2686 1
440 1573
2688 2
441 1598
442 1555
443 1582
444 1615
445 1597
446 1490
447 1534
448 1521
449 1556
1360 5
1361 5
1362 15
1363 11
1364 9
5240 2
1365 7
5241 2
1366 10
1367 12
900 39
5243 1
1368 3
901 46
5244 3
1369 9
902 43
5245 1
903 39
5246 1
904 59
905 48
906 42
907 43
908 30
909 33
1820 1
1821 2
1822 3
1823 3
1824 3
1825 1
1826 2
1827 1
1828 2
5704 1
1829 4
2691 2
2692 1
2693 1
2695 2
2696 2
450 1423
451 1478
2698 2
2699 2
452 1478
453 1405
454 1475
455 1369
456 1385
457 1407
458 1414
459 1352
1370 7
1371 6
1372 7
1373 13
1374 18
1375 7
5251 1
1376 9
5252 1
1377 13
910 43
1378 5
911 36
1379 8
912 47
913 38
5256 1
914 31
5257 2
915 35
5258 1
916 37
5259 1
917 39
918 44
919 46
1830 3
1831 4
1832 2
1833 8
1834 5
1835 2
1836 2
1837 1
1838 5
1839 5
460 1333
461 1343
462 1363
463 1345
464 1330
465 1284
466 1358
467 1273
468 1228
469 1282
1380 9
1381 5
1382 9
1383 11
1384 11
5260 1
1385 6
1386 6
920 42
1387 12
5263 1
921 42
1388 9
922 34
1389 9
5265 1
923 39
5266 1
924 42
5267 1
925 42
926 45
5268 3
927 38
928 34
929 39
1840 4
1841 3
1842 1
1844 3
1845 6
1846 4
1847 2
1848 3
1849 7
5727 1
470 1307
471 1276
472 1201
473 1186
474 1156
475 1194
476 1129
477 1154
478 1163
479 1138
4400 1
4402 1
4403 1
4406 1
4409 2
1390 6
1391 9
1392 7
1393 10
1394 8
5270 1
1395 8
1396 8
930 38
1397 7
931 52
1398 7
932 38
1399 8
933 49
934 39
5276 2
935 44
936 41
937 37
5279 1
938 33
939 32
1850 4
1851 2
1852 2
1853 4
1854 9
1855 9
1856 3
1857 7
1858 6
1859 2
480 1105
481 1122
482 1095
483 1092
484 996
485 1115
486 1021
487 1047
488 1069
489 983
4410 2
4416 1
4417 1
4418 1
4419 1
5280 1
940 32
5283 1
941 33
5284 1
942 40
5285 1
943 37
5286 2
944 39
5287 2
945 24
5288 4
946 20
5289 1
947 38
948 41
949 34
1860 4
1861 2
1862 3
1863 5
1864 4
1865 6
1866 6
1867 7
1868 2
1869 1
490 999
491 1013
492 1007
493 996
494 1023
495 975
496 947
497 935
498 976
499 920
4420 1
4421 1
5290 1
5291 1
5292 1
950 22
5293 2
951 32
5294 1
952 34
5295 2
953 34
5296 1
954 33
955 35
956 27
957 39
958 40
959 38
3102 1
3104 2
3107 1
3108 1
1870 2
1871 8
1872 8
1873 6
1874 6
1875 1
5751 1
1876 4
1878 3
1879 3
5756 1
4431 2
4433 2
4436 1
960 46
961 37
962 33
963 31
964 28
965 30
966 32
967 38
968 26
969 35
3110 1
3112 1
3113 1
3117 2
3118 1
1880 2
1881 7
1882 3
1883 4
1884 5
1885 8
1886 5
1887 2
1888 2
4443 1
4448 1
970 32
971 35
972 25
973 30
974 29
975 28
976 26
977 31
978 30
979 27
4900 1
3122 2
4903 1
3123 1
3124 1
3125 1
4906 1
3126 1
1890 5
1891 3
1892 1
1893 4
1894 3
1895 1
1896 6
1897 3
1898 4
1899 6
4450 1
4455 2
980 28
981 20
982 24
983 34
984 37
985 32
986 37
987 20
988 35
989 20
4912 1
3134 1
4914 1
4915 1
3135 2
4917 2
3137 1
4918 1
4460 1
4461 1
4462 1
4464 1
4465 2
4467 1
990 36
991 32
992 21
993 38
994 29
995 35
996 34
997 18
998 30
999 25
3140 2
4920 2
3141 1
3142 2
4922 1
3144 1
3147 1
4929 1
5790 1
3602 2
3606 2
3608 1
3609 1
4471 2
3150 1
4931 2
3151 1
3153 1
3156 1
3157 2
3158 1
3612 2
3614 1
3616 1
3617 2
3618 2
4482 1
4487 1
4489 1
4941 1
4943 1
4944 1
3165 1
4946 1
3166 1
3167 1
4949 1
3169 1
3620 1
3624 1
3625 1
4491 1
4492 1
4495 1
2300 1
2301 1
2302 1
2303 2
2304 1
2305 1
2306 2
2307 2
3170 1
4952 2
3175 1
4955 1
4957 1
3178 1
4959 1
3179 3
3630 4
3631 1
3632 1
3635 1
3637 3
3639 1
2310 2
2311 1
2313 7
2314 3
2315 4
2316 4
2317 3
2318 1
3180 1
3181 1
4961 1
3182 1
3183 1
4964 1
3187 2
3188 2
4968 1
4969 2
3640 1
3643 1
3646 1
2320 1
2322 2
2323 1
2324 5
2327 4
2328 1
2329 3
4970 1
4971 1
4972 2
3192 3
4973 1
4974 1
3194 1
4976 4
3196 1
4978 1
4979 2
3650 1
3651 2
3655 1
3658 1
2330 2
2332 3
2334 1
2335 3
2336 2
2337 3
2338 1
2339 3
4985 1
4986 2
1000 31
4987 1
1001 27
4988 1
1002 23
4989 1
1003 28
1004 20
1005 30
1006 29
1007 32
1008 26
1009 40
3666 3
3668 2
2340 1
2341 2
2343 4
2344 3
2345 1
6221 1
2347 1
100 3315
101 3300
2348 1
102 3348
2349 3
103 3442
104 3555
105 3471
106 3508
107 3498
4990 2
108 3660
109 3457
4996 1
1010 24
4997 1
1011 24
1012 20
4999 1
1013 22
1014 26
1015 27
1016 20
2800 1
1017 20
1018 17
2802 1
1019 30
2806 1
2807 1
2808 2
2809 1
3674 1
3677 1
2350 1
2351 1
2352 2
2353 2
2354 1
2355 3
110 3656
2357 3
111 3668
2359 1
112 3754
113 3702
114 3659
115 3570
116 3633
117 3671
118 3681
119 3690
1020 31
1021 25
1022 25
1023 24
1024 25
1025 24
1026 28
1027 20
2810 3
1028 18
2811 2
2812 1
1029 25
2814 4
2815 1
2816 1
2817 2
3683 3
3684 1
3686 1
3687 1
3689 1
2360 2
2361 1
2362 1
2363 1
2364 4
2367 1
120 3732
121 3752
2369 1
122 3705
123 3783
124 3755
125 3808
126 3804
127 3775
128 3777
129 3755
1030 29
1031 36
1032 19
1033 22
1034 24
1035 27
1036 19
2820 2
1037 21
2821 2
1038 33
2822 2
1039 25
2824 1
2825 1
2827 1
3692 1
3694 1
3696 1
3698 1
1500 8
1501 8
1502 4
1503 6
1504 7
1505 4
1506 11
1507 2
1508 6
1509 3
2370 1
2371 1
2372 2
2373 1
2375 3
2376 1
2377 1
130 3767
2378 4
131 3789
2379 2
132 3709
133 3837
134 3797
135 3810
136 3772
137 3731
138 3691
139 3752
1040 25
1041 30
1042 22
1043 30
1044 19
1045 22
1046 25
1047 23
1048 29
1049 28
2833 3
2835 2
2836 1
2837 1
2838 1
2839 1
6715 1
1510 11
1511 4
1512 6
1513 8
1514 11
1515 11
1516 4
1517 6
1518 3
1519 6
2382 1
2384 2
2385 1
2386 2
140 3632
2387 2
2388 1
141 3725
142 3685
143 3746
144 3744
145 3685
146 3679
147 3855
148 3673
149 3604
1050 17
1051 12
1052 18
1053 29
1054 21
1055 17
1056 28
1057 28
1058 23
2842 1
1059 13
2844 2
2845 1
2846 2
600 330
601 313
602 331
603 315
604 309
605 298
606 305
607 338
608 320
609 282
1520 8
1521 2
1522 6
1523 4
1524 7
1525 6
1526 6
1527 5
5403 2
1528 7
1529 11
2390 1
2391 2
2392 1
2393 2
2394 2
2395 5
150 3662
2397 1
151 3573
152 3623
2399 2
153 3765
154 3630
155 3635
156 3551
157 3512
158 3523
159 3518
1060 26
1061 19
1062 16
1063 16
1064 26
1065 23
1066 20
1067 20
1068 14
2851 2
1069 28
2854 1
2856 1
610 280
2857 2
2858 1
611 323
612 316
613 296
614 304
615 290
616 299
617 309
618 268
619 288
1530 3
1531 11
1532 7
1533 2
1534 5
1535 7
1536 7
5412 1
1537 9
1538 6
1539 4
5415 1
5416 1
5418 2
5419 3
160 3593
161 3583
162 3470
163 3510
164 3478
165 3432
166 3439
167 3438
168 3384
169 3443
1070 20
1071 22
1072 17
1073 20
1074 26
1075 15
1076 14
1077 21
1078 17
2862 1
1079 23
2863 2
2864 1
2865 3
620 272
621 300
2868 2
622 295
2869 1
623 298
624 260
625 270
626 247
627 266
628 275
629 271
1540 3
1541 3
1542 8
1543 4
1544 7
1545 8
1546 7
1547 6
5423 1
1548 3
1549 5
5425 1
5426 1
5427 1
170 3348
171 3321
172 3368
173 3266
174 3433
175 3289
176 3307
177 3347
178 3220
179 3296
4103 1
1080 26
1081 21
1082 13
1083 18
1084 23
1085 21
1086 20
1087 24
2871 2
1088 21
1089 28
2873 1
2874 1
2876 1
2877 2
630 255
2878 1
631 243
2879 2
632 245
633 255
634 283
635 256
636 243
637 237
638 255
639 243
1550 7
1551 6
1552 4
1553 4
1554 7
5430 1
1555 5
1556 3
5432 1
1557 9
5433 1
1558 4
1559 5
180 3228
181 3183
182 3306
183 3194
184 3158
185 3178
186 3208
187 3120
188 3100
189 3218
4111 2
1090 22
4114 1
1091 17
1092 19
4115 1
1093 29
1094 18
1095 17
4118 2
1096 20
2880 1
1097 11
2881 4
1098 15
2882 1
1099 20
2883 1
2884 2
2887 1
640 242
641 222
2889 1
642 226
643 253
644 232
645 206
646 207
647 231
648 208
649 225
1560 4
1561 2
1562 5
1563 5
1564 5
1565 5
1566 8
1567 2
1568 8
1569 4
5448 1
5449 1
190 3044
191 3120
192 3120
193 3145
194 3072
195 3128
196 2998
197 3074
198 2988
199 3052
4120 2
4122 1
4123 1
4126 1
4127 1
2892 1
2893 1
2894 2
2895 2
2896 1
2897 1
650 213
2898 1
651 221
652 213
653 198
654 207
655 199
656 198
657 200
658 205
659 204
1570 7
1571 3
1572 6
1573 8
1574 6
5450 1
1575 3
5451 1
1576 5
1577 9
1578 4
5454 1
1579 3
5455 1
5457 1
5912 1
4134 1
4135 1
660 174
661 184
662 207
663 192
664 183
665 186
666 190
667 185
668 186
669 182
1580 5
1581 2
1582 3
1583 3
1584 9
1585 7
1586 7
1587 3
1588 8
1589 4
5465 1
5466 1
5468 1
4140 1
4141 2
4143 1
670 192
671 160
672 178
673 183
674 191
675 165
676 178
677 182
678 175
679 179
4600 1
4602 3
4604 1
4605 2
1590 4
1591 6
1592 3
1593 1
1594 3
1595 2
5471 1
1596 7
1597 8
1598 2
1599 3
5476 1
4153 1
4154 1
4155 1
4156 1
4157 1
4158 2
4159 1
680 181
681 189
682 155
683 148
684 171
685 175
686 160
687 160
688 166
689 173
4612 1
4617 2
4618 1
4163 1
690 158
691 162
692 167
693 164
694 147
695 171
696 164
697 145
698 142
699 146
4620 1
4622 1
4625 1
4626 1
4628 1
5491 1
5495 1
3300 1
3301 2
3302 1
3303 1
3304 1
3305 1
3307 2
3309 1
4173 1
4178 1
4179 1
4630 1
4635 1
4638 1
3310 1
3318 1
4182 1
4187 1
4188 2
4189 1
4640 1
4642 3
4647 1
4649 1
3323 1
3326 2
4199 2
2000 2
2001 2
2002 1
2003 2
2004 3
2005 2
2006 2
2007 4
2008 4
2009 2
4652 1
4654 1
4655 1
4657 1
4659 1
3331 2
3333 1
3334 2
3335 1
3337 1
2010 2
2011 1
2012 4
2013 9
2014 4
2015 3
2016 3
2017 2
2018 5
2019 3
4661 1
4664 1
3341 3
3345 1
3347 2
3348 2
2020 2
3800 1
3801 1
2021 5
3802 1
2022 3
2023 3
2024 1
2025 1
3805 1
2026 1
2027 1
2028 1
4671 1
4672 1
4677 1
3350 1
3351 1
3352 1
3355 2
3358 1
2030 1
2031 2
3811 2
2032 4
2033 2
2034 1
3815 1
2035 3
3817 1
2037 3
2038 3
2039 5
4681 1
4684 1
4688 1
3360 2
3362 1
3363 1
3364 2
3365 1
3366 1
3369 1
2040 1
2041 4
3822 2
2042 2
3823 2
2043 1
2044 6
2045 2
3826 1
2046 1
2047 3
3828 1
2048 2
2049 2
4690 1
4691 1
2502 2
2505 1
2507 1
2508 1
2509 2
3375 1
3376 1
3377 1
2050 2
2051 1
3831 1
2052 1
2053 3
2054 1
3835 1
2055 2
2056 2
2057 2
2058 7
2059 5
2510 1
2512 1
2513 1
2514 2
2515 1
2516 3
2517 2
2518 1
2519 2
3381 1
3840 1
2060 3
3841 1
3842 1
2062 2
2064 1
2065 1
3846 1
2066 3
2067 1
2068 3
3848 1
3849 1
2069 4
2520 1
2521 1
2523 1
2524 1
2528 1
2529 1
3391 1
3392 1
3394 1
3396 1
3397 1
3399 1
1200 12
1201 12
1202 16
1203 11
1204 14
1205 15
1206 14
1207 15
1208 18
1209 23
2070 2
2071 2
3852 1
2072 3
3853 1
2073 3
2074 5
2075 1
2076 1
2077 3
2078 2
3859 2
2079 3
2532 1
2533 2
2535 1
2536 2
2537 2
2538 1
1210 14
1211 14
1212 15
1213 10
1214 10
1215 16
1216 20
1217 12
1218 19
1219 17
3860 1
2080 3
2081 1
2082 3
2083 2
2085 2
2086 4
2087 3
2088 2
2541 1
2542 2
2546 2
2547 1
300 2876
301 2828
302 2951
303 2897
304 2803
305 2914
306 2828
307 2861
308 2874
309 2892
1220 15
1221 14
1222 7
1223 15
1224 10
1225 15
5101 1
1226 14
1227 15
5103 3
1228 11
1229 12
5108 1
5109 1
2090 1
3871 2
2091 3
2092 5
2094 1
3874 1
2095 1
2097 4
2098 1
3879 2
2099 3
2550 2
2552 1
2553 1
2554 3
2555 2
2556 2
2557 1
310 2886
2558 1
311 2812
312 2861
2559 1
313 2867
314 2709
315 2863
316 2784
317 2820
318 2840
319 2895
1230 14
1231 15
1232 8
1233 9
1234 15
5110 2
1235 7
1236 10
5112 1
1237 10
1238 12
5114 1
1239 17
5118 1
5119 3
3888 1
3889 1
2560 1
2561 2
2562 1
2565 1
2567 2
320 2843
2568 1
321 2927
322 2749
323 2829
324 2749
325 2783
326 2825
327 2751
328 2804
329 2720
1240 16
1241 15
1242 7
1243 11
1244 16
5120 1
1245 13
5121 2
1246 16
5122 2
1247 13
1248 10
5124 1
1249 12
5125 1
5128 1
3891 1
3893 1
3895 2
3896 2
3897 1
3899 1
1700 7
1701 4
1702 4
1703 4
1704 3
1705 4
1706 2
1707 1
1708 9
1709 6
2571 1
2572 1
2573 2
2574 1
2575 1
330 2749
331 2806
332 2743
333 2705
334 2685
335 2768
336 2888
337 2811
338 2738
339 2843
1250 9
1251 10
1252 16
1253 11
1254 10
5130 1
1255 15
1256 14
5132 2
1257 13
25 1
1258 14
1259 12
5135 1
29 1
5136 1
5137 1
5139 1
1710 8
1711 2
1712 4
1713 4
1714 3
1715 3
1716 7
1717 3
1718 2
1719 3
2580 2
2582 1
2583 5
2585 2
2586 2
340 2801
2587 2
341 2776
2588 2
342 2742
2589 1
343 2700
344 2801
345 2765
346 2667
347 2810
348 2793
349 2677
1260 6
1261 15
1262 14
1263 13
1264 8
32 2
33 1
1265 17
5141 1
1266 8
34 1
5142 1
35 1
1267 14
800 63
1268 10
36 1
801 74
5144 1
1269 9
37 2
802 77
5145 2
803 75
5146 1
39 4
804 70
5147 1
805 66
806 71
807 57
5149 1
808 74
809 67
1720 6
1721 5
1722 6
1723 2
1724 2
1725 6
5601 1
1726 7
1727 3
1728 3
1729 2
5607 1
2591 2
2592 4
2593 3
2594 1
2595 1
2596 1
350 2699
2597 1
351 2598
2598 2
352 2688
2599 1
353 2667
354 2581
355 2653
356 2667
357 2604
358 2602
359 2524
1270 11
1271 8
1272 9
40 8
1273 12
41 14
1274 14
42 21
5150 1
1275 11
43 47
5151 2
1276 13
44 70
810 71
1277 11
45 99
811 58
1278 17
46 158
812 67
1279 18
47 234
5155 2
813 66
48 324
5156 2
814 73
49 411
5157 1
815 59
816 57
5158 2
817 73
5159 2
818 58
819 54
1730 6
1731 3
1732 5
1733 4
1734 7
1735 13
1736 6
5612 1
1737 8
1738 5
1739 3
360 2694
361 2696
362 2738
363 2543
364 2541
365 2511
366 2546
367 2494
368 2585
369 2592
1280 9
1281 14
1282 15
50 587
1283 10
51 726
1284 11
52 863
1285 13
53 1069
5161 2
1286 11
54 1117
1287 9
55 1313
820 58
1288 14
56 1385
821 71
1289 12
57 1581
822 73
5165 2
58 1593
823 68
5166 1
59 1848
824 66
825 52
5168 1
826 55
5169 2
827 48
828 68
829 68
1740 4
1741 4
1742 4
1743 3
1744 4
1745 4
1746 1
1747 2
1748 7
1749 5
370 2517
371 2449
372 2507
373 2543
374 2384
375 2433
376 2430
377 2550
378 2370
379 2385
4301 1
4302 1
4304 1
4309 1
1290 12
1291 22
1292 11
60 1991
1293 9
61 2028
1294 17
62 2257
5170 1
1295 9
63 2267
1296 12
64 2288
1297 11
65 2300
830 58
1298 21
66 2378
831 64
5174 1
1299 14
67 2273
832 59
5175 1
68 2279
833 60
69 2259
834 47
5177 1
835 54
5178 2
836 59
837 62
838 58
839 52
1750 4
1751 3
1752 3
1753 4
1754 4
1755 5
1756 4
1757 8
1758 4
1759 5
5635 1
380 2379
381 2390
382 2400
383 2428
384 2342
385 2406
386 2232
387 2372
388 2323
389 2289
4314 1
70 2249
71 2338
72 2276
73 2396
74 2344
5182 3
75 2291
840 52
5183 2
76 2414
841 60
5184 1
77 2290
842 61
78 2401
843 66
79 2474
844 46
845 54
846 54
847 46
848 49
849 49
1760 7
1761 3
1762 5
1763 3
1764 2
1765 7
1766 2
1767 5
1768 5
1769 2
5649 1
390 2273
391 2169
392 2190
393 2318
394 2212
395 2265
396 2190
397 2198
398 2120
399 2203
4320 1
4323 3
4324 1
4325 1
4326 1
80 2371
81 2611
82 2617
5190 1
83 2682
5191 2
84 2677
850 59
5192 2
85 2700
851 49
5193 1
86 2730
852 52
5194 2
87 2804
5195 1
853 42
88 2806
5196 1
854 45
89 2806
855 54
5197 1
5198 2
856 51
857 52
5199 2
858 48
859 60
3001 1
3003 1
3004 2
3006 1
1770 3
1771 6
1772 1
1773 3
1774 4
1775 8
1776 4
1777 2
1778 4
1779 5
5655 1
4331 1
90 2821
91 2953
92 2900
93 3029
94 3036
95 3110
860 47
96 3072
861 48
97 3190
862 68
98 3200
863 55
99 3353
864 41
865 37
866 47
867 51
868 46
869 48
3010 3
3012 2
3013 2
3015 1
3017 1
3018 1
1780 2
1781 1
1782 6
1783 2
1784 1
1785 4
1786 6
1787 6
1788 1
1789 5
4340 1
4345 1
870 48
871 51
872 51
873 40
874 46
875 48
876 38
877 47
878 46
879 47
3021 1
4803 1
3024 1
3025 1
4805 3
4806 2
3026 1
3028 1
4808 1
3029 1
1790 2
1791 3
1792 3
1793 4
1794 2
1795 3
1796 8
1797 4
1798 4
1799 3
4351 1
4356 1
4358 1
880 44
881 38
882 36
883 48
884 38
885 40
886 40
887 53
888 52
889 50
3030 2
3031 1
3033 1
4815 3
3035 1
4817 1
3037 2
4818 1
5680 1
4363 1
4367 1
890 42
891 47
892 34
893 46
894 41
895 38
896 48
897 37
898 42
899 52
3040 1
3041 2
3042 2
4823 1
3045 1
3046 1
3048 1
3049 2
3501 1
3503 1
3508 1
3509 2
4372 1
4377 1
4378 1
4831 1
4832 2
4834 2
3054 1
3055 1
4838 2
3058 2
3513 1
3514 1
3515 2
3516 1
3519 1
4380 1
4381 1
4386 2
3061 1
4842 1
3064 2
4846 1
3067 1
4847 2
3069 1
3523 1
3527 1
4390 2
4391 1
4392 1
4394 1
4395 2
4397 1
4398 1
2200 3
2201 2
2202 2
2203 2
2204 3
2205 2
2206 1
2207 3
2208 1
2209 2
3070 2
3071 1
4851 1
4853 1
4854 1
4855 1
3076 2
3077 1
4858 2
3078 1
3531 2
3533 1
3534 2
3535 1
3537 2
3539 1
2211 1
2212 2
2213 3
2214 3
2215 2
2217 3
2218 4
3080 1
4860 1
3081 1
4861 1
4862 2
3082 1
3084 2
4864 3
3085 1
3086 1
3087 1
3088 1
4869 2
3540 1
3542 1
3543 3
3544 1
3548 1
3549 1
2220 3
2221 2
2223 3
2224 1
2225 2
2226 1
2227 3
2228 2
2229 3
4871 1
3092 1
4874 1
3097 1
4878 1
3098 1
3099 1
3554 1
3555 1
3556 1
2230 1
2231 2
2232 1
2233 3
2234 2
2235 2
2236 5
2237 2
2238 2
2239 1
4882 1
4883 1
4885 1
4888 1
3561 1
3567 1
2240 2
2242 4
2244 2
2245 2
2247 2
2248 1
2249 1
4893 1
4896 1
4897 3
2700 1
2703 1
2707 1
2708 2
2709 1
3572 1
3574 1
3575 2
3577 1
3578 2
2250 2
2252 1
2253 1
2254 1
2255 2
2256 1
2257 3
2258 3
2259 2
6137 1
2710 2
2711 1
2713 1
2716 2
2717 1
2719 1
3583 1
3586 1
3587 1
3588 1
2260 1
2262 2
2264 2
2265 3
2266 2
2267 1
2269 3
2720 1
2721 4
2723 1
2724 1
2725 2
2726 3
2727 1
2728 2
2729 2
3592 1
3593 2
3596 1
3597 2
3599 1
1400 5
1401 8
1402 8
1403 8
1404 7
1405 7
1406 7
1407 6
1408 7
1409 6
2272 2
2273 2
2274 1
2275 1
2277 3
2279 3
2730 2
2731 2
2732 1
2734 2
2735 3
2737 2
2739 3
1410 12
1411 7
1412 7
1413 8
1414 8
1415 12
1416 6
1417 9
1418 5
1419 5
2280 2
2281 2
2282 2
2285 1
2286 2
2287 4
2289 2
2742 1
2745 1
500 916
2748 1
501 927
502 879
2749 1
503 847
504 935
505 866
506 844
507 857
508 905
509 889
1420 7
1421 3
1422 7
1423 8
1424 6
1425 16
5301 1
1426 9
5302 2
1427 5
5303 1
1428 11
1429 8
5305 1
5306 2
5308 1
5309 1
2291 2
2293 2
2295 1
2296 3
2751 3
2752 1
2754 1
2755 1
2756 2
2757 2
510 796
2758 1
511 845
512 826
513 822
514 809
515 794
516 814
517 814
518 795
519 726
1430 7
1431 5
1432 8
1433 5
1434 9
5310 2
1435 11
1436 10
1437 6
5313 2
1438 9
1439 7
5319 1
2760 3
2762 1
2764 3
2765 1
2767 1
520 718
2768 3
521 752
522 756
523 767
524 746
525 728
526 716
527 696
528 635
529 707
1440 7
1441 10
1442 7
1443 4
1444 5
1445 10
5321 1
1446 10
1447 8
1448 7
1449 5
5325 1
5328 1
1900 5
1901 2
1902 5
1903 2
1904 3
1905 2
1906 4
4002 1
1907 6
1908 3
4003 1
1909 4
4006 1
4008 1
4009 1
2770 2
2772 2
2773 2
2774 3
530 630
2777 3
2778 2
531 679
532 657
2779 1
533 688
534 687
535 694
536 657
537 635
538 606
539 619
1450 8
1451 10
1452 5
1453 3
1454 2
1455 12
1456 5
1457 5
1458 11
1459 7
5336 1
5338 1
5339 3
1910 2
1911 4
1912 1
1913 2
1914 3
1915 4
1917 3
1919 4
4015 1
4016 2
2780 1
2781 2
2782 1
2783 1
2784 1
2786 2
2787 1
540 598
541 600
542 597
2789 2
543 607
544 559
545 582
546 568
547 601
548 561
549 589
1460 5
1461 6
1462 7
1463 7
1464 8
5340 3
1465 6
1466 8
5342 2
1467 11
1468 9
5344 2
1469 13
5345 1
5346 1
5347 1
5348 1
1920 3
1921 2
1922 4
1923 2
1924 5
4020 1
1925 4
1926 4
1928 7
4024 1
1929 6
5805 1
4027 1
2792 1
2794 2
2795 1
2797 1
550 547
551 541
552 591
553 523
554 557
555 522
556 541
557 524
558 498
559 546
1470 8
1471 12
1472 4
1473 6
1474 8
5350 1
1475 6
1476 2
5352 1
1477 8
5353 1
1478 9
5354 1
1479 12
5358 2
5359 1
1930 4
1931 3
1932 2
1933 3
1934 1
1935 1
4030 1
1936 2
5812 1
1937 2
1938 4
1939 5
560 541
561 480
562 480
563 481
564 491
565 487
566 482
567 471
568 452
569 465
1480 12
1481 12
1482 10
1483 8
1484 4
5360 1
1485 11
1486 6
1487 11
5363 1
1488 6
1489 5
5367 1
5368 1
5369 2
1940 3
1941 3
1942 4
1943 6
1944 5
1945 3
1946 2
4041 1
1947 6
1948 7
5824 1
1949 1
4044 2
4045 1
570 455
571 469
572 447
573 467
574 429
575 452
576 412
577 418
578 410
579 370
4500 1
4506 1
4507 1
4508 1
4509 1
1490 6
1491 6
1492 8
1493 7
1494 11
1495 4
1496 8
5372 3
1497 5
1498 5
1499 2
5379 1
1950 5
1951 3
1952 5
1953 2
1954 1
1955 3
4050 1
1956 2
1957 3
1958 3
1959 3
4057 1
4059 3
580 410
581 402
582 412
583 377
584 381
585 422
586 396
587 395
588 348
589 351
4510 1
4514 1
4516 1
4519 2
5382 2
5386 1
1960 5
1961 3
1962 2
1963 2
1964 3
1965 6
1966 3
4062 1
1967 4
4063 2
1969 4
4066 1
4069 2
590 344
591 372
592 409
593 362
594 362
595 343
596 347
597 380
598 366
599 341
4520 1
4521 2
4524 1
4527 1
5391 4
5392 2
5395 1
5399 2
3202 1
3203 1
3205 1
3207 1
3208 1
1970 6
1971 4
1972 3
1973 1
1974 4
1975 2
1976 1
4071 1
1977 2
4072 1
1978 1
1979 3
4075 1
4078 1
4530 1
4533 1
4535 1
4536 1
4539 1
3214 1
3216 1
3218 2
3219 1
1980 2
1981 4
1983 3
1984 5
1985 4
1986 2
4081 1
1987 4
4082 2
1988 3
1989 3
4085 2
4542 1
4543 1
4547 1
3223 1
3224 2
3226 2
1990 2
1991 3
1992 2
1993 4
1994 4
1995 2
4090 1
1996 4
4091 1
1997 3
1998 4
4094 1
1999 4
5875 1
5876 1
4096 2
4097 1
4553 1
3230 1
3233 1
3234 2
3235 1
3236 1
4563 1
4565 1
4566 1
4569 1
3241 2
3245 1
3248 1
3249 2
3700 1
3704 1
4570 1
4576 1
3250 1
3252 2
3254 1
3255 1
3258 2
3710 1
3712 1
3714 1
3715 1
3719 1
4589 1
3261 1
3265 1
3269 1
3720 1
3722 2
3724 1
4595 2
4598 1
2400 2
2401 1
2402 1
2404 2
2405 1
2406 3
2408 2
3270 1
3272 1
3273 2
3274 1
3276 1
3731 1
3736 1
3737 1
3738 1
2410 1
2411 1
2412 1
2413 2
2414 3
2417 3
2418 2
2419 1
3281 1
3283 1
3287 1
3289 2
3741 1
3743 2
3746 1
3747 1
2420 5
2421 4
2422 1
2423 2
2425 2
2426 3
2427 2
2429 3
3290 1
3296 1
3298 1
1100 21
1101 20
1102 16
1103 15
1104 18
1105 21
1106 19
1107 15
1108 17
1109 20
3751 1
3752 2
3753 1
3758 1
3759 1
2430 3
2431 1
2432 2
2434 2
2435 1
2436 1
2439 2
1110 20
1111 13
1112 20
1113 15
1114 19
1115 19
1116 19
1117 15
1118 14
1119 11
3761 1
3764 1
3765 1
2440 1
2442 1
2443 4
2444 1
2445 1
200 3033
2448 1
201 3032
2449 1
202 3025
203 3097
204 2989
205 2921
206 3044
207 2934
208 2986
209 2993
1120 16
1121 15
2902 1
1122 16
1123 20
2904 2
1124 16
1125 25
2906 1
5001 2
1126 24
2907 1
1127 15
2908 2
5003 1
1128 22
2909 4
1129 16
5005 1
5006 1
5007 2
5009 1
3773 3
3774 1
3777 1
3779 1
2450 1
2453 5
2454 1
2455 1
2456 1
210 2834
2458 2
211 2972
2459 1
212 2912
213 2950
214 2968
215 2992
216 2933
217 2953
218 2891
219 2881
1130 19
2911 1
1131 18
2912 1
1132 21
1133 20
2914 1
1134 21
5010 1
1135 22
1136 12
5012 2
1137 19
2918 1
1138 19
1139 16
5015 3
5017 2
3781 1
3782 1
3783 1
3784 1
2460 2
2462 1
2464 3
2465 1
2466 1
220 2862
2467 2
221 2857
2469 2
222 2864
223 2860
224 2873
225 2941
226 2900
227 2856
228 2775
229 2748
2920 1
1140 20
1141 14
1142 19
1143 23
2923 1
1144 21
1145 14
5021 2
1146 18
2926 2
5022 2
1147 19
2927 1
1148 12
2928 1
1149 20
5026 1
5027 2
5028 1
5029 1
3791 1
3793 1
3796 1
3798 1
3799 2
1600 3
1601 6
1602 8
1603 6
1604 8
1605 3
1606 6
1607 8
1608 9
1609 4
2470 1
2472 2
2473 3
2475 1
2476 1
230 2807
2477 3
231 2788
2479 1
232 2926
233 2859
234 2841
235 2757
236 2789
237 2830
238 2818
239 2785
1150 18
2931 1
1151 17
2932 1
1152 18
2933 1
1153 23
2934 1
1154 15
1155 18
5031 1
1156 16
1157 18
2938 1
1158 13
1159 20
5037 1
5038 2
1610 5
1611 5
1612 10
1613 5
1614 4
1615 4
1616 5
1617 3
1618 5
1619 2
2480 1
2481 2
2482 2
2483 2
2484 1
2485 2
240 2747
241 2920
2489 1
242 2766
243 2716
244 2813
245 2692
246 2762
247 2726
248 2749
249 2813
2940 2
1160 12
2941 1
1161 20
2942 1
1162 13
2943 1
1163 22
1164 12
5040 2
1165 14
5041 1
2946 2
1166 20
1167 12
700 120
2948 1
5043 1
1168 13
701 101
1169 16
702 135
703 139
704 138
705 142
5048 2
706 126
5049 1
707 134
708 121
709 120
1620 3
1621 4
1622 7
1623 4
1624 6
1625 3
1626 4
1627 1
1628 5
1629 4
2490 4
2491 1
2493 1
2494 2
2495 1
2496 1
2497 2
250 2854
2498 3
251 2871
2499 2
252 2797
253 2823
254 2792
255 2795
256 2783
257 2763
258 2873
259 2737
1170 15
2951 2
1171 14
1172 25
2953 1
1173 15
1174 19
1175 26
1176 16
1177 18
710 134
5053 1
1178 18
711 136
5054 2
1179 19
712 130
5055 2
713 137
714 113
715 120
716 134
717 123
718 102
719 120
1630 4
1631 6
1632 2
1633 6
1634 7
1635 3
5510 1
1636 6
1637 4
1638 8
1639 6
260 2921
261 2775
262 2825
263 2762
264 2775
265 2740
266 2729
267 2792
268 2787
269 2788
1180 20
1181 12
1182 17
1183 9
1184 10
5060 1
1185 10
1186 24
2966 1
2967 1
5062 3
1187 14
720 116
2968 1
1188 15
721 121
2969 1
5064 2
1189 14
722 103
5065 1
723 132
5066 2
724 99
5067 1
725 122
726 115
727 108
728 127
729 93
1640 3
1641 4
1642 4
1643 8
1644 7
1645 1
1646 3
1647 8
5523 1
1648 5
1649 5
270 2862
271 2753
272 2769
273 2732
274 2743
275 2826
276 2838
277 2768
278 2822
279 2802
4202 1
4205 1
1190 8
2971 1
1191 19
2972 1
1192 24
1193 8
1194 18
2975 1
1195 18
5071 1
1196 13
730 121
2977 2
5072 1
1197 13
731 117
1198 21
2979 1
732 107
5074 1
1199 17
5075 1
733 103
734 94
5076 3
735 115
5078 1
736 115
737 102
738 111
739 102
1650 9
1651 1
1652 8
1653 4
1654 6
1655 2
1656 3
1657 6
1658 2
1659 2
280 2790
281 2888
282 2778
283 2837
284 2899
285 2826
286 2806
287 2751
288 2811
289 2885
4210 1
4211 1
4217 1
2980 1
2983 1
2984 2
5080 1
2987 1
5082 3
740 107
2988 1
741 105
5084 2
742 107
5085 1
743 92
5086 1
744 111
745 89
746 118
5089 1
747 98
748 87
749 99
1660 4
1661 3
1662 4
1663 3
1664 3
1665 9
1666 5
1667 5
1668 2
5544 1
1669 1
290 2892
291 2891
292 2881
293 2825
294 2847
295 2936
296 2889
297 2788
298 2850
299 2790
4220 2
4226 2
4227 1
2991 1
2992 1
2993 1
2994 1
5090 1
5091 3
5092 1
2997 1
750 92
2998 3
751 92
5094 2
752 86
753 90
5096 1
754 92
5097 2
755 90
5098 1
756 102
5099 2
757 86
758 82
759 75
1670 5
1671 3
1672 7
1673 4
1674 4
5550 1
1675 8
1676 1
1677 2
5552 1
1678 6
1679 3
4230 2
4233 1
4236 1
4237 1
760 107
761 95
762 89
763 102
764 97
765 93
766 98
767 84
768 98
769 88
1680 3
1681 5
1682 5
1683 4
1684 2
1685 1
1686 4
1687 8
5563 1
1688 6
1689 7
5568 1
4242 2
4244 1
4246 1
770 86
771 86
772 88
773 106
774 87
775 74
776 90
777 87
778 94
779 85
4701 1
4703 1
4704 2
4705 1
1690 6
1691 4
1692 7
1693 5
1694 8
1695 5
1696 1
1697 6
1698 6
1699 6
4254 1
4255 2
4257 1
780 71
781 79
782 82
783 73
784 72
785 81
786 73
787 79
788 76
789 73
4718 2
4265 1
4268 1
790 74
791 77
792 81
793 63
794 68
795 77
796 76
797 70
798 75
799 75
4724 1
4727 1
4728 1
5598 1
3405 1
3406 1
3407 1
3409 1
4271 1
4275 1
4276 1
4278 1
4731 2
4736 1
4738 1
4739 2
3411 1
3413 1
3416 1
3417 1
3419 1
4286 1
4740 1
4742 3
4743 1
4744 1
4746 1
3421 2
3424 1
3427 1
3428 1
3429 2
4290 1
4293 1
4296 1
4297 1
2100 1
2101 2
2102 2
2103 2
2105 2
2106 2
2107 3
2108 1
2109 2
4753 2
4754 1
3432 1
3435 1
3437 2
3439 1
2110 1
2111 3
2112 2
2113 3
2114 2
2115 1
2116 6
2117 2
2118 3
2119 2
4761 1
4762 1
4763 1
4764 1
4769 1
3443 1
3446 1
3449 1
3900 2
2120 2
2121 2
2122 3
2124 5
2126 1
3907 1
2127 3
2128 1
2129 2
4771 2
4772 1
4777 1
4779 1
3455 3
3457 1
3459 1
2130 2
3911 3
2131 2
3912 2
2132 2
3913 1
2133 2
3914 2
2134 1
2135 2
3916 1
2136 1
3918 1
2138 2
4780 1
4784 1
4786 1
4787 1
3461 2
3464 1
3466 1
3467 3
2140 1
3921 1
2141 2
2143 2
2144 1
2145 1
2146 1
2147 4
3927 1
2148 4
2149 1
4791 1
4793 1
4797 2
4798 1
4799 3
2600 2
2604 6
2605 1
2606 1
2608 4
2609 2
3471 1
3472 1
3475 1
3476 1
3478 1
2150 2
3931 1
2151 1
2152 2
2153 3
2154 2
2155 1
2156 1
3937 1
2157 2
2159 1
2611 2
2612 1
2615 1
2617 2
2618 1
2619 1
3480 2
3481 1
3483 1
3484 1
3489 3
2160 1
3940 3
2161 1
3942 1
2162 2
3943 2
2163 2
2164 3
2165 1
2166 2
2167 1
3948 1
2168 4
3949 2
2169 3
