2621 1
2622 2
2627 2
3491 1
3492 2
3494 1
3499 1
1300 16
1301 16
1302 18
1303 17
1304 23
1305 14
1306 18
1307 12
1308 16
1309 19
2170 1
3952 1
2172 6
3954 2
2174 2
2176 1
3956 2
3957 1
2177 1
2178 2
3959 1
2179 1
6 1
8 1
7849 1
2630 1
2631 1
2632 1
2635 3
2636 2
6516 1
1310 16
1311 15
1312 24
1313 15
1314 16
1315 18
1316 14
1317 16
1318 12
1319 12
2180 2
3960 1
2181 4
3961 1
3962 1
2182 2
2183 3
2184 1
2185 1
2186 4
2187 1
2188 1
2189 2
3969 1
2642 1
2643 2
2644 3
2646 1
400 471
401 445
402 424
403 437
404 405
405 436
406 426
407 439
408 393
409 393
1320 19
1321 13
1322 10
1323 12
1324 16
1325 10
1326 15
1327 12
5203 2
1328 16
5204 2
1329 12
5205 2
3970 1
2191 1
3971 1
2192 1
2194 1
2195 2
2196 1
2197 4
2198 2
2199 5
2650 2
2651 2
2653 1
2654 1
2655 1
410 407
411 404
2658 2
412 430
2659 1
413 358
414 454
415 387
416 424
417 437
418 432
419 420
1330 23
1331 13
1332 12
1333 15
1334 19
1335 18
1336 15
5212 2
1337 11
1338 14
1339 14
5216 1
5219 1
3983 2
3985 1
3989 1
2660 1
2661 1
2663 1
2666 1
2667 1
420 400
421 429
422 424
423 413
424 398
425 386
426 449
427 414
428 427
429 431
1340 16
1341 14
1342 15
1343 17
1344 11
5220 2
1345 12
1346 12
1347 9
5223 1
1348 15
1349 17
5226 1
5229 2
6096 1
1800 1
7881 1
1801 3
1802 3
1803 3
1804 1
1805 1
1806 2
1807 1
1808 4
1809 1
2671 1
2675 1
2677 1
430 409
2678 1
431 371
432 406
433 403
434 396
435 467
436 390
437 404
438 423
439 426
1350 14
1351 7
1352 11
1353 11
1354 14
1355 12
5231 2
1356 9
1357 9
1358 19
1359 11
5235 1
1810 3
1811 1
1812 2
1813 4
1814 1
1815 4
1816 1
7898 1
1817 1
1818 2
1819 1
2680 1
2684 1
2685 1
440 389
441 387
2689 1
442 396
443 373
444 423
445 391
446 407
447 380
448 400
449 396
1360 9
1361 9
1362 10
1363 10
1364 8
1365 15
1366 10
1367 11
900 123
1368 15
901 109
1369 7
902 112
903 121
904 135
5247 1
905 109
906 119
907 119
908 121
909 114
1820 4
1821 2
1822 2
1823 4
1824 1
1825 3
5701 1
1826 5
1827 7
5703 1
1828 3
5704 1
1829 2
5706 1
2691 2
2693 1
2695 1
2696 1
450 430
451 430
452 426
453 408
454 411
455 413
456 412
457 380
458 433
459 390
1370 12
1371 15
1372 11
1373 11
1374 7
1375 17
5251 1
1376 7
1377 18
910 112
5253 1
1378 17
911 95
5254 1
1379 17
912 104
5255 2
913 128
5256 1
914 125
915 107
916 114
5259 1
917 100
918 104
919 105
1830 5
1831 3
1832 7
1833 2
1834 4
5710 2
1835 2
1836 3
1837 1
1838 3
1839 6
460 407
461 379
462 385
463 412
464 399
465 425
466 397
467 428
468 404
469 379
1380 9
1381 11
1382 9
1383 14
1384 22
1385 8
1386 15
920 99
5262 1
1387 16
921 93
5263 1
1388 18
922 123
1389 11
923 109
5265 1
5266 1
924 102
925 106
926 106
927 122
928 100
929 106
1840 1
1841 2
1842 2
1843 2
1844 3
5720 1
1845 4
1846 4
1847 4
1849 3
5728 1
5729 1
470 401
471 406
472 410
473 421
474 428
475 387
476 428
477 420
478 379
479 409
4405 1
4408 1
1390 17
1391 16
1392 15
1393 19
1394 12
1395 10
5271 2
1396 12
930 127
1397 15
931 87
1398 9
932 91
1399 8
933 117
934 103
5276 2
935 87
5277 2
936 94
937 94
938 86
939 104
1850 1
1851 6
1852 1
1853 2
1854 1
1855 5
1856 3
1857 1
1858 4
5739 2
480 402
481 393
482 407
483 410
484 421
485 390
486 389
487 409
488 416
489 418
4410 3
4413 1
5280 1
940 107
941 79
942 94
943 95
944 96
945 96
5288 2
946 87
947 84
948 74
949 82
1860 1
1861 3
1862 2
1863 5
1864 3
5741 1
1866 3
1867 1
1868 3
5744 2
1869 3
5749 1
490 397
491 404
492 390
493 398
494 371
495 404
496 435
497 389
498 385
499 412
4421 1
950 89
951 111
5294 1
952 85
953 91
5296 1
954 97
955 83
956 87
957 92
958 89
959 67
3100 1
3102 1
3104 1
3107 1
3108 1
3109 2
1870 3
1871 3
1872 3
1873 6
1874 2
1875 6
1876 4
5752 2
1878 2
5757 1
4430 3
4432 1
4433 1
4434 1
4435 1
960 81
8325 1
961 82
962 98
963 92
964 86
965 88
966 90
967 93
968 67
969 71
3113 2
3118 1
3119 1
1880 2
1881 2
1882 1
1883 2
1884 5
1885 2
5761 1
1886 2
7004 1
1887 3
1888 3
1889 2
5769 1
4441 1
4444 1
4446 1
970 90
971 84
972 73
973 84
974 59
975 78
976 74
977 69
978 74
979 68
3120 1
4900 1
3121 1
4901 1
4903 1
3125 1
3128 1
1890 4
1892 1
1893 2
1894 1
1895 4
1896 2
5772 1
1897 1
5773 1
1898 2
1899 1
980 90
981 65
982 79
983 64
984 80
985 77
986 68
987 74
988 85
989 63
3131 1
3134 1
4917 1
3137 1
3138 1
3139 1
5782 1
5783 1
4460 2
4461 1
4464 1
4465 1
4467 1
4468 2
990 68
991 64
992 75
993 56
994 71
995 71
996 57
997 52
998 60
999 58
4920 1
4924 1
3146 1
3147 1
5791 1
5795 1
5796 1
3600 1
3606 1
3607 1
4472 1
4474 1
4475 1
4479 1
3151 2
3152 1
4935 1
3155 3
3156 1
3610 1
3611 1
3612 2
3617 1
4484 1
4485 1
4487 1
4489 1
3160 1
4940 1
4942 1
4944 1
3164 1
4948 1
4949 1
7055 1
3620 1
3623 2
3625 1
3628 1
4491 1
4492 1
4494 1
4496 1
2300 1
2301 2
2302 1
8383 1
2303 3
2305 5
2306 3
2307 2
2308 2
2309 2
3170 1
3173 1
4955 1
3175 2
3177 2
3178 1
4958 1
3630 1
3633 1
3634 1
3637 2
3639 2
2310 1
2311 2
2312 2
2313 3
2314 2
2318 1
2319 2
3180 2
3182 1
4963 1
3183 1
3185 1
3186 2
3640 1
3641 2
3642 1
3644 1
3645 2
3647 1
3648 1
2320 1
2323 2
2324 1
2325 1
2326 2
2327 4
2329 3
4974 1
4975 1
3195 1
3199 1
7080 1
3650 1
3651 1
3657 1
2333 2
2336 2
2337 1
2339 2
4981 1
1000 64
1001 76
1002 78
1003 81
1004 70
1005 59
1006 49
1007 65
1008 71
1009 76
3660 1
3663 1
3664 2
3665 1
2341 1
2342 2
2343 1
2344 1
2346 2
2347 2
100 1368
6222 1
101 1335
102 1323
103 1307
104 1286
105 1278
106 1314
107 1243
108 1257
109 1267
4994 1
1010 66
1011 61
1012 63
1013 59
1014 67
1015 55
1016 68
2800 2
1017 57
2801 1
1018 64
2802 1
1019 64
2803 1
2804 1
2805 1
2806 1
2809 2
3670 1
3674 1
3676 1
3679 2
2351 1
2352 1
2353 1
2354 3
2355 1
6231 1
2356 4
110 1222
2357 1
111 1209
6233 1
2358 1
6234 1
112 1216
113 1190
114 1118
115 1212
116 1165
117 1176
118 1149
119 1166
1020 65
1021 51
1022 50
1023 63
1024 54
1025 50
1026 72
1027 67
1028 55
2811 1
1029 43
2812 1
2813 1
2817 1
2819 1
3680 1
3682 1
3684 1
3685 1
3687 1
3688 1
2360 1
2361 1
2364 1
2365 1
120 1052
2368 1
121 1106
2369 1
122 1036
123 1112
124 1074
125 1178
126 1048
6249 1
127 1032
128 1048
129 1116
1030 59
1031 52
1032 63
1033 47
1034 58
1035 69
1036 75
2820 2
1037 41
2821 1
1038 47
1039 57
2823 1
2824 1
2828 2
2829 1
3692 1
3694 1
3696 1
3697 1
1500 6
1501 9
1502 6
1503 7
1504 10
1505 10
1506 7
1507 8
1508 8
1509 6
2371 1
2372 2
2373 3
2375 1
2377 1
130 1075
2378 2
131 1024
132 1073
133 1009
134 981
135 1011
136 1059
137 974
138 952
139 977
1040 50
1041 52
1042 42
1043 63
1044 63
1045 46
1046 51
1047 45
1048 42
2832 1
1049 53
2833 1
2834 2
2835 1
2838 1
1510 11
1511 7
1512 6
1513 6
1514 5
1515 7
1516 6
1517 6
1518 4
1519 9
2380 1
2381 1
2382 2
2384 2
2386 1
140 949
2387 1
141 1017
2388 1
142 963
2389 2
143 1004
144 928
145 960
6267 1
146 871
147 944
148 922
149 861
1050 58
1051 51
1052 46
1053 51
1054 56
1055 55
1056 53
1057 47
1058 54
2842 1
1059 63
2843 1
600 345
2848 2
601 337
2849 1
602 369
603 377
604 363
605 363
606 351
607 357
608 340
609 398
1520 4
1521 6
1522 7
1523 5
1524 10
1525 6
1526 5
1527 10
1528 4
5404 1
1529 7
5409 1
2391 2
2393 2
2394 2
2395 2
150 879
2397 1
151 869
2398 2
152 894
153 882
154 912
155 863
156 871
157 853
158 826
159 891
1060 41
1061 67
1062 34
1063 49
1064 41
1065 46
1066 55
1067 47
1068 44
2851 2
2852 1
1069 45
610 364
611 330
2858 3
612 339
613 370
614 338
615 332
616 354
617 361
618 348
619 319
1530 10
1531 6
1532 3
1533 4
1534 5
1535 8
1536 7
1537 9
1538 13
1539 5
5415 1
5419 1
160 852
161 794
162 817
163 866
164 839
165 787
166 838
167 829
168 825
169 786
1070 40
1071 49
1072 42
1073 44
1074 36
1075 34
1076 42
1077 52
1078 37
2862 2
1079 54
2863 2
620 318
621 360
2868 1
622 346
623 336
624 369
625 324
626 351
627 348
628 320
629 333
1540 4
1541 7
1542 7
1543 4
1544 12
1545 4
1546 7
1547 5
1548 4
5424 1
1549 11
5425 1
5428 3
170 815
171 790
172 815
173 796
174 740
175 833
176 750
177 767
178 708
179 750
4101 1
1080 39
1081 50
1082 47
1083 40
1084 45
1085 49
1086 33
2870 1
1087 52
1088 46
1089 39
2873 1
2877 1
630 369
631 312
632 353
633 332
634 345
635 346
636 324
637 344
638 287
639 346
1550 6
1551 4
1552 1
1553 5
1554 7
1555 12
1556 4
5432 1
1557 5
1558 6
1559 10
5437 1
180 788
181 719
182 756
183 720
184 714
185 733
186 727
187 708
188 737
189 685
1090 31
1091 50
1092 36
1093 36
4116 1
1094 37
1095 47
1096 38
2880 2
1097 49
2881 3
1098 40
2882 1
1099 45
2883 2
2884 1
2887 1
640 366
2888 2
641 353
2889 1
642 324
643 320
644 323
645 340
646 306
647 300
648 311
649 334
1560 4
1561 2
1562 6
1563 4
1564 1
1565 4
1566 7
1567 4
5443 1
1568 7
1569 4
190 720
191 631
192 700
193 675
194 707
195 718
196 635
197 739
198 683
199 684
5904 1
5906 1
5909 1
2892 2
2894 1
2895 1
6771 1
2897 1
650 289
651 342
652 338
8017 1
653 311
654 293
655 324
656 294
657 324
658 343
659 309
1570 5
1571 3
1572 4
1573 4
1574 4
1575 4
1576 1
1577 3
1578 3
5454 1
1579 7
5456 1
5458 1
5911 1
4135 1
5919 2
8024 1
660 336
661 312
662 314
663 318
664 302
665 305
666 324
667 298
668 315
669 317
1580 5
1581 5
1582 2
1583 7
1584 5
1585 10
1586 3
5462 1
1587 10
1588 3
1589 4
5926 1
6790 1
670 324
671 351
672 296
673 320
8038 1
674 314
675 303
676 293
677 302
678 288
679 271
4605 1
4608 1
1590 10
1591 8
1592 7
1593 5
1594 5
1595 3
5471 1
1596 5
1597 2
1598 9
5474 1
1599 5
5475 1
5476 1
5478 1
4150 1
4152 1
5935 1
4157 1
4158 1
5938 1
4159 1
8044 1
680 307
681 322
8046 1
682 287
683 297
684 290
685 314
686 317
687 287
688 273
689 276
4615 1
4617 1
4619 1
8500 1
5481 1
5485 1
5488 1
5942 1
5944 1
4164 1
4166 1
4169 1
690 282
691 304
692 285
693 304
694 294
695 259
696 290
697 305
698 270
699 304
4621 1
8510 1
5491 1
5495 3
8519 1
5499 3
3302 2
3304 1
3305 1
3307 2
5951 1
4177 1
8069 1
4632 1
4633 1
4635 1
4638 1
8523 1
3318 2
3319 1
4183 1
4187 1
5968 1
8078 1
4640 1
4641 1
8531 1
8533 2
3324 1
5974 1
4196 1
4198 1
2000 2
2001 3
2002 4
2003 2
2004 3
2005 2
2006 1
2008 3
4650 1
4652 1
4657 1
4659 2
8544 1
8545 1
8547 1
3330 1
3331 1
3332 1
3336 1
3338 1
5981 2
5983 1
2010 4
2011 4
2012 4
2013 2
2014 3
2016 2
2017 5
2019 2
4661 1
4663 1
4665 1
8550 1
8555 2
8556 1
8557 4
8559 2
3343 1
3347 2
5992 1
5993 1
2020 2
2021 4
2022 4
2023 2
2024 3
2025 2
2026 3
2027 2
2028 2
2029 2
4670 2
4676 1
8562 1
8563 1
8564 2
8566 2
8567 2
8568 1
8569 3
3355 1
3359 1
3810 1
2031 4
2032 1
3813 1
2033 1
3814 1
2034 5
2036 1
2037 4
2039 1
7705 1
4685 1
8570 2
8571 2
8572 3
8573 2
8574 2
8575 3
8576 3
8577 2
8578 3
8579 2
3360 2
3362 1
3365 1
3366 1
3820 2
2040 5
2041 2
2042 1
2043 4
2044 1
2046 1
3827 1
2047 4
2049 1
4691 1
7715 1
7716 1
4694 1
7719 1
4696 1
4698 1
8581 3
2500 2
8582 7
2501 1
2502 1
8583 2
8584 3
2503 2
8585 5
2504 1
8586 3
8588 2
2508 2
8589 2
3374 1
3376 1
3378 1
2050 4
2051 2
2052 2
2053 4
3834 1
2055 2
3836 1
2057 1
2058 3
2059 2
3839 1
7720 1
7727 1
8590 1
8591 3
8592 1
2512 1
8593 1
8594 1
8596 1
2515 1
8598 1
2519 4
3380 1
3388 1
2060 2
3840 1
2061 1
2062 1
3843 1
2063 5
2064 2
2065 1
2066 2
2067 2
3848 1
2068 1
2069 3
3849 1
2520 1
2521 1
2524 1
2525 1
2526 1
2527 2
2528 2
2529 1
3390 1
3391 1
3393 1
3394 1
3397 1
1200 23
1201 17
1202 25
1203 36
-1 2
1204 29
1205 28
1206 24
1207 19
1208 20
1209 16
2070 4
2071 2
2072 1
3853 1
2073 1
3854 2
2074 5
2075 4
2076 3
3857 1
2077 3
2078 2
3859 1
2531 1
2533 1
2534 2
2535 2
2536 1
1210 18
1211 28
1212 14
1213 18
1214 22
1215 32
1216 20
1217 26
1218 26
1219 24
3861 1
2081 2
2082 3
2083 1
2085 2
2086 2
3867 1
2087 2
3868 1
2088 1
3869 1
2089 2
7754 1
2540 2
2541 1
2542 1
2543 2
2544 1
2545 1
2546 1
300 460
2547 1
301 490
6423 1
2548 2
302 506
303 488
304 482
305 483
306 477
307 452
308 477
309 503
1220 17
1221 22
1222 21
1223 32
1224 25
1225 21
1226 20
1227 15
1228 27
1229 28
5105 1
5107 1
5109 1
2090 2
2091 3
3872 1
2092 3
2093 3
3874 1
2094 1
2095 4
2096 3
3877 2
2098 3
2099 4
7769 1
2552 1
2553 2
2554 1
2555 2
2556 1
310 453
2557 2
311 456
312 492
2559 1
313 489
314 452
315 496
316 487
317 451
318 472
319 409
1230 20
1231 20
1232 25
1233 20
1234 15
1235 23
1236 17
5112 1
1237 17
1238 14
1239 17
5115 1
5116 1
5119 1
3880 1
3881 1
3883 1
3885 3
2560 1
2561 1
2562 1
320 470
321 442
2569 1
322 438
323 484
324 435
325 408
326 454
327 493
328 450
329 440
1240 27
1241 26
10 1
1242 21
1243 17
1244 25
12 1
1245 23
13 1
5121 1
1246 16
14 1
1247 17
1248 23
5124 1
1249 17
17 2
5125 1
19 1
3893 1
3894 1
3898 2
1700 3
1701 4
1702 4
1703 3
1704 4
1705 2
1706 1
1707 5
1708 6
1709 3
2571 1
2573 1
2574 1
2577 1
330 455
331 446
332 401
333 424
334 425
335 443
6457 1
336 406
337 412
338 446
339 427
1250 13
1251 21
20 1
1252 19
1253 18
1254 20
22 1
1255 25
23 1
5131 1
1256 13
24 1
1257 19
25 2
1258 15
26 3
1259 22
27 2
29 1
5138 1
1710 7
1711 2
1712 3
1713 9
1714 1
1715 5
1716 3
1717 3
1718 2
1719 3
2581 4
2582 1
2583 1
2585 1
2586 1
340 464
2587 1
341 434
342 434
2589 1
343 427
344 452
345 412
346 434
347 473
348 423
349 451
1260 14
1261 17
1262 15
30 4
1263 13
31 6
1264 18
32 1
1265 17
33 3
1266 16
34 6
1267 16
35 5
800 182
1268 22
36 10
801 191
5144 1
1269 12
37 23
802 205
38 17
803 195
39 37
804 183
5147 1
805 186
806 204
807 190
5149 1
808 208
809 188
1720 4
1721 2
1722 1
1723 2
1724 2
1725 7
5601 1
1726 3
1727 1
1728 2
1729 3
5605 3
5608 2
5609 2
2590 1
2591 2
2592 1
2595 2
350 476
351 466
352 450
2599 1
353 435
354 422
355 411
356 456
357 421
358 416
359 386
1270 18
1271 27
1272 11
40 53
1273 16
41 91
1274 11
42 147
5150 1
1275 13
43 177
1276 14
44 253
810 189
1277 14
45 334
811 186
1278 22
46 439
812 169
1279 16
47 553
813 177
5155 3
48 618
5156 1
814 187
49 727
815 191
816 181
5159 1
817 173
818 171
819 185
1730 2
1731 2
1732 1
1733 7
1734 5
5610 1
1735 2
1736 6
1737 2
1738 1
1739 4
5618 1
360 415
361 418
362 462
363 423
364 414
365 438
366 428
367 396
368 420
369 424
1280 16
1281 17
1282 19
50 850
1283 12
51 994
1284 18
52 1113
5160 1
1285 14
53 1180
1286 9
54 1253
6942 1
5162 1
1287 13
55 1378
820 188
1288 15
56 1370
821 173
5164 2
1289 21
57 1492
822 167
58 1557
823 185
59 1663
824 171
825 165
5168 1
826 158
827 170
828 179
829 186
1740 3
1741 5
1742 3
1743 3
1744 2
1745 3
1746 1
1747 3
1748 6
1749 3
5625 1
370 419
371 448
372 443
373 484
374 452
375 416
376 435
377 431
378 419
379 454
4300 1
4307 1
1290 18
1291 22
1292 17
60 1638
1293 24
61 1667
1294 14
62 1784
5170 1
1295 11
63 1848
1296 17
64 1850
1297 16
65 1821
830 160
1298 16
66 1805
831 193
1299 20
67 1822
832 189
68 1839
833 193
5176 1
69 1791
834 158
835 189
836 167
837 161
838 155
839 173
1750 2
1751 3
1752 4
1753 2
1754 1
1755 1
1756 2
1757 2
5633 1
1758 2
1759 3
5638 1
380 415
381 410
382 438
383 416
384 385
385 468
386 397
387 396
388 401
389 408
4319 1
70 1785
71 1826
72 1693
73 1738
74 1745
5182 1
75 1730
840 152
8205 1
76 1790
841 160
77 1727
842 148
5185 1
78 1695
843 168
79 1610
844 160
845 155
846 127
847 143
848 168
849 145
1760 3
1761 1
1762 4
1763 2
1764 4
1765 3
1766 3
1767 4
1768 8
1769 1
5646 2
5649 1
390 434
391 391
392 417
393 394
394 432
395 438
396 445
397 436
398 365
399 426
4321 1
4322 1
4323 1
4325 1
4327 1
4328 2
80 1665
81 1674
82 1623
83 1642
5191 1
84 1587
850 161
5192 1
85 1557
851 154
86 1515
852 170
5194 1
87 1520
853 166
88 1512
854 154
89 1494
855 147
5197 2
856 142
857 148
858 134
859 128
3000 1
3001 3
3003 1
3004 1
3005 1
3008 1
1770 7
1771 7
1772 2
1773 3
1774 1
1776 2
1777 1
1779 3
4330 1
4332 1
4334 1
4335 1
90 1478
91 1418
92 1451
93 1443
6981 1
94 1438
95 1414
860 152
96 1406
861 137
97 1390
862 144
98 1376
863 143
99 1407
864 144
865 151
866 156
867 136
868 138
869 111
3011 1
3012 2
3015 1
3016 2
1780 3
1781 1
1782 2
1783 4
1784 4
1785 1
1786 1
5661 1
1788 1
1789 1
5666 1
5667 1
4342 2
4346 1
870 154
871 123
872 126
873 139
874 147
875 120
876 125
877 132
878 132
879 126
3022 1
3026 1
4808 1
3029 1
1790 1
1791 1
1792 3
1793 7
1794 1
1795 2
1796 1
5672 1
1797 2
1798 1
5673 1
5676 1
4357 1
880 135
881 135
882 128
883 158
884 130
885 147
886 124
887 121
888 117
889 130
4810 1
3033 1
3035 1
4817 2
3037 1
3038 1
4819 1
5682 1
5683 1
4361 1
4362 1
890 130
891 126
892 109
893 137
894 135
895 97
896 114
897 121
898 145
899 123
3042 1
3043 1
4825 1
4826 1
3048 1
5690 1
5692 1
5693 1
3504 1
3505 2
3508 1
3509 1
4371 2
4373 1
4379 1
8264 1
4832 3
3052 1
4834 1
3055 1
3057 2
3059 1
3510 1
3511 1
3514 1
3515 1
3516 1
3517 1
3519 1
4380 1
4383 1
4384 1
4385 1
4389 1
8273 1
3060 1
3061 1
4844 1
4846 1
3066 1
3522 1
3523 1
3524 2
3526 1
3529 3
4397 1
2200 3
2201 2
2202 3
2204 1
2205 1
2206 1
2207 1
2208 3
2209 1
4850 1
3072 1
3073 1
4854 1
3074 1
4855 1
3075 1
3076 1
3077 1
4857 1
4859 1
3531 1
3535 1
2212 2
2213 5
2215 1
2217 2
2218 3
2219 1
3086 3
4867 1
3087 1
3088 1
4868 1
3541 1
3545 2
3549 2
2221 3
2222 2
2223 3
2225 3
2226 2
2227 1
2228 1
2229 2
6106 1
3090 1
4871 1
3091 1
3092 1
3093 2
3094 1
3095 1
4876 1
3551 1
3552 2
3554 1
3558 2
2230 1
2231 2
2233 2
2234 3
2235 1
6111 1
2237 2
4881 1
4886 1
3563 1
2240 2
2241 2
2242 1
2243 1
2245 3
2248 3
2249 3
6127 1
7915 2
4895 1
4896 1
4898 1
2700 1
2702 1
2703 1
2704 2
2706 1
2707 1
2708 2
3573 1
3574 2
3575 1
3578 1
2250 1
2251 1
2252 2
2253 3
2254 1
2255 1
2256 1
2257 3
2258 2
2715 2
2718 1
3584 1
3587 1
3588 1
2262 3
2263 1
2264 2
2265 1
2267 1
2268 1
2269 4
2720 1
2724 2
2726 3
2727 2
2729 1
3590 1
3591 1
3592 1
3596 1
3599 1
1400 13
1401 11
1402 9
1403 11
1404 10
1405 9
1406 16
1407 6
1408 8
1409 12
2270 1
2271 1
2272 1
2275 2
2276 1
2277 1
2278 3
2279 1
7949 1
2732 1
2733 2
2738 1
2739 1
6618 1
1410 10
1411 8
1412 12
1413 12
1414 10
1415 12
1416 12
1417 12
1418 10
1419 14
2280 3
2282 1
2283 1
2286 1
2288 6
2289 1
7958 1
2744 1
2745 1
500 414
501 438
502 439
503 408
504 394
505 367
506 376
507 382
508 413
509 421
1420 17
1421 4
1422 5
1423 9
1424 9
1425 13
1426 9
1427 12
5303 1
1428 15
1429 8
2290 2
2292 4
2293 1
2294 1
2295 2
6170 1
2296 3
2297 1
2298 2
2299 1
6176 1
2750 1
2753 2
2754 1
510 411
2758 1
511 379
2759 3
512 384
513 369
514 381
515 403
516 373
517 379
518 436
519 391
1430 10
1431 8
1432 7
1433 9
1434 3
5310 1
1435 9
5311 2
1436 7
1437 12
5313 1
1438 7
5314 1
1439 5
5315 1
5316 1
5317 1
7972 1
7976 1
2760 1
2763 1
2764 1
2765 2
2767 2
520 406
521 420
522 397
523 394
524 380
525 364
526 395
527 421
528 406
529 423
1440 8
1441 8
1442 9
1443 12
1444 7
5320 1
1445 8
5321 1
1446 13
5322 1
1447 13
1448 11
5324 1
1449 8
5328 1
1900 5
6198 1
1901 4
1902 2
1903 4
1904 1
1905 1
1906 1
1907 1
4002 1
1908 1
1909 1
2771 1
2772 2
2774 3
2777 2
530 356
531 377
2778 2
532 405
533 396
534 421
535 358
536 376
537 419
538 392
539 383
1450 8
1451 11
1452 5
1453 12
1454 9
1455 9
1456 7
1457 10
1458 14
1459 8
5335 1
5336 1
5338 1
5339 1
1910 3
1911 4
1912 2
1913 3
1914 4
1915 1
4010 1
1916 3
1917 3
1918 3
1919 2
4015 1
4018 1
2781 2
2782 1
2783 1
2784 1
2785 1
540 425
541 371
2788 2
542 393
543 398
544 380
545 404
546 376
547 370
548 385
549 398
1460 5
1461 15
1462 9
1463 10
1464 8
1465 8
1466 5
1467 12
5343 1
1468 11
1469 13
1920 3
1921 1
1922 1
1923 2
1924 2
5800 2
4020 1
1925 4
5801 1
1926 3
5802 1
1927 2
1928 3
1929 3
4025 1
4029 1
2793 1
2797 1
550 385
551 400
2799 1
552 371
553 345
554 398
555 379
556 377
557 350
558 375
559 402
1470 7
1471 6
1472 12
1473 7
1474 8
1475 9
1476 8
1477 11
1478 6
1479 6
1930 4
1931 6
1932 3
1933 4
1934 2
1935 1
1936 1
1937 2
1938 3
1939 1
4034 2
4037 1
560 388
561 387
562 396
563 375
564 385
565 356
566 380
567 376
568 365
569 379
1480 5
1481 6
1482 6
1483 5
1484 10
1485 8
1486 4
5362 1
1487 5
1488 11
1489 9
5368 1
1940 1
1941 3
1942 3
1943 1
1944 2
1945 2
4040 1
1946 1
1947 2
4049 1
570 393
571 383
572 381
573 386
574 338
575 351
576 331
577 355
578 373
579 373
4500 1
4503 2
1490 7
1491 12
1492 3
1493 8
1494 5
1495 4
1496 4
1497 5
1498 8
1499 7
5377 2
5379 1
1950 6
1951 2
1952 2
1953 1
1954 1
1955 2
1956 1
1957 2
1958 1
1959 2
4056 1
580 397
581 350
582 384
583 369
584 348
585 353
586 351
587 366
588 386
589 364
5381 1
5382 1
1960 3
1961 1
1962 1
1963 3
1964 8
1965 1
1966 2
1967 1
4062 1
5842 1
1968 1
1969 4
590 352
591 364
592 364
593 355
594 350
595 391
596 363
597 377
598 344
599 369
5391 2
5392 2
5393 1
5396 1
5397 1
3200 1
3203 2
3205 1
3209 1
1970 2
1971 2
1972 3
1974 2
5851 1
1976 4
1977 2
1978 2
1979 1
5855 1
4075 2
4076 1
4079 1
4530 1
4532 1
4535 2
4536 1
4539 1
3218 2
1980 2
1981 2
1982 2
1984 1
1985 1
5861 1
1987 3
1988 2
5864 1
5865 1
4085 1
4086 1
5867 1
4542 1
4547 1
3220 1
3226 1
1991 1
1993 3
1994 2
4090 1
1995 1
5871 1
1997 3
1999 2
4558 1
3232 1
5883 2
4568 2
3241 1
3243 1
3244 2
3249 1
5894 1
3709 1
4576 1
4579 1
8465 1
8466 1
3710 1
3712 1
3715 1
3717 1
4580 1
4581 1
4582 3
4586 2
8477 1
3262 1
3264 1
3266 1
3724 1
4591 1
4594 1
4596 1
2401 2
2402 2
2403 1
2404 1
2405 1
2406 1
2407 2
8489 1
2408 1
2409 1
3272 1
3273 1
3276 1
3278 1
3730 1
3733 1
3736 1
3738 1
3739 1
-18 1
8492 1
8493 1
2412 1
2413 1
2414 1
2415 1
2416 1
3281 1
3282 1
3285 1
3289 1
3742 1
3746 1
3749 1
2420 2
2421 1
2422 1
2426 1
2427 1
2428 1
6304 1
2429 2
1100 52
1101 33
1102 35
1103 31
1104 27
1105 29
1106 40
1107 37
1108 34
1109 26
3750 2
3751 1
3755 1
3759 1
-33 1
2430 1
2431 2
2432 1
2433 1
2434 1
2435 2
2436 2
2439 1
1110 51
1111 26
1112 37
1113 39
1114 30
1115 31
1116 36
1117 40
1118 49
1119 25
3765 1
3769 1
2440 2
2441 1
2442 1
2443 2
2444 1
2445 2
200 721
201 695
2449 1
202 658
203 661
204 644
205 662
206 651
207 608
208 617
209 650
2900 1
1120 32
2901 1
1121 44
2902 1
1122 39
1123 26
1124 34
2905 2
5000 1
1125 32
1126 37
2907 1
1127 31
1128 36
1129 34
3771 1
3772 1
3775 1
3776 1
3778 1
3779 1
2450 1
2451 3
2452 1
2453 1
2454 1
2456 1
2457 1
210 637
211 628
2459 2
212 608
213 545
214 636
6337 1
215 596
216 597
217 654
218 633
219 629
2910 2
1130 17
2911 1
1131 31
2912 1
1132 44
2913 1
1133 24
2914 1
1134 51
5010 1
1135 34
2916 1
1136 31
1137 38
2918 1
1138 34
2919 1
1139 35
3782 1
3784 1
2461 2
2463 1
2464 1
2465 1
2466 1
6342 1
220 587
221 632
222 564
2469 2
223 640
224 638
225 619
226 569
227 628
228 588
229 549
1140 37
1141 23
2921 2
1142 32
2922 1
1143 38
1144 28
2924 3
5020 1
1145 35
5021 1
1146 35
2926 1
5022 1
1147 29
2927 1
1148 40
2929 2
1149 21
3792 1
3795 1
1600 2
1601 7
1602 2
1603 2
1604 5
1605 5
1606 5
1607 10
1608 6
1609 4
2473 1
230 554
231 594
232 585
2479 1
233 608
234 574
235 571
236 599
237 569
238 600
239 553
1150 25
2931 1
1151 27
1152 28
2933 2
1153 35
2934 1
1154 26
2935 2
1155 31
2936 1
1156 25
1157 32
1158 36
2939 1
1159 33
5039 1
1610 7
1611 4
1612 8
1613 5
1614 6
1615 4
1616 7
1617 5
1618 4
1619 3
2480 2
2484 3
2485 1
240 600
241 511
242 540
243 566
244 533
245 579
246 583
247 544
248 574
249 539
1160 29
2941 3
1161 24
1162 36
2943 2
1163 35
1164 37
1165 34
2946 2
1166 32
2947 1
1167 26
700 283
1168 30
701 273
5044 1
1169 23
702 270
5045 1
703 276
704 249
705 282
5048 1
706 272
707 305
708 256
709 283
1620 3
1621 9
1622 4
1623 1
1624 2
1625 6
1626 5
1627 5
1628 3
1629 4
5506 1
5509 1
2493 2
2494 1
250 527
251 575
2499 1
252 562
253 546
254 544
255 576
256 564
257 542
258 518
259 486
2950 1
1170 38
2951 1
1171 21
1172 25
2953 1
1173 26
2954 2
1174 35
1175 28
5051 1
1176 29
2957 1
1177 29
710 271
2958 1
1178 25
711 272
2959 1
1179 27
712 291
713 257
714 286
715 244
5058 1
716 279
717 269
718 300
719 271
1630 3
1631 3
1632 3
1633 4
1634 6
1635 2
1636 6
1637 3
5514 1
1639 6
5519 1
260 501
261 519
262 536
263 527
264 512
265 555
266 497
267 592
268 491
269 513
1180 22
1181 31
2961 1
1182 27
1183 31
2963 1
1184 32
1185 28
2965 1
1186 23
1187 26
720 251
5063 1
1188 18
721 295
2968 2
2969 1
1189 25
722 272
723 255
5066 1
724 265
725 274
726 251
727 273
728 263
729 224
1640 1
1641 1
1642 5
1643 2
1644 6
1645 3
1646 5
1647 4
1648 3
5524 1
1649 5
5528 1
6390 1
270 538
271 552
272 557
273 467
274 530
275 500
276 526
277 529
278 502
279 524
4208 1
4209 1
1190 29
2971 1
1191 26
2972 1
1192 30
2973 2
1193 29
2974 1
1194 25
2975 3
1195 29
6851 1
1196 31
2977 1
730 244
1197 38
731 246
1198 20
732 275
1199 24
733 222
5076 1
734 248
735 268
736 259
5078 2
737 263
738 232
739 245
1650 3
1651 3
1652 8
1653 4
1654 3
1655 4
1656 1
5532 1
1657 2
1658 4
5534 1
1659 2
5538 2
5539 1
280 462
281 480
282 514
283 517
284 470
285 510
286 529
287 454
288 481
289 484
4210 2
4211 1
4214 1
4216 1
4219 1
2982 1
2983 1
2984 1
5080 1
5081 1
5082 1
2987 1
740 231
2988 1
741 254
2989 3
742 269
743 232
744 235
745 238
746 241
5089 1
747 217
748 242
749 234
1660 2
1661 2
1662 2
1663 5
1664 4
1665 3
1666 4
1667 4
1669 3
5545 1
5547 1
290 495
291 505
292 480
293 488
294 525
295 464
296 469
297 485
298 488
299 494
4220 1
4221 1
4225 1
4227 1
2990 1
2992 1
2995 2
750 255
2998 1
751 249
5094 1
2999 2
752 239
753 260
754 248
755 213
756 228
5099 1
757 238
758 228
759 227
1670 3
1671 2
1672 3
1673 9
1674 5
1675 1
1676 2
1677 1
1678 3
1679 1
5558 1
4235 1
4238 1
760 231
761 202
762 230
763 222
764 234
765 230
766 200
767 232
768 198
769 228
1680 2
1681 4
1682 1
1683 5
1684 3
5560 1
1685 3
1686 3
1687 3
1688 5
5564 1
1689 3
8131 1
770 222
771 226
772 238
773 202
774 202
775 205
776 201
777 215
778 217
779 214
4701 1
4705 1
4707 1
1690 5
1691 5
1692 3
1693 1
1694 3
1695 7
1696 1
1697 5
5573 1
1698 6
5574 1
1699 4
4255 1
4257 1
780 230
781 237
782 239
783 208
784 241
785 198
786 240
787 204
788 198
789 213
4711 1
4715 1
4718 1
4719 1
5587 2
4260 1
4261 1
4266 1
790 210
791 186
792 227
8158 1
793 216
794 194
795 198
796 184
797 195
798 208
799 195
4723 2
4727 1
4728 1
5590 1
3401 1
3405 1
3407 1
4273 1
4277 1
4279 1
4731 1
4732 1
4739 1
8620 1
3410 1
4283 1
4285 1
3423 1
3426 1
3427 1
3429 1
4290 1
4291 1
4294 2
4295 1
4296 1
4297 1
4299 1
8181 1
2100 1
2101 3
2102 2
2103 3
2104 3
2105 2
2106 5
2108 2
4759 1
3431 1
3435 1
2110 4
2111 5
2112 2
2113 2
8195 1
2116 2
2117 3
2118 2
2119 5
4761 1
3440 2
3441 1
3444 1
3445 1
3446 1
3447 1
3900 1
2120 3
2121 5
2122 4
2125 3
6001 2
2126 3
2128 4
2129 3
4772 2
3450 1
3451 1
3453 1
3455 1
3456 2
3458 1
2130 1
3911 2
2131 2
2132 1
2133 3
3914 1
2134 3
2135 5
2136 1
2137 2
6012 1
2138 1
2139 1
6017 1
7800 1
4782 1
3463 1
3465 1
3467 1
3920 1
2141 1
2142 4
2143 2
2144 1
3924 1
2145 1
2146 2
2147 4
2148 2
2149 2
6027 1
4793 1
4797 1
2601 1
2604 2
3471 1
3473 1
3930 1
2150 3
2151 1
3932 1
2152 3
3933 2
2154 3
3934 1
2155 1
2156 2
3936 2
2157 2
2158 3
3939 1
2159 3
7820 1
6037 1
2611 1
2616 1
2617 3
2619 1
3480 1
2160 2
2161 2
3942 1
2163 1
2164 2
2165 1
2166 3
2167 1
2168 1
2169 4
2620 1
