2267 1
5108 1
5109 1
2269 1
3572 1
780 1
781 1
741 3
700 1
782 1
783 1
701 1
81 4
702 4
743 1
82 1
83 1
744 1
470 5
704 1
471 6
84 3
745 1
430 5
787 1
472 6
431 1
85 4
788 1
706 2
86 5
747 1
473 3
432 7
789 1
707 2
433 3
87 5
474 7
749 1
434 5
475 8
88 3
708 2
160 13
709 1
120 2
89 5
476 5
435 3
161 6
477 5
436 6
162 3
121 9
1924 1
1691 1
478 1
437 10
163 8
122 5
1925 1
438 4
479 2
164 11
123 15
1693 1
165 8
439 10
124 6
1653 1
125 6
166 7
1654 1
167 11
126 11
127 5
168 11
169 4
1656 1
128 13
129 7
1384 1
1304 2
1348 1
2962 1
2691 1
5262 1
2615 1
2698 1
2657 1
2077 1
3301 1
6265 1
3071 1
3037 1
860 1
820 3
822 2
863 1
864 2
590 1
865 1
824 2
592 2
510 1
551 2
826 1
593 1
552 1
511 4
827 1
553 1
594 2
512 2
828 2
280 5
595 1
554 1
4964 1
513 4
240 4
514 2
281 6
596 6
555 2
241 1
597 1
282 2
515 4
200 5
557 1
516 8
598 2
201 7
283 8
242 4
517 2
558 1
599 3
284 5
202 8
243 9
1771 1
1731 1
4613 1
518 2
559 2
203 4
285 6
244 5
286 4
519 3
245 3
204 5
205 10
246 9
287 6
206 8
288 7
247 3
248 4
4658 1
207 6
289 6
208 3
249 5
1778 1
4619 1
209 13
1464 1
1424 1
4074 1
1426 1
1469 1
1113 1
1155 1
1115 1
1197 1
1159 1
1118 1
1119 2
2771 1
5380 1
5300 1
2461 1
5343 1
1071 1
1030 1
1072 1
2192 1
1033 2
5075 1
2153 1
1035 1
2428 1
2113 1
5077 1
1038 1
3730 1
3424 1
3739 1
3197 1
941 1
900 2
983 2
901 1
942 2
943 1
985 1
670 2
944 1
903 1
986 1
671 1
630 6
946 1
987 1
631 3
672 5
988 1
632 1
947 2
673 2
906 1
948 1
907 1
989 2
674 2
633 1
908 1
360 6
4770 1
634 1
361 4
909 3
635 1
320 4
362 8
321 6
678 3
322 6
363 3
364 7
638 1
679 1
323 7
1893 1
639 2
365 7
324 4
366 8
325 3
326 5
367 10
368 7
327 6
4738 1
369 8
328 9
1898 1
1857 1
1583 1
329 11
1858 1
1584 1
1502 1
1545 1
1819 1
1273 1
1589 1
1233 1
1275 1
1549 1
1234 1
4118 1
2851 1
5190 1
5191 1
2501 1
2898 1
5427 1
2545 1
2586 1
2275 1
2277 1
5159 1
790 1
791 1
710 1
90 2
792 1
793 2
752 3
91 3
711 1
753 1
794 1
92 7
712 3
480 1
795 1
713 2
93 8
755 1
94 6
481 1
714 1
440 5
796 1
715 1
756 2
400 6
95 8
482 5
441 5
483 1
716 3
757 2
96 4
442 9
401 5
1971 1
443 4
402 8
799 2
97 8
484 9
718 1
759 3
170 12
444 7
98 9
403 5
4814 1
4855 1
171 5
1973 1
445 7
99 8
486 10
719 1
404 6
130 8
1974 1
446 2
487 2
131 9
172 3
405 6
132 6
4898 1
447 5
173 3
406 3
1976 1
489 3
448 8
174 10
407 7
133 7
449 7
134 14
175 6
1977 1
1936 2
408 6
176 1
409 9
135 6
1938 1
177 9
136 8
1665 1
137 7
178 8
179 6
138 10
139 4
1626 1
1393 1
1628 1
1354 1
1316 1
1398 1
1358 1
2970 1
5231 1
5232 1
5273 2
2666 1
2351 1
2668 1
2354 1
2081 1
2084 1
2044 2
2003 1
2007 1
2009 1
3938 1
3040 1
3083 1
870 1
3007 1
3089 1
872 1
3008 1
832 1
873 2
833 2
874 1
875 2
560 4
876 1
520 3
835 1
561 3
521 3
562 2
877 2
837 1
563 2
522 1
878 1
523 3
290 3
564 2
250 4
839 1
565 2
291 1
524 2
525 2
251 4
292 3
566 3
4661 1
210 9
1780 1
526 2
293 5
567 4
252 4
211 4
1740 1
568 4
527 2
253 4
294 3
212 4
1782 2
528 1
295 3
569 6
254 4
213 10
529 2
296 5
255 6
214 5
256 8
215 8
1784 1
297 8
1744 1
4352 1
298 6
257 4
216 5
217 7
299 8
258 6
4668 1
1431 1
1787 1
1705 1
259 4
218 11
1706 1
219 6
4000 1
1789 1
4083 1
1435 1
1120 2
1162 1
4359 1
1437 1
1478 1
1125 1
2700 1
5392 1
5311 1
5352 1
5080 1
2787 1
1080 1
2432 1
1081 1
5041 1
1000 2
5316 1
5001 1
1001 2
1042 1
5084 1
5399 1
2120 1
1044 1
5359 1
1003 1
1004 1
1045 1
5005 1
1005 2
5087 2
1047 1
1088 1
1009 2
3701 1
3123 1
992 1
951 1
913 1
680 1
954 1
996 2
681 3
640 2
915 1
682 1
997 2
957 1
916 1
642 1
601 3
999 1
684 2
643 2
370 7
918 2
644 1
603 4
919 1
371 7
604 2
330 11
605 3
372 5
331 3
687 1
646 2
647 2
606 1
332 5
688 3
373 10
607 1
689 3
333 7
648 2
374 7
1862 1
1821 1
649 2
375 4
334 4
335 2
609 4
376 6
377 3
336 11
1550 1
4747 1
1824 1
378 7
337 7
379 8
338 4
339 10
4475 1
1827 2
1280 2
1281 1
1515 1
1556 1
1241 2
1242 1
1246 1
1207 1
5160 1
5120 1
2553 1
5435 1
2828 1
2596 1
5439 1
5125 1
2518 1
5168 1
2209 1
3513 1
3200 1
3287 1
760 1
720 2
762 3
722 2
723 2
490 5
764 2
62 1
724 2
765 1
450 1
491 7
725 2
492 2
451 6
410 7
1980 1
726 1
493 4
767 1
452 5
411 4
66 1
1981 1
453 7
412 6
494 4
768 1
67 1
728 1
769 1
495 3
454 5
180 4
413 7
455 1
496 3
68 2
181 7
414 9
140 7
497 1
415 4
100 4
456 2
69 2
182 7
141 12
101 2
498 3
183 3
457 6
416 9
142 8
143 4
499 3
458 7
184 9
417 13
102 10
4512 1
4828 1
459 4
144 5
103 12
185 8
418 8
186 5
419 4
145 4
104 9
4597 1
4556 1
146 6
105 5
187 9
1949 1
1908 1
188 5
147 8
106 6
107 6
189 7
148 7
1321 1
149 11
108 11
1678 1
109 11
1638 1
1324 1
1367 2
1326 1
1368 1
1369 2
2671 1
2631 1
5281 1
2947 1
5200 1
5284 2
2909 1
5243 1
2362 1
5286 1
5246 1
5288 1
2091 1
2051 1
5207 1
5209 1
2094 1
2015 1
2018 1
3675 1
3909 1
3054 1
3096 1
880 2
881 3
882 1
841 2
801 1
883 2
843 1
803 1
570 3
571 4
804 1
530 3
845 1
805 1
887 1
572 2
846 1
531 3
806 1
532 3
533 1
574 3
808 1
260 6
575 1
534 4
535 4
261 6
220 4
809 2
1790 1
221 3
577 1
262 10
536 2
1750 1
222 5
537 3
263 6
1792 1
264 3
538 2
223 3
1710 1
579 2
265 4
539 5
224 8
266 9
225 4
1795 1
226 5
267 6
227 4
268 7
4679 1
269 4
1401 1
1798 1
229 5
1485 1
1718 2
1759 3
1171 1
1445 1
1131 1
1132 1
1447 1
1173 1
1408 1
1449 1
1135 1
1177 1
1137 1
1179 1
1139 2
2751 1
2752 1
5321 1
5322 2
5323 1
2400 1
2715 1
5324 1
5050 1
1051 1
5094 1
1094 3
2172 1
2488 1
1014 1
1015 1
1056 1
1059 1
2137 1
2178 1
3442 1
3447 1
3175 1
3176 1
920 1
921 1
962 1
963 1
922 1
964 2
923 1
690 1
691 3
650 3
924 1
925 1
692 4
651 4
610 3
926 1
611 7
967 2
694 2
653 2
612 3
968 1
613 2
380 6
655 1
929 1
381 4
614 2
340 5
382 2
697 2
300 5
656 4
615 1
341 6
616 1
301 6
342 4
657 1
383 6
699 1
343 6
384 7
617 1
302 7
1872 1
618 1
385 3
303 9
659 1
344 11
304 2
386 8
619 1
345 2
305 2
387 7
346 5
388 4
4442 1
347 5
306 3
1834 1
307 4
389 3
348 10
349 11
308 11
1837 1
309 3
1290 1
1566 1
1210 1
1251 2
1292 1
1211 1
1295 1
1213 2
1254 1
1258 1
1259 1
1218 1
5440 1
5442 1
5403 1
5173 1
5132 1
5174 1
2251 1
2252 1
5175 1
2569 1
5179 2
3831 1
3837 1
3839 1
3258 1
770 3
771 1
730 2
70 1
731 1
71 1
732 1
773 1
72 1
774 2
73 1
460 8
775 2
734 2
735 1
461 7
420 7
462 4
75 3
421 7
778 1
463 4
422 6
738 1
1910 1
779 2
423 6
77 1
464 4
190 10
78 1
465 4
191 9
424 4
150 12
79 2
466 2
192 4
425 5
151 11
110 4
1913 1
193 3
111 10
467 5
426 5
152 11
468 2
112 6
194 5
1914 1
427 4
153 5
195 9
469 5
428 5
154 7
4564 1
113 12
1642 1
1601 2
429 6
196 4
155 7
114 9
197 5
156 8
115 8
1918 1
1370 1
1959 1
198 4
157 10
116 5
117 7
199 6
158 9
1687 1
159 8
118 7
1647 1
119 6
1608 1
1609 1
4258 1
1338 1
1379 1
2953 1
2957 1
5567 1
5293 1
2604 1
2647 1
5529 1
2373 1
5297 1
2375 1
5217 1
2335 1
5258 1
2065 1
2028 1
3991 1
3648 1
3609 1
850 1
852 1
811 1
894 1
812 1
895 1
896 1
855 2
581 3
540 2
897 3
815 2
582 2
541 1
500 4
4911 1
898 2
857 1
501 4
583 4
584 1
817 1
502 2
543 3
544 1
818 1
270 6
585 5
4680 1
859 1
503 2
504 2
586 1
271 8
545 1
230 8
546 3
587 1
505 2
272 5
231 5
547 1
506 2
273 6
232 8
4917 1
548 3
1761 1
274 4
507 4
233 4
549 2
4370 1
508 2
275 6
234 3
276 7
235 6
236 2
277 3
237 1
278 4
238 2
279 3
1767 1
1452 2
239 5
1453 1
1769 1
1728 1
1496 1
1181 1
1455 1
1100 1
1101 1
1183 1
4025 1
1144 1
1459 1
1145 1
1419 1
1106 1
1188 2
1107 1
1149 1
1109 1
5371 1
5331 1
5375 1
2767 1
1060 1
2453 1
5062 1
2769 1
5022 1
1063 2
5338 1
1064 1
5064 1
1065 2
1024 1
1067 1
2418 1
1068 2
5069 1
2106 1
2109 1
3728 1
3100 1
970 1
3148 1
932 2
933 2
974 1
975 1
660 2
936 1
977 1
978 1
663 3
622 4
979 1
390 4
623 4
665 2
939 1
391 7
350 4
625 1
666 1
351 6
392 4
310 9
311 5
393 4
626 3
352 6
668 1
394 8
353 8
312 6
354 2
628 3
313 4
669 4
395 8
1883 1
396 5
629 2
355 8
314 9
1884 1
397 1
356 6
315 9
357 6
398 6
316 8
1886 1
317 7
399 3
358 9
1572 1
1805 1
359 4
318 11
1532 1
319 4
1221 1
1578 1
1224 1
1268 1
5721 1
2844 1
5452 1
2803 1
2885 1
2845 1
5140 1
5142 1
5144 1
2222 1
5187 1
