2621 75
2622 96
2623 81
2624 88
6500 2
2625 85
2626 81
2627 108
6503 1
2628 84
2629 87
6505 1
6509 1
3490 19
3491 14
3492 23
3493 12
3494 23
3495 10
3496 15
3497 17
3498 16
3499 17
1300 198
1301 185
7383 1
1302 204
1303 202
1304 220
7386 1
1305 176
1306 187
7388 1
1307 184
1308 208
1309 197
3950 14
2170 87
3951 18
2171 93
3952 23
2172 96
3953 15
2173 62
3954 15
2174 93
3955 13
2175 88
0 1
6051 2
3956 17
2176 95
1 2
3957 8
2177 71
2 2
3958 21
2178 73
3959 11
2179 79
6056 2
5 1
6057 2
6 2
7 3
7842 1
9 2
7845 1
2630 103
2631 92
2632 100
2633 71
2634 93
2635 110
2636 99
2637 96
2638 79
2639 89
7391 1
1310 178
7392 1
1311 177
1312 202
1313 169
1314 167
1315 167
1316 174
1317 173
7399 1
1318 189
1319 193
3960 14
2180 76
3961 15
2181 94
3962 19
2182 92
3963 29
2183 81
2184 78
3964 19
3965 8
2185 101
6061 1
3966 22
2186 76
3967 15
2187 78
3968 13
2188 72
6064 1
3969 11
2189 78
7850 1
7852 1
6069 1
7853 1
7857 1
7858 2
2640 85
2641 93
2642 83
2643 89
2644 82
6520 1
2645 74
6521 1
2646 96
2647 74
400 1405
2648 91
401 1246
6524 1
2649 75
402 1371
403 1307
404 1259
405 1244
6528 1
406 1313
407 1303
408 1297
409 1318
1320 171
1321 186
1322 164
1323 179
1324 190
5200 11
1325 178
5201 7
1326 166
5202 8
1327 178
5203 6
1328 177
5204 3
1329 169
5205 10
5206 3
5207 4
5208 9
5209 5
3970 16
2190 80
3971 18
2191 67
3972 12
2192 84
3973 15
2193 72
3974 15
2194 87
6070 2
3975 9
2195 81
6071 1
3976 15
2196 65
6072 1
3977 20
2197 82
3978 17
2198 70
6074 1
3979 12
2199 69
6076 4
6078 2
6079 2
7863 1
7865 1
2650 89
2651 83
2652 90
2653 89
2654 88
2655 81
2656 101
410 1286
2657 80
411 1345
2658 79
412 1324
2659 76
413 1362
414 1359
415 1225
416 1254
417 1309
418 1260
419 1297
1330 153
1331 171
1332 169
1333 171
1334 159
5210 9
1335 171
5211 9
1336 142
5212 6
1337 171
5213 7
1338 165
5214 5
1339 171
5215 7
5216 7
5217 4
5218 10
5219 9
3980 10
3981 15
3982 13
3983 17
3984 15
6080 3
3985 15
3986 15
6081 2
3987 11
6082 1
6083 1
3988 12
3989 16
6084 1
6087 1
6088 2
7875 1
2660 76
2661 71
2662 74
2663 68
2664 70
2665 89
6541 1
2666 84
2667 73
420 1265
421 1316
2668 79
422 1332
2669 76
423 1287
6546 1
424 1336
6547 1
425 1328
6548 1
426 1260
427 1243
428 1315
429 1324
1340 148
1341 172
1342 181
1343 172
1344 158
5220 6
1345 170
5221 3
1346 164
5222 11
1347 163
5223 9
1348 153
5224 8
1349 160
5225 6
5226 2
5227 5
5228 4
5229 6
3990 18
3991 16
3992 10
3993 13
3994 9
3995 11
3996 12
3997 10
3998 13
3999 12
6095 1
6096 1
6097 1
7880 1
7881 1
6098 1
1800 73
6099 1
1801 56
7883 1
1802 77
7884 1
1803 79
1804 75
1805 68
1806 70
1807 74
1808 62
1809 45
2670 68
2671 59
2672 69
2673 82
2674 74
2675 52
2676 79
6552 2
2677 64
430 1342
2678 57
431 1300
2679 70
432 1216
433 1222
434 1225
6557 1
435 1371
6558 2
436 1344
437 1237
438 1314
439 1261
1350 173
1351 164
1352 151
1353 136
1354 144
5230 1
1355 170
5231 9
1356 167
5232 7
1357 177
5233 5
1358 158
5234 6
1359 160
5235 7
5236 4
5237 5
5238 2
5239 1
1810 80
1811 88
1812 56
1813 68
1814 61
7896 1
1815 60
1816 72
1817 77
1818 72
1819 61
2680 68
2681 54
2682 57
2683 60
2684 56
2685 60
6561 2
2686 68
6562 1
2687 68
440 1311
2688 72
441 1343
2689 69
442 1277
443 1360
444 1260
6567 1
445 1239
446 1282
6569 1
447 1241
448 1319
449 1360
1360 148
1361 148
1362 170
1363 161
1364 143
5240 8
1365 165
5241 4
1366 161
5242 4
1367 176
900 605
5243 2
1368 147
901 625
5244 7
1369 132
902 618
5245 3
903 620
5246 7
904 644
5247 3
905 584
5248 11
906 546
5249 8
907 613
908 598
909 606
1820 65
1821 72
1822 72
1823 62
1824 74
5700 3
1825 78
5701 5
1826 66
5702 2
1827 67
5703 1
1828 77
1829 59
5705 3
5706 1
5707 3
5708 3
5709 2
2690 62
2691 57
2692 50
2693 67
2694 57
2695 56
2696 53
6572 1
450 1237
2697 68
451 1256
2698 45
2699 60
452 1343
453 1336
6576 2
454 1246
6577 1
455 1328
6578 1
456 1269
457 1196
458 1291
459 1280
1370 153
1371 161
1372 149
1373 126
1374 144
5250 6
1375 143
5251 8
1376 145
5252 1
1377 153
910 628
5253 1
1378 139
911 576
5254 2
1379 133
912 623
5255 10
913 579
5256 4
914 603
5257 5
915 583
5258 4
916 589
5259 4
917 580
918 580
919 549
1830 61
1831 64
1832 71
1833 73
1834 70
5710 5
1835 66
5711 1
1836 58
1837 71
5713 4
1838 60
5714 1
1839 63
5715 4
5716 1
5717 3
5718 1
5719 3
6582 1
460 1225
461 1285
462 1279
463 1259
464 1313
465 1279
466 1280
467 1270
468 1304
469 1255
1380 133
1381 172
1382 144
1383 151
1384 151
5260 7
1385 140
5261 7
1386 133
5262 5
920 587
1387 138
5263 5
921 548
1388 142
5264 5
922 572
1389 161
5265 8
923 611
5266 6
924 533
5267 6
925 508
5268 6
926 572
5269 6
927 557
928 529
929 523
1840 77
1841 81
1842 58
1843 78
1844 67
5720 2
1845 58
5721 3
1846 66
5722 2
1847 59
5723 4
1848 71
5724 2
1849 58
5725 6
5726 2
5727 4
5728 4
5729 2
470 1287
471 1294
6594 1
472 1296
473 1323
6596 1
474 1262
475 1298
476 1257
477 1294
478 1256
479 1334
4400 15
4401 12
4402 14
4403 18
4404 12
4405 10
4406 11
4407 11
4408 17
4409 16
1390 112
1391 138
1392 139
1393 144
1394 159
5270 6
1395 135
5271 6
1396 112
5272 8
930 541
1397 127
5273 5
931 519
1398 133
5274 3
932 526
1399 139
5275 5
933 529
5276 4
934 514
5277 4
935 540
5278 3
936 584
5279 4
937 531
938 509
939 496
1850 68
1851 51
1852 62
1853 59
1854 59
5730 3
1855 61
5731 2
1856 50
1857 61
1858 63
5734 1
1859 65
5735 3
5736 3
5738 2
5739 2
480 1329
481 1278
482 1309
483 1260
484 1313
485 1292
486 1354
487 1320
488 1346
489 1281
4410 18
4411 11
4412 5
4413 11
4414 7
4415 4
4416 12
4417 10
4418 11
4419 13
8302 1
5280 4
5281 5
5282 9
940 523
5283 6
941 502
5284 6
942 541
5285 2
8308 2
943 526
5286 7
944 482
5287 4
945 513
5288 7
946 502
5289 5
947 500
948 498
949 496
1860 53
1861 47
1862 68
1863 51
1864 54
5740 1
1865 60
5741 4
1866 66
5742 6
1867 61
5743 1
1868 48
5744 3
1869 71
5745 3
5747 2
5748 4
5749 4
490 1320
491 1277
492 1297
493 1344
494 1240
495 1341
496 1237
497 1295
498 1318
499 1339
4420 17
4421 16
4422 15
4423 9
4424 11
4425 17
4426 8
4427 8
4428 12
4429 8
8311 1
8313 2
5290 6
5291 5
5292 2
950 497
951 500
8317 3
5294 3
952 477
8318 2
5295 3
953 488
5296 7
954 515
5297 2
955 473
5298 3
956 452
5299 5
957 505
958 427
959 437
3100 17
3101 20
3102 19
3103 18
3104 16
3105 16
3106 23
3107 17
3108 21
3109 22
1870 56
1871 40
1872 51
1873 59
1874 60
5750 1
1875 59
1876 54
5752 1
1877 74
5753 3
1878 51
5754 2
1879 43
5755 1
5756 5
5757 5
5758 1
5759 2
4430 13
4431 10
4432 10
4433 10
4434 14
4435 8
4436 13
4437 9
4438 8
4439 10
8320 1
8321 1
960 463
8326 2
961 458
962 429
963 496
964 465
965 487
966 466
967 456
968 436
969 474
9191 1
3110 20
3111 36
3112 34
3113 25
3114 23
3115 32
3116 30
3117 38
3118 35
3119 34
1880 61
1881 57
1882 50
1883 56
1884 57
5760 1
1885 48
7004 1
5761 2
1886 44
5762 1
1887 60
5763 4
1888 64
5764 2
1889 49
5765 1
5766 2
5767 1
5768 4
5769 4
4440 9
4441 10
4442 12
4443 12
4444 13
4445 14
4446 12
4447 5
4448 5
4449 15
8335 1
970 454
971 404
972 439
973 428
8339 1
974 444
975 428
976 442
977 431
978 440
979 439
4900 4
3120 44
4901 3
3121 47
4902 7
3122 54
4903 2
3123 54
4904 7
3124 43
4905 7
3125 58
4906 9
3126 74
4907 8
3127 56
4908 7
3128 58
4909 6
3129 60
1890 53
1891 52
1892 60
1893 44
1894 46
5770 1
1895 52
5771 3
1896 63
5772 2
1897 53
5773 3
1898 47
1899 59
5775 1
5776 1
5777 2
5778 1
5779 6
4450 15
4451 3
4452 16
4453 10
4454 8
4455 8
4456 10
4457 13
4458 7
4459 14
8340 1
8341 1
8343 1
8344 1
980 433
981 434
982 430
8347 1
983 442
984 368
985 420
986 420
987 436
988 459
989 412
4910 3
3130 50
4911 5
3131 73
4912 4
3132 77
4913 7
3133 70
4914 1
3134 67
4915 7
3135 69
4916 7
3136 74
4917 8
3137 61
4918 3
3138 71
4919 7
3139 56
5780 3
5781 2
5782 5
7025 1
5783 4
5784 2
7028 1
5785 3
5786 3
8809 1
5787 2
5788 2
5789 2
4460 9
4461 3
4462 10
4463 9
4464 10
4465 7
4466 7
4467 10
4468 8
4469 13
8350 1
8351 1
8353 1
990 417
991 433
992 400
8358 2
993 434
994 414
995 396
996 396
997 395
998 419
999 381
4920 7
3140 89
4921 5
3141 72
4922 3
3142 76
4923 9
3143 67
4924 1
3144 65
4925 2
3145 78
4926 4
3146 61
4927 9
3147 82
4928 6
3148 72
4929 8
3149 58
7032 1
5790 3
5792 4
5793 2
7037 1
5794 6
5795 3
5796 2
5797 2
5798 4
5799 6
3600 12
3601 16
3602 14
3603 11
3604 13
3605 13
3606 5
3607 18
3608 14
3609 23
4470 8
4471 7
4472 7
4473 10
4474 8
4475 9
4476 12
4477 10
4478 13
4479 6
8363 1
8365 1
4930 9
3150 60
4931 2
3151 60
3152 56
4933 9
3153 51
4934 10
3154 69
4935 3
3155 71
4936 3
3156 65
4937 5
3157 61
3158 60
4938 8
4939 4
3159 47
7040 1
7042 1
8824 1
7045 2
3610 15
3611 12
3612 18
3613 17
3614 12
3615 15
3616 21
3617 19
3618 17
3619 14
4480 9
4481 11
4482 13
4483 11
4484 9
4485 9
4486 12
4487 11
4488 9
4489 11
8372 1
8376 2
8377 1
8378 2
4940 3
3160 63
4941 6
3161 68
4942 6
3162 61
4943 5
3163 75
4944 7
3164 67
4945 2
3165 58
4946 5
3166 67
4947 5
3167 55
4948 7
3168 62
4949 6
3169 61
7053 1
7055 1
7057 1
3620 22
3621 17
3622 17
3623 15
3624 24
3625 30
3626 21
3627 36
3628 29
3629 22
7510 1
4490 14
4491 6
4492 13
4493 6
4494 8
4495 9
4496 12
4497 10
4498 6
4499 12
8380 2
8381 1
2300 53
2301 43
2302 44
2303 28
2304 53
2305 51
8387 1
2306 47
2307 52
2308 53
2309 40
4950 6
3170 54
4951 6
3171 55
4952 2
3172 69
4953 6
3173 69
4954 7
3174 62
4955 6
3175 50
4956 4
3176 63
4957 4
3177 49
4958 4
3178 57
4959 4
3179 62
7061 1
7063 1
7064 1
7066 1
7067 1
7068 1
3630 28
3631 19
3632 36
3633 25
3634 41
3635 32
3636 29
3637 37
3638 51
3639 48
7521 1
2310 47
8392 1
2311 46
2312 48
2313 65
8395 1
2314 46
2315 30
2316 41
2317 47
8399 1
2318 44
2319 50
4960 9
3180 58
4961 4
3181 57
4962 6
3182 58
4963 2
3183 49
4964 5
3184 50
3185 56
4965 7
4966 8
3186 53
4967 5
3187 49
4968 4
3188 59
4969 3
3189 57
7070 2
7071 1
3640 34
3641 44
3642 43
3643 48
3644 41
3645 44
3646 68
3647 59
3648 50
3649 49
7538 1
7539 1
2320 41
2321 54
2322 43
2323 44
2324 33
2325 44
2326 36
2327 51
2328 32
6204 1
2329 46
6205 1
6206 1
6207 2
6209 2
4970 5
3190 49
4971 6
3191 57
4972 7
3192 62
4973 6
3193 62
4974 6
3194 60
4975 8
3195 60
4976 6
3196 49
4977 6
3197 44
4978 7
3198 53
4979 9
3199 63
7081 1
7082 1
7083 1
7086 2
7087 1
7088 1
3650 54
3651 63
3652 54
3653 51
3654 54
3655 52
3656 36
3657 38
3658 56
3659 44
7544 1
7545 1
2330 41
2331 43
2332 43
2333 38
2334 51
6210 2
2335 51
2336 41
2337 39
6213 3
2338 35
6214 2
2339 38
6217 1
6219 1
4980 6
4981 7
4982 5
4983 5
4984 3
4985 7
4986 8
1000 387
4987 3
1001 425
4988 4
1002 405
4989 5
1003 402
1004 395
1005 368
1006 399
7091 1
1007 408
1008 414
1009 388
8876 1
3660 62
3661 59
3662 50
3663 58
3664 44
3665 45
3666 56
3667 51
3668 41
3669 49
7551 1
7555 1
2340 38
2341 40
2342 38
2343 26
2344 38
2345 35
6221 1
2346 49
100 5827
2347 33
101 5860
2348 39
102 5826
2349 45
103 5703
104 5628
6227 2
105 5556
106 5426
107 5424
4990 6
108 5187
4991 2
109 5250
4992 3
4993 4
4994 5
4995 5
4996 7
1010 369
4997 5
1011 378
4998 2
1012 351
4999 5
1013 406
1014 367
1015 365
1016 369
2800 42
1017 369
2801 45
1018 379
2802 31
1019 353
2803 42
2804 36
2805 37
2806 27
2807 22
2808 44
2809 37
3670 38
3671 44
3672 51
3673 61
3674 30
3675 36
3676 41
3677 48
3678 48
3679 53
7560 1
7563 1
7564 1
2350 40
2351 47
2352 43
2353 43
2354 35
2355 35
6231 2
2356 49
110 5283
2357 39
6233 1
111 5220
2358 37
6234 1
112 5080
2359 32
113 5074
6236 1
114 4912
6237 1
115 4980
116 4865
117 4885
118 4758
119 4726
1020 340
1021 381
1022 380
1023 368
1024 427
1025 420
1026 373
1027 377
2810 27
1028 383
2811 29
1029 349
2812 33
2813 37
2814 25
2815 37
2816 31
2817 39
2818 39
2819 39
3680 45
3681 36
3682 47
3683 53
3684 32
3685 42
3686 38
3687 50
3688 32
3689 33
7574 1
7578 1
2360 40
2361 37
2362 48
2363 34
2364 36
6240 2
2365 51
2366 34
2367 38
120 4680
6243 1
2368 34
121 4618
6244 1
2369 38
122 4446
6245 1
123 4417
124 4371
125 4339
126 4291
6249 2
127 4231
128 4147
129 4177
1030 375
1031 363
1032 361
1033 351
1034 343
1035 371
1036 344
2820 37
1037 323
2821 37
1038 325
2822 28
1039 377
2823 29
2824 32
2825 40
2826 32
6702 1
2827 27
2828 32
2829 36
6706 2
3690 40
3691 46
3692 51
3693 40
3694 37
3695 43
3696 50
3697 38
3698 38
3699 46
1500 102
1501 92
1502 88
1503 95
1504 93
1505 89
7587 1
1506 73
1507 82
1508 103
1509 85
2370 41
2371 39
2372 34
2373 38
2374 36
6250 1
2375 33
6251 1
2376 27
6252 1
2377 24
130 4198
6253 1
2378 33
131 4132
2379 25
132 3988
133 4031
6256 1
134 3980
6257 1
135 3842
136 3821
137 3729
138 3705
139 3750
-163 1
1040 346
1041 360
1042 364
1043 321
1044 321
1045 343
1046 369
2830 35
1047 332
1048 373
2831 35
2832 34
1049 337
2833 43
2834 44
6710 1
2835 39
2836 34
2837 36
2838 33
2839 32
6716 1
6717 1
1510 100
7592 1
1511 100
1512 87
1513 87
1514 96
1515 101
1516 84
1517 98
1518 88
1519 84
2380 35
2381 36
2382 34
2383 41
2384 30
2385 31
2386 43
6262 1
2387 20
140 3672
2388 32
141 3551
142 3606
2389 32
6265 1
143 3405
144 3483
145 3513
6268 1
146 3405
147 3455
148 3229
149 3381
1050 314
1051 323
1052 359
1053 378
1054 322
1055 314
1056 332
2840 28
1057 332
2841 42
1058 334
2842 31
1059 375
2843 34
2844 38
2845 43
2846 29
2847 27
600 2011
6722 1
2848 39
601 1989
2849 41
602 1945
603 1931
604 1944
605 1973
606 1867
607 1865
608 1889
609 1919
1520 83
1521 79
1522 84
1523 93
1524 74
5400 2
1525 84
5401 4
1526 85
5402 6
1527 88
5403 3
1528 85
5404 2
1529 91
5405 8
5406 2
5407 3
5408 3
5409 3
2390 37
2391 38
2392 28
2393 46
2394 41
6270 3
2395 39
6271 2
2396 50
6272 1
150 3196
2397 31
2398 31
151 3167
6274 2
152 3250
2399 37
153 3203
154 3218
155 3086
6278 1
156 3110
6279 1
157 3073
158 2926
159 2962
1060 335
1061 321
1062 376
1063 335
1064 380
1065 336
1066 325
1067 337
2850 22
2851 38
1068 400
1069 405
2852 23
2853 33
2854 47
2855 41
6731 1
2856 29
610 1873
2857 35
611 1910
2858 38
612 1910
2859 35
613 1828
614 1747
6737 1
615 1930
616 1811
617 1765
618 1811
619 1816
1530 79
1531 95
1532 89
1533 85
1534 84
5410 3
1535 84
5411 5
1536 73
5412 1
1537 83
5413 5
1538 90
5414 4
1539 84
5415 2
5416 1
5417 4
5418 3
5419 3
6281 1
6282 2
160 2906
161 2946
6284 1
162 2903
163 2962
164 2865
6287 1
165 2851
166 2804
167 2702
168 2773
169 2718
1070 396
1071 397
1072 396
1073 428
1074 394
1075 475
1076 472
2860 41
1077 472
2861 22
1078 519
2862 32
1079 477
2863 34
2864 33
6740 1
2865 24
6741 1
2866 40
620 1728
2867 33
6743 2
621 1812
2868 31
622 1783
2869 23
623 1797
624 1742
625 1749
626 1745
6749 2
627 1769
628 1734
629 1696
1540 82
1541 83
1542 75
1543 85
1544 87
5420 3
1545 67
5421 1
1546 87
5422 2
1547 72
5423 5
1548 79
5424 3
1549 78
5425 6
5426 2
5427 1
5428 4
5429 1
6290 1
6291 1
6292 2
170 2728
6293 2
171 2752
172 2717
6295 1
173 2574
174 2519
175 2629
176 2626
177 2499
178 2562
179 2529
4100 12
4101 9
4102 11
4103 10
1080 513
4104 11
1081 542
4105 9
1082 524
4106 11
1083 521
4107 10
1084 477
4108 12
1085 561
4109 12
1086 539
2870 31
1087 516
2871 35
1088 484
2872 28
1089 517
2873 34
2874 21
2875 20
2876 33
2877 35
630 1751
2878 27
631 1733
2879 27
632 1764
633 1655
634 1706
6757 1
635 1697
636 1612
637 1679
638 1758
639 1690
1550 86
1551 74
1552 105
1553 73
1554 91
5430 2
1555 73
5431 3
1556 94
5432 3
1557 87
5433 5
1558 72
5434 2
1559 78
5435 2
5436 4
5437 4
5438 3
5439 3
180 2546
181 2524
182 2436
183 2417
184 2446
185 2471
186 2400
187 2398
188 2344
189 2351
4110 12
4111 7
4112 15
4113 11
1090 544
4114 14
1091 477
4115 12
1092 539
4116 7
1093 500
4117 7
1094 521
4118 14
1095 529
4119 14
1096 486
2880 19
1097 520
2881 32
1098 503
2882 27
1099 491
2883 32
2884 23
2885 30
6761 1
2886 18
2887 36
640 1673
2888 25
641 1620
6764 1
2889 22
642 1631
8008 1
643 1652
644 1626
645 1652
646 1710
647 1659
648 1597
649 1691
1560 78
1561 78
1562 67
1563 87
1564 91
5440 2
1565 78
5441 4
1566 70
5442 2
1567 72
5443 4
1568 75
5444 2
1569 84
5445 2
5446 3
5447 3
5448 4
5449 4
190 2444
191 2260
192 2303
9338 1
193 2299
194 2376
195 2309
196 2356
197 2282
198 2271
199 2244
4120 9
5900 2
5901 2
4121 12
5902 1
4122 12
5903 1
4123 6
5904 2
4124 8
5905 2
4125 8
5906 1
4126 11
5907 1
4127 12
5908 1
4128 9
4129 6
5909 3
2890 35
2891 19
2892 24
8011 1
2893 27
2894 34
2895 33
6771 1
2896 21
2897 16
650 1598
8016 1
2898 28
651 1576
8017 1
2899 26
652 1584
6775 1
653 1573
6776 1
654 1627
655 1504
656 1587
657 1547
658 1532
659 1544
1570 81
1571 83
1572 81
1573 73
1574 66
5450 2
1575 79
5451 4
1576 83
5452 6
1577 96
5453 1
1578 96
5454 3
1579 99
5455 4
5456 1
5458 5
5910 2
4130 9
5911 1
4131 7
5912 3
4132 12
5913 3
4133 15
5914 1
4134 9
4135 15
5916 1
4136 12
4137 17
5918 2
4138 22
5919 1
4139 12
660 1528
661 1541
8027 1
662 1465
663 1514
664 1485
665 1507
666 1523
667 1533
668 1495
669 1488
1580 102
1581 123
1582 107
1583 120
1584 159
5460 4
1585 144
5461 5
1586 126
5462 4
1587 164
1588 164
5464 2
1589 164
5465 3
5466 4
5467 2
5468 2
5469 1
4140 25
5921 1
4141 17
5922 1
4142 25
5923 3
4143 23
5924 2
4144 17
4145 21
4146 19
5926 3
4147 32
5928 1
4148 32
5929 2
4149 33
8033 1
8035 1
670 1464
671 1502
672 1503
6795 1
673 1444
674 1516
675 1413
676 1381
677 1448
678 1377
679 1440
4600 5
4601 9
4602 12
4603 9
4604 5
4605 6
4606 7
4607 6
4608 8
4609 9
1590 172
1591 165
1592 221
1593 183
1594 184
5470 3
1595 203
5471 2
1596 205
5472 3
1597 244
5473 6
1598 194
5474 1
1599 195
5475 5
5476 3
5477 3
5479 2
5930 1
4150 33
4151 30
5932 2
4152 27
4153 32
5934 2
4154 31
5935 2
4155 26
5936 1
4156 31
5937 1
4157 33
5938 1
4158 40
4159 37
680 1428
681 1391
682 1413
683 1454
684 1426
685 1435
686 1420
687 1459
688 1383
689 1478
4610 5
4611 12
4612 3
4613 8
4614 4
4615 3
4616 4
4617 8
4618 8
4619 11
8500 4
8501 6
8502 7
8503 2
5480 3
8504 4
5481 3
8505 8
5482 5
5483 3
8506 10
5484 4
8507 9
8508 6
5485 2
8509 5
5486 6
5487 3
5488 2
5489 3
4160 38
5941 2
4161 27
5942 1
4162 22
5943 2
4163 29
4164 31
5945 2
4165 35
5946 1
4166 32
5947 1
4167 39
4168 30
5949 2
4169 35
8054 1
690 1387
8056 1
691 1392
8057 1
692 1376
693 1403
694 1282
695 1354
696 1420
697 1353
698 1372
699 1330
4620 6
4621 10
4622 5
4623 5
4624 7
4625 12
4626 9
4627 7
4628 9
4629 8
8510 5
8511 8
8512 5
8513 6
5490 3
8514 12
5491 3
8515 4
8516 6
5493 2
8517 2
5494 2
8518 5
5495 2
8519 3
5496 1
5497 4
5498 2
5499 4
3300 30
3301 34
3302 34
3303 31
9385 1
3304 33
3305 29
3306 27
3307 37
3308 32
3309 27
5950 1
4170 39
5951 2
4171 31
4172 19
5953 1
4173 27
5954 1
4174 30
5955 3
4175 23
4176 23
5957 1
4177 32
4178 26
5959 2
4179 25
4630 8
4631 3
4632 9
4633 8
4634 5
4635 7
4636 5
4637 3
4638 8
4639 8
8520 7
8521 5
8522 7
8523 4
8524 2
8525 7
8526 3
8527 6
8528 6
8529 3
3310 28
3311 28
3312 29
3313 38
3314 40
3315 26
3316 31
3317 33
3318 27
3319 31
7202 1
5960 2
4180 24
7204 1
4181 38
4182 31
4183 25
4184 23
5965 1
4185 24
5966 1
4186 23
4187 29
5968 1
4188 29
4189 21
8070 1
8071 1
8075 1
8078 1
4640 6
4641 7
4642 8
4643 7
4644 7
4645 13
4646 9
4647 7
4648 13
4649 9
8530 4
8531 8
8532 9
8533 4
8534 8
8535 6
8536 10
8537 1
8538 9
8539 2
3320 26
3321 32
3322 27
3323 22
3324 29
3325 24
3326 29
3327 27
3328 24
3329 23
7212 1
5970 1
4190 29
4191 31
7215 1
4192 26
4193 35
5974 1
7217 1
4194 27
5975 2
4195 33
5976 1
4196 27
4197 22
4198 33
5978 1
5979 2
4199 35
2000 45
2001 43
8083 1
2002 35
8084 1
2003 47
2004 47
8086 1
2005 44
2006 40
2007 37
8089 1
2008 36
2009 41
4650 9
4651 5
4652 7
4653 14
4654 12
4655 7
4656 14
4657 17
4658 9
4659 15
8540 2
8541 6
8542 4
8543 7
8544 6
8545 3
8546 4
8547 1
8548 5
8549 6
3330 38
3331 38
3332 24
3333 29
3334 26
3335 27
3336 29
3337 23
3338 24
3339 24
7225 1
7228 1
5989 2
8090 1
8091 1
2010 49
8092 1
2011 36
8093 1
2012 38
2013 41
8095 1
2014 37
2015 38
2016 38
2017 43
2018 41
2019 53
4660 15
4661 7
4662 12
4663 15
4664 12
4665 23
4666 15
4667 20
4668 15
4669 16
8551 5
8552 2
8553 3
8554 1
8555 2
8557 1
8558 4
8559 2
3340 26
3341 24
3342 29
3343 27
3344 31
3345 24
3346 40
3347 26
3348 27
3349 32
7232 1
5993 1
5994 1
7238 1
5995 1
5997 1
5998 1
2020 35
3800 34
3801 22
2021 36
3802 33
2022 40
2023 53
3803 28
3804 28
2024 57
3805 21
2025 37
2026 41
3806 27
3807 28
2027 44
3808 26
2028 48
2029 33
3809 21
4670 18
4671 10
4672 13
4673 5
4674 14
4675 16
4676 13
4677 13
4678 13
4679 14
8560 1
8562 1
8563 1
8564 1
8565 1
8567 1
3350 23
3351 27
3352 21
3353 18
3354 25
3355 25
3356 29
3357 29
3358 26
3359 23
7248 1
7249 1
3810 21
2030 53
3811 30
2031 46
3812 25
2032 49
3813 25
2033 38
3814 20
2034 28
3815 28
2035 47
3816 33
2036 31
3817 13
2037 37
3818 18
2038 33
3819 18
2039 52
7702 1
4680 11
4681 17
7705 1
4682 12
4683 11
4684 10
4685 16
4686 14
7709 2
4687 19
4688 12
4689 10
3360 25
3361 26
3362 35
3363 30
3364 21
3365 28
3366 27
3367 32
3368 27
3369 28
3820 27
2040 39
3821 22
2041 36
3822 20
2042 42
3823 31
2043 48
3824 25
2044 37
3825 12
2045 42
3826 28
2046 36
3827 14
2047 48
3828 25
2048 48
3829 20
2049 49
7710 1
4690 12
4691 10
4692 9
7716 1
4693 12
4694 14
4695 10
4696 14
4697 10
4698 23
4699 12
2500 27
2501 23
8583 1
2502 22
2503 25
2504 31
2505 16
2506 22
2507 16
2508 18
2509 32
3370 21
3371 34
3372 32
3373 26
3374 18
3375 23
3376 26
3377 25
3378 20
3379 28
7263 1
7267 1
3830 32
2050 51
3831 22
2051 48
3832 25
2052 34
3833 17
2053 44
3834 36
2054 33
3835 16
2055 37
3836 26
2056 40
3837 18
2057 53
3838 16
2058 33
3839 26
2059 26
7720 1
7722 2
2510 28
2511 29
2512 23
2513 24
2514 36
2515 22
2516 25
2517 28
2518 28
2519 30
3380 33
3381 22
3382 23
3383 25
3384 12
3385 27
3386 26
3387 24
3388 16
3389 22
3840 29
2060 52
3841 28
2061 48
3842 25
2062 34
3843 19
2063 40
3844 21
2064 42
3845 24
2065 48
3846 21
2066 40
3847 17
2067 39
2068 39
3848 18
3849 31
2069 35
7733 1
7735 1
7736 2
7737 1
2520 23
2521 27
2522 35
2523 31
2524 20
2525 20
2526 31
2527 23
2528 22
6404 1
2529 22
6405 1
6406 1
6407 2
6408 2
3390 21
3391 21
3392 25
3393 22
3394 22
3395 25
3396 18
3397 29
3398 28
3399 14
1200 291
1201 291
1202 266
7284 2
-1 1
1203 286
-2 1
1204 291
1205 279
-4 1
7287 1
1206 277
-5 2
1207 277
-6 2
1208 285
1209 272
-8 2
3850 20
2070 40
3851 12
2071 33
3852 20
2072 34
3853 31
2073 36
3854 19
2074 45
3855 24
2075 39
3856 17
2076 36
3857 29
2077 37
3858 13
2078 40
3859 20
2079 37
7741 1
7746 1
2530 23
2531 23
2532 15
2533 27
2534 29
6410 1
2535 28
2536 36
2537 20
6413 1
2538 28
2539 22
6418 1
6419 1
1210 284
1211 316
1212 253
1213 269
1214 256
1215 239
7297 1
1216 260
1217 276
1218 263
1219 277
3860 21
2080 29
3861 19
2081 42
3862 18
2082 54
3863 24
2083 39
3864 14
2084 54
3865 23
2085 44
3866 24
2086 47
3867 20
2087 47
3868 27
2088 49
3869 18
2089 47
7751 1
7752 2
7753 1
7756 1
7757 1
7758 1
7759 1
2540 27
2541 24
2542 27
2543 21
2544 19
2545 29
2546 18
300 1601
2547 28
301 1567
2548 24
302 1605
2549 30
303 1592
304 1623
305 1545
306 1518
6429 1
307 1607
308 1539
309 1510
1220 257
1221 272
1222 267
1223 263
1224 265
5100 4
1225 226
5101 5
1226 252
5102 4
1227 273
5103 5
1228 256
5104 4
1229 255
5105 5
5106 6
5107 4
5108 2
5109 8
3870 22
2090 65
3871 22
2091 64
3872 16
2092 71
3873 22
2093 62
3874 25
2094 56
3875 18
2095 83
3876 16
2096 84
3877 13
2097 88
3878 15
2098 84
3879 19
2099 96
7762 1
7765 1
7767 2
7768 1
7769 1
2550 21
2551 25
2552 18
2553 24
2554 25
6430 2
2555 31
2556 27
310 1540
2557 23
311 1535
2558 28
6434 1
2559 26
312 1622
313 1614
314 1566
315 1497
6438 1
316 1562
317 1577
318 1520
319 1557
1230 264
1231 230
1232 249
1233 223
1234 259
5110 9
1235 241
5111 6
1236 222
5112 4
1237 225
5113 5
1238 244
5114 2
1239 239
5115 4
5116 5
5117 2
5118 4
5119 5
3880 15
3881 17
3882 17
3883 18
3884 20
3885 23
3886 18
3887 17
3888 18
9007 1
3889 24
7778 1
2560 33
2561 29
2562 34
2563 27
2564 36
2565 26
6441 1
2566 27
2567 16
320 1549
2568 27
321 1487
2569 18
322 1432
323 1553
6446 2
324 1425
6447 1
325 1545
6448 1
326 1531
6449 1
327 1522
328 1511
329 1511
1240 241
1241 250
10 2
1242 255
11 2
1243 246
1244 230
13 7
5120 6
1245 215
6901 1
14 2
5121 7
1246 213
6902 1
5122 3
15 1
1247 235
16 2
5123 8
6903 1
1248 233
17 2
5124 5
1249 256
5125 2
18 3
19 2
6906 1
5126 9
5127 6
6907 1
5128 8
6909 1
5129 5
3890 23
3891 19
3892 20
9011 1
3893 23
9012 1
3894 19
3895 10
3896 19
3897 24
3898 19
3899 9
7781 1
1700 100
1701 113
7783 1
1702 95
1703 91
7785 1
1704 101
7786 1
1705 100
1706 102
7788 1
1707 81
7789 1
1708 106
1709 95
2570 19
2571 18
2572 16
2573 26
2574 20
6450 1
2575 18
2576 25
2577 21
330 1574
2578 21
331 1524
6454 1
2579 25
332 1524
333 1545
334 1464
6457 1
335 1496
336 1493
337 1464
338 1471
339 1560
1250 237
1251 220
1252 251
21 3
1253 221
22 7
1254 243
23 3
5130 4
1255 222
24 4
5131 3
1256 235
25 5
5132 4
1257 220
5133 6
26 4
1258 192
5134 1
27 9
1259 237
28 10
6915 2
5135 6
5136 5
29 8
5137 6
5138 7
5139 4
9028 1
1710 103
1711 103
1712 97
7794 1
1713 100
1714 104
7796 1
1715 89
1716 85
7798 1
1717 105
1718 103
1719 109
2580 26
2581 26
2582 36
2583 18
2584 23
2585 20
2586 24
340 1498
2587 28
341 1424
2588 18
342 1478
2589 33
343 1463
344 1391
6467 1
345 1377
6468 1
346 1455
347 1404
348 1484
349 1398
1260 226
1261 214
30 8
1262 215
31 7
1263 218
32 13
1264 210
33 16
5140 3
1265 216
5141 6
34 19
1266 205
5142 3
35 28
1267 233
800 962
6923 2
5143 1
1268 238
36 40
801 961
5144 6
1269 237
37 87
802 946
6925 1
5145 4
38 130
803 963
5146 1
39 216
804 969
5147 6
805 903
5148 4
806 904
5149 4
807 893
808 945
809 877
9039 1
1720 91
1721 110
1722 110
1723 86
1724 100
5600 2
1725 91
5601 2
1726 92
5602 4
1727 105
5603 2
1728 79
5604 4
1729 79
5605 1
5606 2
5607 4
5608 2
5609 2
2590 22
2591 23
2592 22
2593 22
2594 29
2595 23
6471 1
2596 30
350 1467
2597 28
351 1442
2598 33
6474 1
352 1475
2599 32
353 1381
354 1457
355 1505
356 1421
357 1379
358 1373
359 1443
1270 200
1271 201
1272 201
40 362
1273 223
41 546
1274 220
42 754
5150 6
6930 1
1275 209
43 1130
5151 4
1276 199
44 1532
6932 1
5152 2
810 916
1277 237
45 1991
6933 1
5153 6
811 865
1278 196
46 2430
5154 1
812 890
1279 240
47 2834
5155 5
813 890
48 3477
5156 4
814 900
49 3900
5157 4
815 875
6938 1
5158 2
816 881
5159 8
817 869
818 888
819 896
9047 1
1730 83
1731 98
1732 107
1733 79
1734 84
5610 3
1735 95
5611 5
1736 78
5612 2
1737 84
5613 3
1738 99
5614 1
1739 96
5615 2
5616 2
5617 3
5619 1
360 1454
361 1370
362 1435
363 1407
364 1434
365 1373
366 1404
367 1347
368 1316
369 1374
1280 203
1281 204
1282 204
50 4523
1283 172
51 4977
1284 202
52 5371
5160 5
1285 191
53 5772
5161 6
1286 186
54 6466
5162 4
1287 215
55 6987
820 893
5163 3
1288 181
56 7390
821 916
5164 4
1289 214
57 7815
822 882
5165 2
58 8087
823 825
5166 6
59 8577
824 809
5167 5
825 837
5168 3
826 876
5169 12
827 832
828 805
829 832
9052 1
1740 79
1741 80
1742 76
1743 78
1744 72
5620 1
1745 84
5621 2
1746 94
5622 3
1747 92
1748 82
5623 3
5624 2
1749 91
5625 3
5626 2
5627 4
5629 5
6490 2
6492 1
370 1400
6493 1
371 1371
372 1428
6495 1
373 1388
6496 2
374 1328
375 1379
376 1392
377 1443
378 1397
379 1375
4300 15
4301 18
4302 16
4303 26
4304 7
4305 12
4306 19
4307 13
4308 21
4309 25
1290 179
1291 204
1292 208
60 8644
1293 199
61 8596
1294 191
62 8738
5170 10
1295 185
63 8774
5171 5
1296 201
64 8795
5172 3
1297 186
65 8555
830 824
5173 2
1298 205
66 8671
831 827
5174 4
1299 215
67 8598
832 832
5175 5
68 8373
833 833
5176 6
69 8292
834 846
5177 6
835 804
5178 9
836 804
5179 4
837 784
838 759
839 816
1750 101
1751 94
1752 85
1753 87
1754 82
5630 1
1755 85
5631 4
1756 84
5632 2
1757 111
5633 4
1758 85
5634 1
1759 91
5635 1
5636 2
5638 1
5639 4
380 1367
381 1356
382 1346
383 1353
384 1364
385 1273
386 1413
387 1289
388 1412
389 1339
4310 19
4311 10
4312 21
4313 22
4314 19
4315 12
4316 8
4317 15
4318 10
4319 20
70 8154
71 8170
72 8085
5180 8
73 8233
5181 6
74 7966
5182 6
75 7752
840 827
5183 7
76 7820
841 790
5184 10
77 7681
842 752
5185 3
78 7643
843 824
5186 4
79 7587
844 757
5187 10
845 799
5188 6
846 770
5189 8
847 761
848 730
849 765
1760 92
1761 91
1762 84
1763 84
1764 77
5640 2
1765 92
5641 1
1766 87
5642 2
1767 71
5643 2
1768 74
1769 80
5645 1
5646 2
5647 2
5648 4
5649 3
390 1400
391 1322
392 1315
393 1309
394 1319
395 1351
396 1360
397 1327
398 1325
399 1269
4320 14
4321 12
4322 18
4323 12
4324 13
4325 12
4326 18
4327 27
4328 17
4329 17
80 7461
81 7311
82 7268
5190 6
83 7151
5191 2
84 7121
6972 1
5192 9
850 733
85 7031
8216 1
5193 7
851 802
86 6939
8217 2
6974 2
5194 4
852 749
87 6808
5195 8
853 739
88 6617
5196 4
854 749
89 6870
6977 1
5197 5
855 704
856 790
5198 7
6979 1
5199 5
857 755
858 759
859 707
3000 28
3001 20
3002 27
3003 19
3004 11
3005 23
3006 19
3007 27
3008 23
3009 24
1770 60
1771 69
1772 79
1773 72
1774 75
5650 1
1775 91
5651 4
1776 68
5652 2
1777 86
5653 3
1778 69
5654 1
1779 80
5655 2
5656 2
5657 2
5658 5
5659 3
4330 9
4331 20
4332 8
4333 19
4334 12
4335 18
4336 11
4337 13
4338 13
4339 17
8220 1
90 6579
8221 1
91 6390
92 6373
8223 1
93 6333
8224 1
94 6354
95 6165
860 765
6983 1
96 6088
861 729
97 6093
862 748
8228 1
98 5962
863 717
99 5749
864 736
865 760
6988 1
866 763
6989 1
867 753
868 719
869 719
3010 14
3011 31
3012 19
3013 19
3014 26
3015 17
3016 17
3017 17
3018 21
3019 20
1780 73
1781 68
1782 87
1783 78
1784 61
5660 1
1785 55
5661 3
1786 69
5662 3
1787 68
5663 1
1788 88
5664 3
1789 64
5665 1
5668 2
5669 1
4340 20
4341 20
4342 16
4343 16
4344 15
4345 24
4346 11
4347 17
4348 11
4349 10
6990 1
8233 1
870 688
871 666
8237 1
872 699
873 684
6996 1
874 703
875 703
876 600
877 690
878 632
879 658
4800 12
3020 20
4801 5
3021 19
4802 11
3022 33
4803 9
3023 21
4804 9
3024 26
4805 8
3025 17
4806 4
3026 13
3027 18
4807 5
4808 9
3028 17
4809 11
3029 22
1790 80
1791 92
1792 67
1793 72
1794 80
5670 2
1795 81
5671 5
1796 60
5672 2
1797 83
5673 3
1798 69
5674 3
1799 84
5675 3
5676 3
5677 2
5678 1
5679 2
4350 9
4351 10
4352 14
4353 20
4354 17
4355 13
4356 15
4357 16
4358 10
4359 16
880 652
881 638
882 659
883 703
8249 1
884 680
885 683
886 628
887 662
888 594
889 639
4810 6
3030 22
4811 11
3031 27
4812 5
3032 28
4813 10
3033 20
4814 10
3034 24
4815 6
3035 24
4816 8
3036 21
4817 12
3037 22
4818 12
3038 17
4819 11
3039 25
5680 2
5681 2
5682 2
5683 2
8706 1
5684 3
5685 2
5686 5
5687 2
5689 5
4360 15
4361 11
4362 14
4363 17
4364 7
4365 14
4366 18
4367 19
4368 17
4369 9
8250 1
890 579
891 667
892 620
893 637
8259 2
894 613
895 686
896 643
897 622
898 648
899 648
4820 8
3040 18
4821 7
3041 20
3042 13
4822 8
4823 8
3043 24
4824 9
3044 22
4825 7
3045 28
4826 6
3046 16
4827 11
3047 16
4828 5
3048 23
4829 6
3049 23
5690 2
5691 6
5692 8
5693 3
5694 4
5695 3
5696 3
5697 4
5698 2
5699 2
3500 19
3501 14
3502 21
3503 21
3504 17
3505 19
3506 19
3507 19
3508 16
3509 18
4370 16
4371 16
4372 16
4373 9
4374 11
4375 13
4376 11
4377 8
4378 18
4379 14
8260 2
8267 1
8268 1
3050 18
4830 9
4831 7
3051 30
4832 9
3052 25
4833 4
3053 19
4834 4
3054 29
4835 3
3055 18
3056 15
4836 7
4837 10
3057 25
4838 9
3058 19
4839 3
3059 18
3510 17
3511 19
3512 22
3513 11
3514 19
3515 19
3516 18
3517 17
3518 15
3519 14
7402 1
4380 13
4381 15
4382 16
4383 11
4384 7
4385 10
7409 1
4386 15
4387 10
4388 13
4389 16
8273 1
8274 1
8275 1
8279 1
4840 8
3060 13
4841 8
3061 21
4842 12
3062 17
3063 14
4843 6
4844 7
3064 25
4845 11
3065 10
4846 11
3066 21
4847 4
3067 17
3068 15
4848 8
4849 11
3069 22
3520 16
3521 19
3522 16
3523 22
3524 18
3525 19
3526 15
3527 18
3528 16
3529 19
7412 1
4390 17
4391 10
4392 13
4393 15
4394 17
4395 10
4396 11
4397 14
4398 16
4399 14
2200 74
2201 80
8283 1
2202 69
8284 1
2203 63
2204 70
8286 1
2205 72
2206 77
2207 78
2208 81
2209 63
4850 11
3070 16
4851 9
3071 17
4852 10
3072 20
4853 9
3073 23
4854 8
3074 13
4855 8
3075 24
4856 9
3076 24
4857 7
3077 25
4858 6
3078 24
4859 8
3079 22
3530 18
3531 17
3532 15
3533 14
3534 16
3535 16
3536 14
3537 10
3538 21
3539 16
7423 1
7426 1
7428 1
8290 2
2210 76
2211 67
2212 83
2213 64
2214 79
2215 69
8297 1
2216 69
8298 2
2217 69
2218 62
2219 44
4860 7
3080 19
4861 4
3081 14
4862 4
3082 26
4863 7
3083 24
4864 9
3084 17
4865 6
3085 21
4866 5
3086 17
4867 5
3087 13
4868 5
3088 18
4869 5
3089 20
3540 21
3541 16
3542 21
3543 17
3544 9
3545 25
3546 15
3547 12
3548 13
3549 17
7437 1
2220 66
2221 57
2222 61
2223 72
2224 61
2225 58
2226 55
2227 61
2228 80
6104 1
2229 51
6107 2
6108 1
6109 1
4870 3
3090 18
4871 3
3091 15
3092 23
4872 4
4873 6
3093 17
4874 7
3094 21
4875 5
3095 17
3096 17
4876 4
4877 11
3097 18
3098 11
4878 5
4879 7
3099 19
3550 15
3551 17
3552 20
3553 22
3554 17
3555 16
3556 20
3557 21
3558 13
3559 14
7444 1
7447 1
2230 56
2231 53
2232 64
2233 69
2234 70
6110 1
2235 69
2236 71
6112 1
2237 58
6113 1
2238 57
2239 75
6116 1
6117 1
6119 1
7902 1
4880 8
4881 8
4882 5
4883 4
7907 1
4884 2
4885 5
4886 2
4887 13
4888 8
4889 4
3560 9
3561 12
3562 11
3563 14
3564 21
3565 17
3566 11
3567 13
3568 15
3569 17
7451 1
7455 1
7459 1
2240 64
2241 66
2242 47
2243 67
2244 45
2245 57
6121 1
2246 52
6122 1
2247 53
6123 1
2248 62
2249 74
6125 1
6126 3
6128 3
4890 2
4891 5
4892 4
4893 8
4894 12
4895 7
4896 7
4897 4
4898 2
4899 5
2700 57
2701 53
2702 65
8784 1
2703 67
2704 64
2705 56
2706 61
2707 56
2708 56
2709 58
3570 15
3571 14
3572 26
3573 18
3574 11
3575 19
3576 24
3577 15
3578 18
3579 14
2250 56
2251 74
2252 54
2253 64
2254 46
2255 59
2256 57
2257 56
6133 2
2258 55
2259 64
6138 1
2710 46
2711 68
2712 72
2713 55
8795 1
2714 53
2715 61
2716 48
2717 43
2718 60
2719 47
3580 18
3581 15
3582 14
3583 16
3584 21
3585 16
3586 19
3587 19
3588 15
3589 24
7473 1
7475 1
2260 46
2261 55
2262 56
2263 63
2264 69
2265 65
6141 1
2266 60
6142 1
2267 53
6143 1
2268 59
2269 48
6146 1
6147 1
6148 1
6149 1
7936 2
2720 54
2721 50
2722 55
2723 44
2724 50
2725 38
2726 61
6602 1
2727 47
2728 61
6604 1
2729 63
6606 1
6607 1
6609 1
3590 16
3591 7
3592 14
3593 17
3594 20
3595 11
3596 20
3597 17
3598 22
3599 17
7481 2
1400 136
1401 117
1402 110
7484 1
1403 130
1404 115
7486 1
1405 118
1406 116
7488 1
1407 151
7489 1
1408 123
1409 119
2270 59
2271 49
2272 58
2273 57
2274 61
6150 1
2275 41
6151 1
2276 56
6152 1
2277 57
2278 67
2279 53
7940 1
6157 2
6158 1
6159 1
7942 1
7948 1
2730 51
2731 59
2732 55
2733 52
2734 45
2735 54
2736 54
2737 48
2738 46
2739 43
6617 1
6619 1
1410 103
1411 116
1412 131
1413 115
1414 97
1415 127
1416 120
7498 1
1417 124
1418 126
1419 106
2280 54
2281 55
2282 46
2283 47
2284 47
6160 2
2285 57
6161 4
2286 54
2287 40
6163 2
2288 48
2289 46
6165 1
6167 1
6169 1
7957 1
7959 1
2740 53
2741 38
2742 51
2743 50
2744 40
2745 54
6621 1
2746 45
6622 1
2747 57
500 1245
2748 51
501 1236
502 1338
2749 43
503 1311
6626 1
504 1269
6627 1
505 1356
6628 1
506 1253
507 1326
508 1346
509 1288
1420 127
1421 114
1422 114
1423 119
1424 135
5300 4
1425 123
5301 5
1426 128
5302 8
1427 120
5303 2
1428 124
5304 4
1429 111
5305 6
5306 7
5307 4
5308 5
5309 5
2290 57
2291 51
2292 58
2293 51
2294 51
2295 55
6171 3
2296 48
2297 54
6173 1
2298 45
6174 1
2299 56
6177 1
6178 2
6179 1
7963 1
7965 1
2750 45
2751 47
2752 45
2753 45
2754 31
2755 46
6631 1
2756 45
6632 2
2757 56
510 1321
6633 1
2758 40
511 1309
2759 31
512 1331
6635 2
513 1367
514 1335
6637 1
515 1313
6638 1
516 1254
517 1311
518 1297
519 1225
1430 112
1431 129
1432 102
1433 124
1434 116
5310 5
1435 101
5311 4
1436 110
1437 115
5313 6
1438 109
5314 3
1439 108
5315 5
5316 3
5317 1
5318 5
5319 9
6181 3
6184 4
6185 2
6186 1
7973 1
7976 1
7979 1
2760 51
2761 42
2762 36
2763 46
2764 56
2765 45
2766 48
2767 54
520 1328
2768 42
521 1309
6644 1
2769 51
522 1222
6645 1
523 1312
524 1325
525 1286
6648 1
526 1331
6649 1
527 1261
528 1268
529 1310
1440 115
1441 129
1442 106
1443 100
1444 102
1445 115
5321 6
1446 91
5322 4
1447 111
5323 1
1448 102
5324 5
1449 106
5325 3
5326 2
5327 4
5328 4
5329 2
6190 2
6194 1
6196 1
6197 1
6198 1
1900 49
6199 4
1901 47
1902 50
1903 63
1904 50
7986 1
4000 10
1905 53
4001 15
1906 61
4002 12
1907 50
4003 17
1908 48
1909 59
4004 13
4005 14
4006 21
4007 15
4008 18
4009 11
2770 49
2771 43
2772 44
2773 48
2774 42
2775 46
2776 50
530 1328
2777 38
2778 32
531 1369
6654 3
532 1294
2779 41
6655 1
533 1250
534 1369
535 1279
536 1280
537 1331
538 1342
539 1315
1450 112
1451 107
1452 93
1453 106
1454 101
5330 2
1455 95
5331 3
1456 80
5332 3
1457 109
5333 2
1458 106
5334 2
1459 110
5335 5
5336 4
5337 2
5338 7
5339 1
7990 3
1910 46
1911 49
1912 54
1913 42
1914 52
4010 10
1915 52
4011 16
1916 48
7998 1
4012 19
1917 64
4013 15
1918 59
4014 10
1919 52
4015 11
4016 12
4017 15
4018 12
4019 12
2780 55
2781 28
2782 31
2783 43
2784 54
6660 1
2785 37
6661 1
2786 44
540 1365
2787 42
6663 1
541 1344
2788 52
542 1335
2789 35
543 1352
544 1292
6667 1
545 1318
546 1309
547 1336
548 1288
549 1343
1460 108
1461 94
1462 114
1463 89
1464 97
5340 6
1465 97
5341 4
1466 106
5342 4
1467 104
5343 1
1468 90
5344 4
1469 104
5345 3
5346 3
5347 3
5348 2
5349 3
1920 47
1921 40
1922 63
1923 57
1924 62
5800 3
4020 13
1925 42
5801 1
4021 15
1926 53
5802 6
4022 14
1927 45
5803 2
4023 10
1928 59
5804 4
4024 18
1929 54
5805 1
4025 10
5806 2
4026 7
5807 3
4027 13
5808 5
4028 16
4029 11
2790 41
2791 45
2792 33
2793 35
2794 34
2795 32
2796 41
6672 1
2797 39
550 1342
2798 44
551 1381
2799 39
552 1364
553 1412
554 1361
6677 1
555 1499
556 1492
557 1498
558 1519
559 1596
1470 103
1471 98
1472 124
1473 100
1474 92
5350 7
1475 106
5351 3
1476 110
5352 3
1477 78
5353 3
1478 124
5354 2
1479 98
5355 2
5356 2
5357 3
5358 5
5359 4
1930 52
1931 56
1932 46
1933 42
1934 50
5810 2
4030 13
1935 55
5811 3
4031 9
1936 49
4032 7
5812 1
1937 50
5813 2
4033 15
1938 49
5814 6
4034 17
1939 46
5815 2
4035 10
5816 3
4036 15
5817 2
4037 11
4038 15
5819 2
4039 12
6682 1
560 1700
6683 1
561 1742
562 1770
563 1882
564 1989
565 1859
6688 1
566 2042
567 2014
568 2008
569 2133
1480 98
1481 86
1482 97
1483 83
1484 109
5360 4
1485 88
5361 4
1486 95
5362 7
1487 92
5363 3
1488 84
5364 3
1489 98
5365 6
5366 2
5367 3
5368 1
5369 4
1940 42
1941 32
1942 56
1943 40
1944 39
5820 2
4040 13
1945 56
5821 2
4041 16
1946 39
5822 1
4042 13
1947 53
5823 2
4043 15
1948 42
4044 9
5824 4
1949 48
4045 13
5826 1
4046 13
4047 13
5827 2
5828 1
4048 6
5829 3
4049 10
6690 1
570 2093
571 2114
6694 1
572 2170
573 2195
574 2240
575 2152
576 2190
577 2128
578 2117
579 2160
4500 12
4501 11
4502 7
4503 9
4504 11
4505 11
4506 12
4507 7
4508 7
4509 10
1490 84
1491 98
1492 80
1493 113
1494 106
5370 4
1495 87
5371 7
1496 83
5372 2
1497 100
5373 4
1498 88
5374 3
1499 83
5375 5
5376 4
5377 2
5378 3
5379 1
1950 54
1951 45
1952 44
1953 50
1954 45
5830 4
1955 41
4050 10
4051 10
1956 40
5832 3
4052 16
1957 47
5833 1
4053 10
1958 44
4054 12
1959 44
5835 1
4055 6
4056 15
5836 4
4057 8
5837 2
5838 1
4058 20
5839 3
4059 14
580 2088
581 2134
582 2195
583 2076
584 2110
585 1994
586 2065
587 2146
588 2055
589 2013
4510 8
4511 9
4512 16
4513 9
4514 9
4515 9
4516 9
4517 6
4518 11
4519 7
8400 1
8401 1
5380 4
5381 6
8404 1
5382 1
8406 1
5383 4
5384 5
5385 4
8408 3
5386 1
5387 2
5388 2
9272 1
1960 45
1961 41
1962 46
1963 45
1964 57
5840 2
4060 7
1965 51
4061 10
1966 47
5842 1
4062 13
1967 37
4063 14
5843 2
1968 47
5844 5
4064 10
1969 38
5845 2
4065 17
5846 1
4066 9
4067 16
5848 1
4068 13
4069 15
590 2057
591 2090
592 2067
593 2038
594 1928
595 1993
596 2034
597 1951
598 1947
599 2033
4520 5
4521 8
4522 9
4523 10
4524 7
4525 16
4526 5
4527 8
4528 7
4529 11
8410 2
8411 1
5390 1
8413 1
5391 3
8414 3
5392 3
8415 1
8416 2
5394 3
8417 1
5395 5
8418 2
8419 2
5396 2
5397 6
5398 5
5399 3
3200 53
3201 58
3202 60
3203 42
3204 44
3205 46
3206 47
3207 43
3208 52
3209 58
1970 44
1971 26
1972 48
1973 28
1974 53
5850 3
4070 21
1975 48
5851 1
4071 13
1976 42
5852 3
4072 11
1977 50
4073 15
1978 40
4074 16
1979 50
5855 3
4075 11
5856 1
4076 16
5857 3
4077 18
5858 1
4078 12
5859 2
4079 13
4530 6
4531 11
4532 12
4533 7
4534 6
4535 9
4536 10
4537 8
4538 12
4539 5
8421 3
8422 2
8424 2
8425 2
8427 1
8428 1
8429 3
3210 42
3211 49
3212 47
3213 51
3214 61
3215 41
3216 46
3217 44
3218 42
3219 37
1980 42
1981 48
1982 43
1983 40
1984 60
7103 1
4080 16
5860 2
1985 47
5861 3
1986 45
4081 10
5862 1
7105 1
4082 8
1987 47
5863 1
4083 10
1988 50
4084 9
1989 33
5865 1
4085 11
4086 12
4087 10
5868 1
4088 11
5869 1
4089 13
4540 5
4541 9
4542 6
4543 15
4544 10
4545 13
4546 7
4547 8
4548 8
4549 8
8430 5
8431 5
8432 1
8433 4
8434 3
8435 4
8436 2
8437 2
8438 3
8439 2
3220 38
3221 36
3222 42
3223 33
3224 42
3225 51
3226 40
3227 39
3228 37
3229 27
1990 40
1991 42
1992 33
7111 1
1993 35
1994 40
5870 2
1995 49
4090 13
5871 3
4091 12
1996 39
4092 14
1997 41
5873 1
4093 6
1998 42
5874 3
4094 13
1999 44
5875 3
4095 8
5876 2
4096 7
4097 15
4098 9
5879 1
4099 10
4550 9
4551 5
4552 14
4553 7
4554 14
4555 3
4556 7
4557 3
4558 4
4559 3
8440 4
8441 5
8442 3
8443 2
8444 2
8445 4
8446 2
8447 3
3230 39
3231 40
3232 39
3233 44
3234 35
3235 37
3236 51
3237 43
3238 31
3239 35
7120 1
7122 2
5880 1
5881 2
5882 1
7127 1
5884 1
7128 2
5885 2
5886 2
5887 1
5888 3
5889 3
4560 5
4561 9
4562 9
4563 4
4564 9
4565 9
4566 11
4567 13
4568 1
4569 4
8450 2
8451 3
8452 2
8453 3
8454 3
8455 1
8456 4
8457 2
8458 8
8459 2
3240 44
3241 48
3242 44
3243 34
3244 35
3245 37
3246 42
3247 52
3248 41
3249 34
5891 3
5893 3
7136 1
5894 1
7138 1
5895 4
7139 1
5896 1
5898 2
5899 1
3700 49
3701 40
3702 45
3703 40
3704 40
3705 41
3706 47
3707 59
3708 34
3709 37
4570 11
4571 7
4572 9
4573 4
4574 8
4575 9
4576 7
4577 7
4578 8
4579 11
8460 1
8461 1
8462 1
8463 2
8464 7
8465 3
8466 3
8467 2
8468 2
8469 4
3250 37
3251 42
3252 25
3253 29
3254 39
3255 44
3256 38
3257 34
3258 34
3259 44
7142 1
7144 1
3710 50
3711 35
3712 28
3713 50
3714 38
3715 39
3716 45
3717 45
3718 42
3719 42
7600 1
4580 4
7603 1
4581 10
4582 12
4583 12
4584 13
7608 2
4585 12
4586 8
4587 10
4588 7
4589 14
8470 3
8471 4
8472 8
8473 3
8474 5
8475 3
8476 4
8477 8
8478 5
8479 3
3260 42
3261 23
3262 28
3263 30
3264 27
3265 45
3266 31
3267 32
3268 32
3269 41
7159 1
3720 38
3721 39
3722 31
3723 29
3724 42
3725 43
3726 41
3727 33
3728 38
3729 35
7613 1
4590 8
7614 1
4591 9
4592 11
4593 9
4594 5
7617 1
4595 6
4596 11
4597 5
4598 8
4599 5
8480 4
8481 5
2400 30
8482 2
2401 31
8483 6
2402 36
8484 5
2403 35
8485 4
2404 33
8486 5
2405 38
8487 1
2406 34
8488 4
2407 33
8489 1
2408 33
2409 22
3270 40
3271 33
3272 38
3273 27
3274 33
3275 25
3276 37
3277 41
3278 39
3279 33
8946 1
3730 38
3731 37
3732 40
3733 30
3734 31
3735 43
3736 31
3737 25
-11 1
3738 36
3739 38
-13 1
-14 1
-15 1
-16 1
-17 2
7622 1
-18 1
7627 1
7629 1
8490 2
2410 32
8491 6
8492 2
2411 33
8493 6
2412 33
8494 6
2413 29
8495 8
2414 35
8496 3
2415 36
8497 4
2416 43
8498 6
2417 29
8499 2
2418 37
2419 24
3280 27
3281 38
3282 30
3283 30
3284 23
3285 27
3286 25
3287 38
3288 40
3289 43
7175 1
8955 1
3740 30
3741 38
3742 38
3743 18
3744 25
3745 24
3746 41
-20 1
3747 29
-21 1
3748 29
3749 34
7630 2
7634 1
-29 1
7637 1
2420 37
2421 40
2422 30
2423 27
2424 28
2425 35
6301 2
2426 31
2427 32
2428 24
6304 1
2429 26
6306 1
3290 45
3291 37
3292 29
3293 30
3294 40
3295 38
3296 28
3297 25
3298 29
3299 34
7180 1
1100 507
7182 1
1101 487
8963 1
1102 481
1103 486
7185 1
1104 525
1105 468
1106 431
1107 459
1108 471
1109 479
3750 29
3751 31
3752 39
3753 33
3754 27
3755 28
3756 19
-30 1
3757 25
3758 20
3759 30
7640 1
-37 1
-39 1
7644 1
2430 29
2431 38
2432 39
2433 29
2434 36
6310 1
2435 30
6311 1
2436 36
2437 29
2438 30
2439 19
6315 2
6317 1
6318 1
6319 1
1110 454
1111 472
7193 1
1112 464
1113 463
1114 464
1115 500
1116 464
8978 1
1117 435
1118 448
1119 432
3760 29
3761 23
3762 24
3763 36
3764 27
3765 35
3766 31
3767 20
3768 25
3769 31
-43 1
7651 1
7652 1
7655 1
7658 1
2440 38
2441 25
2442 23
2443 23
2444 31
6320 2
2445 34
6321 2
2446 36
2447 25
200 2160
6323 2
2448 29
201 2077
6324 1
2449 31
202 2181
6325 2
203 2161
6326 1
204 2190
6327 1
205 2152
6328 1
206 2145
207 2178
208 2171
209 2110
2900 25
1120 419
2901 21
1121 485
2902 37
1122 438
2903 26
1123 441
2904 24
1124 432
5000 7
2905 20
1125 431
5001 4
2906 31
1126 437
5002 6
2907 31
1127 398
5003 5
2908 23
1128 401
5004 2
2909 33
1129 429
5005 3
5006 5
5007 3
5008 5
5009 5
3770 26
3771 29
3772 26
3773 24
3774 22
3775 28
3776 26
3777 21
3778 29
3779 21
-55 1
7666 1
7668 1
2450 29
2451 35
2452 37
2453 27
2454 27
6330 1
2455 34
6331 1
2456 34
2457 36
210 2042
2458 27
211 2037
6334 1
2459 33
212 2066
213 2077
214 2058
215 1994
216 2046
217 2079
218 2026
219 2079
2910 27
1130 400
2911 36
1131 394
2912 28
1132 365
2913 36
1133 371
2914 37
1134 387
5010 3
2915 29
1135 389
5011 4
2916 32
1136 398
5012 4
2917 32
1137 390
5013 6
2918 26
1138 384
5014 4
2919 35
1139 395
5015 6
5016 3
5017 3
5018 3
5019 3
3780 18
3781 21
3782 16
3783 26
3784 30
3785 33
3786 35
3787 31
-61 1
3788 21
3789 35
-63 1
7675 1
7676 1
7678 2
7679 1
2460 23
2461 22
2462 32
2463 24
2464 18
2465 41
2466 34
2467 29
220 2001
2468 28
221 2051
222 1957
2469 33
6345 1
223 1924
224 1977
6347 1
225 2069
226 1981
6349 1
227 1971
228 2004
229 1955
2920 24
1140 380
1141 397
2921 22
2922 30
1142 368
2923 29
1143 376
1144 383
2924 31
5020 3
1145 374
2925 25
5021 1
2926 31
1146 360
5022 5
1147 380
2927 26
5023 7
1148 344
2928 35
6804 1
5024 3
2929 31
1149 349
6805 1
5025 8
5026 5
5027 6
5028 7
5029 5
3790 26
3791 34
3792 27
3793 23
3794 20
3795 20
3796 27
3797 22
3798 23
3799 32
7681 1
1600 220
1601 193
7683 1
1602 197
1603 190
7685 1
1604 198
7686 1
1605 210
7687 1
1606 216
7688 2
1607 190
7689 1
1608 167
1609 196
2470 29
2471 18
2472 36
2473 33
2474 23
6350 1
2475 27
2476 26
230 1944
2477 24
6353 1
2478 25
231 1936
232 1895
2479 35
233 1807
234 1875
6357 2
235 1901
236 1930
237 1837
238 1860
239 1905
2930 20
1150 359
2931 30
1151 361
2932 29
1152 346
2933 31
1153 370
2934 25
1154 333
5030 3
2935 25
1155 339
6811 1
5031 5
2936 29
1156 363
5032 4
6812 1
2937 21
1157 366
5033 6
2938 22
1158 366
5034 3
6814 1
2939 35
1159 352
5035 5
6815 3
5036 5
6817 1
5037 4
6818 1
5038 5
5039 8
1610 186
1611 191
1612 210
1613 202
1614 183
1615 187
1616 192
1617 184
1618 184
1619 184
2480 37
2481 25
2482 27
2483 25
2484 23
2485 25
6361 1
2486 36
6362 1
2487 26
240 1878
6363 1
2488 25
241 1829
2489 22
242 1888
6365 1
243 1878
6366 2
244 1887
245 1852
246 1836
247 1781
248 1785
249 1887
2940 32
1160 349
2941 23
1161 405
2942 27
1162 323
2943 21
1163 359
2944 32
1164 363
5040 1
2945 25
1165 320
5041 3
2946 22
1166 296
5042 6
2947 29
1167 331
700 1290
5043 6
2948 22
6823 1
1168 300
701 1341
5044 2
2949 24
1169 316
702 1326
5045 4
703 1372
5046 2
6826 1
704 1335
6827 1
5047 5
705 1327
5048 9
706 1321
5049 8
707 1243
708 1346
709 1310
1620 186
1621 189
1622 174
1623 183
1624 187
5500 1
1625 163
5501 2
1626 168
5502 1
1627 166
5503 1
1628 146
1629 178
5505 4
5506 3
5507 2
5508 4
5509 1
2490 29
2491 36
2492 35
2493 25
2494 24
6370 1
2495 22
2496 32
2497 26
250 1744
2498 24
251 1813
2499 26
252 1795
253 1798
254 1855
6377 1
255 1780
256 1834
257 1884
258 1788
259 1732
2950 24
1170 320
2951 21
1171 322
2952 21
1172 332
2953 16
1173 290
2954 21
1174 316
5050 5
2955 21
1175 343
5051 1
2956 21
1176 326
5052 5
2957 23
1177 292
710 1336
5053 9
2958 22
1178 285
711 1292
6834 2
5054 8
2959 25
1179 316
712 1266
5055 7
713 1208
5056 7
714 1266
5057 5
715 1320
5058 5
716 1219
5059 2
717 1263
718 1291
719 1276
1630 149
1631 157
1632 177
1633 165
1634 158
5510 2
1635 153
5511 1
1636 156
5512 2
1637 179
5513 5
1638 161
5514 6
1639 143
5515 4
5516 5
5517 5
5518 2
5519 1
6382 1
260 1806
261 1773
262 1756
6385 1
263 1777
264 1776
6387 2
265 1748
266 1739
267 1751
268 1761
269 1727
1180 291
2960 22
1181 310
2961 18
1182 311
2962 18
2963 18
1183 279
2964 23
1184 293
6840 1
5060 6
1185 308
2965 27
5061 5
2966 35
1186 337
5062 5
1187 297
720 1320
2967 16
6843 1
5063 4
1188 304
721 1252
2968 22
5064 7
2969 22
1189 295
722 1237
5065 4
723 1210
5066 4
724 1230
5067 3
6847 1
725 1303
6848 3
5068 7
726 1256
5069 6
727 1172
728 1252
729 1250
1640 152
1641 149
1642 169
1643 156
1644 133
5520 2
1645 146
5521 3
1646 129
5522 2
1647 133
5523 1
1648 134
5524 3
1649 140
5525 4
5526 1
5527 3
5528 2
5529 4
9411 1
6390 1
6392 1
270 1761
271 1750
6394 1
272 1707
273 1715
6396 1
274 1718
275 1720
276 1724
6399 2
277 1682
278 1668
279 1728
4200 21
4201 23
4202 32
4203 29
4204 27
4205 23
4206 26
4207 22
4208 30
4209 30
2970 16
1190 297
2971 25
1191 282
2972 30
1192 296
2973 24
1193 291
2974 22
1194 283
5070 7
2975 23
1195 306
5071 3
2976 19
1196 287
2977 16
730 1239
1197 285
5073 2
731 1190
2978 25
1198 274
5074 6
732 1237
2979 20
1199 301
5075 6
733 1209
5076 3
734 1183
5077 3
735 1251
5078 3
736 1152
5079 3
737 1212
738 1121
739 1188
1650 132
1651 136
1652 126
1653 143
1654 130
5530 2
1655 132
5531 3
1656 152
5532 1
1657 145
1658 142
5534 2
1659 122
5535 3
5536 3
5537 5
5538 4
5539 4
280 1662
281 1664
282 1634
283 1654
284 1691
285 1635
286 1652
287 1655
288 1691
289 1561
4210 25
4211 33
4212 23
4213 12
4214 22
4215 24
4216 28
4217 19
4218 18
4219 29
2980 33
2981 26
2982 30
2983 22
2984 16
6860 4
5080 8
2985 30
6861 1
8104 1
5081 8
2986 26
6862 1
5082 5
2987 30
740 1178
8106 1
5083 7
2988 18
741 1186
5084 3
2989 18
742 1174
5085 3
743 1167
8109 1
6866 2
5086 5
744 1143
5087 9
745 1162
5088 6
746 1182
5089 4
747 1174
748 1118
749 1129
1660 136
1661 139
1662 150
1663 161
1664 133
5540 3
1665 137
5541 2
1666 133
5542 3
1667 155
5543 2
1668 120
5544 4
1669 106
5545 2
5546 3
5547 3
5548 2
5549 4
290 1640
291 1628
292 1658
293 1633
294 1582
295 1578
296 1589
297 1661
298 1595
299 1590
4220 34
4221 29
4222 21
4223 23
4224 27
4225 24
4226 18
4227 24
4228 19
4229 25
2990 19
2991 24
8110 1
2992 19
2993 19
8112 1
2994 25
5090 9
2995 23
8114 1
5091 2
2996 19
5092 4
2997 20
750 1134
5093 3
6873 1
2998 18
751 1149
5094 2
2999 31
752 1162
8118 1
5095 5
753 1115
6876 2
5096 7
754 1141
6877 1
5097 2
755 1118
5098 3
756 1097
5099 4
757 1088
758 1130
759 1059
1670 120
1671 121
1672 124
1673 128
1674 133
5550 2
1675 124
1676 121
5552 2
1677 114
5553 2
1678 108
5554 2
1679 116
5555 4
5556 2
5557 2
5559 3
4230 29
4231 22
4232 24
4233 20
4234 18
4235 20
4236 30
4237 25
4238 24
4239 24
8121 1
8123 1
6882 1
760 1101
761 1122
762 1062
763 1111
764 1108
765 1105
766 1125
767 1041
768 1085
769 1124
1680 113
1681 92
1682 119
1683 129
1684 113
5560 2
1685 119
5561 4
1686 111
5562 6
1687 122
5563 3
1688 128
5564 2
1689 108
5565 1
5566 2
5567 2
5569 4
4240 22
4241 21
4242 18
4243 21
4244 16
4245 18
4246 15
4247 18
4248 22
4249 14
8133 2
8134 1
6891 1
8135 1
770 1018
771 1049
772 1021
6895 1
773 1026
8139 1
774 1046
775 1040
6898 1
776 982
777 1006
778 1052
779 987
4700 17
4701 14
4702 13
4703 14
4704 15
4705 10
4706 15
4707 14
4708 13
4709 17
1690 118
1691 113
1692 103
1693 115
1694 120
5570 3
1695 129
5571 5
1696 109
5572 1
1697 106
1698 114
1699 125
5575 2
5576 1
5577 2
5578 2
5579 3
9461 1
4250 20
4251 23
4252 26
4253 16
4254 18
4255 21
4256 19
4257 20
4258 17
4259 13
8141 1
8143 1
780 1047
781 1027
782 1055
783 1006
8149 1
784 989
785 994
786 998
787 938
788 965
789 981
4710 15
4711 14
4712 22
4713 11
4714 14
4715 15
4716 10
4717 12
4718 7
4719 13
5580 3
5582 1
5583 2
5584 1
5585 2
5586 2
5587 3
5588 1
5589 2
4260 23
4261 16
4262 12
4263 11
4264 24
4265 22
4266 26
4267 14
4268 14
4269 17
790 957
8156 1
791 989
8157 1
792 1023
793 895
794 965
795 956
796 955
797 996
798 980
799 883
4720 12
4721 20
4722 17
4723 4
4724 21
4725 12
4726 16
4727 10
4728 13
4729 6
5590 3
5591 2
5592 1
5593 2
5594 2
5595 1
5596 6
5597 1
5598 2
5599 4
3400 27
3401 24
3402 13
3403 22
3404 31
3405 26
3406 20
3407 27
3408 23
3409 15
4270 16
4271 23
4272 17
4273 18
4274 15
4275 17
4276 13
4277 17
4278 20
4279 18
8161 1
8165 1
8167 1
4730 11
4731 14
4732 10
4733 7
4734 15
4735 12
4736 11
4737 9
4738 6
4739 8
3410 26
3411 25
3412 20
3413 17
3414 27
3415 22
3416 24
3417 17
3418 26
3419 22
4280 20
4281 8
4282 19
4283 18
4284 19
4285 17
7309 1
4286 12
4287 15
4288 16
4289 22
8173 1
8175 1
8179 1
4740 5
4741 12
4742 11
4743 12
4744 12
4745 14
4746 13
4747 12
4748 6
4749 7
3420 21
3421 22
3422 21
3423 25
3424 19
3425 24
3426 16
3427 22
3428 29
3429 25
4290 17
7314 1
4291 13
7315 1
4292 16
4293 28
4294 22
7318 1
4295 14
4296 19
4297 17
4298 11
4299 23
8181 1
2100 116
2101 83
2102 100
2103 115
8185 1
2104 138
2105 120
2106 130
2107 121
2108 119
2109 104
4750 11
4751 13
4752 7
4753 6
4754 8
4755 14
4756 11
4757 11
4758 9
4759 20
3430 23
3431 17
3432 24
3433 25
3434 23
3435 21
3436 20
3437 22
3438 21
3439 29
8191 2
2110 124
2111 115
8193 2
2112 140
2113 124
8195 1
2114 98
2115 137
2116 126
2117 122
2118 107
2119 135
4760 14
4761 9
4762 13
4763 7
4764 5
4765 7
4766 10
4767 10
4768 16
4769 10
3440 24
3441 24
3442 24
3443 23
3444 17
3445 22
3446 20
3447 27
3448 18
3449 16
7332 1
7336 1
3900 23
2120 119
3901 17
2121 118
3902 16
2122 121
3903 23
2123 114
3904 15
2124 94
6000 1
3905 9
2125 105
3906 24
2126 131
3907 16
2127 123
3908 23
2128 115
3909 17
2129 116
6006 1
6007 1
6008 1
4770 9
4771 8
4772 10
4773 9
4774 8
4775 13
4776 9
4777 7
4778 8
4779 13
3450 20
3451 23
3452 21
3453 21
3454 12
3455 14
3456 26
3457 20
3458 25
3459 19
7342 1
3910 20
2130 117
3911 13
2131 102
3912 18
2132 108
3913 20
2133 130
3914 14
2134 102
6010 1
3915 18
2135 117
3916 26
2136 122
3917 11
2137 108
6013 1
3918 18
2138 113
6014 1
3919 19
2139 117
6016 1
6017 1
6019 1
7803 1
4780 12
4781 5
4782 7
4783 10
7807 1
4784 4
4785 9
4786 10
4787 11
4788 9
4789 10
3460 19
3461 21
3462 20
3463 22
3464 20
3465 20
3466 25
3467 32
3468 22
3469 20
7355 1
2140 116
3920 21
2141 97
3921 19
3922 18
2142 123
3923 10
2143 96
3924 18
2144 99
6020 1
3925 20
2145 119
6021 1
3926 16
2146 90
6022 1
3927 14
2147 102
6023 1
3928 11
2148 113
3929 13
2149 98
6026 1
6027 5
6029 1
7812 1
4790 10
4791 11
4792 4
4793 10
4794 5
7818 1
4795 9
4796 6
4797 9
4798 5
4799 8
2600 22
2601 37
2602 33
2603 44
2604 46
2605 47
2606 43
2607 59
2608 49
2609 55
3470 23
3471 25
3472 12
3473 22
3474 17
3475 21
3476 23
3477 22
3478 16
3479 24
7360 1
7362 1
7363 1
7369 1
3930 15
2150 94
3931 15
2151 109
3932 13
2152 93
3933 13
2153 96
3934 13
2154 98
6030 1
3935 11
2155 102
3936 13
6031 1
2156 114
3937 18
2157 107
3938 12
2158 82
3939 14
2159 84
6036 1
6037 1
7821 1
7822 1
6039 1
7826 1
2610 64
2611 64
2612 74
2613 83
2614 78
2615 81
2616 80
2617 77
2618 95
2619 95
3480 16
3481 20
3482 25
3483 18
3484 17
3485 14
3486 13
3487 24
3488 22
3489 16
3940 21
2160 95
3941 12
2161 94
3942 16
2162 100
3943 20
2163 100
3944 19
2164 98
3945 16
2165 103
3946 15
2166 78
6042 1
3947 21
2167 78
6043 3
3948 10
2168 79
6044 1
3949 11
2169 85
6047 1
6049 1
7833 1
7836 1
7839 1
2620 80
