2269 1
3884 1
3572 1
3846 1
3573 1
3260 1
3261 1
6144 1
3223 1
3268 1
780 1
782 1
700 1
741 2
701 2
783 1
81 2
743 1
702 1
703 1
83 3
744 2
470 5
704 1
745 2
84 3
471 5
430 10
85 2
746 1
705 2
787 3
472 2
431 3
86 3
473 2
4801 1
747 2
432 6
788 2
87 1
789 2
1961 1
748 1
474 4
433 8
4885 1
708 2
434 3
475 4
160 9
161 2
89 3
476 2
709 1
435 5
120 7
121 4
436 4
1923 1
477 2
162 3
1690 2
163 5
478 3
1691 1
437 3
122 8
438 2
1692 1
164 5
479 7
123 6
1693 1
439 6
165 5
124 3
1612 1
125 4
166 7
4535 1
1694 1
1613 1
167 4
126 6
1929 1
1340 2
1696 1
168 5
1655 2
127 5
1381 2
169 6
128 8
1300 4
1697 2
1382 1
1657 1
1383 1
129 8
1699 1
1302 1
1343 1
1658 2
1303 1
1659 1
1385 1
1619 1
1304 1
1387 2
1346 2
1388 2
1389 1
1348 1
1308 1
5848 1
2611 1
2654 1
2695 1
2382 1
2300 1
5264 1
2070 1
2304 1
2386 1
2034 3
2076 1
2039 1
3963 1
3616 1
3699 1
3659 1
3345 1
3388 1
7389 1
860 1
820 2
861 1
821 1
864 1
823 2
590 2
824 2
865 1
550 2
591 2
551 3
510 3
592 4
825 1
552 1
593 1
867 2
826 1
511 5
553 1
868 1
827 3
512 5
280 5
595 2
554 2
513 5
869 3
828 2
829 1
240 6
281 3
555 3
514 2
596 2
4966 1
597 2
556 1
282 5
515 3
241 3
200 7
516 1
242 3
201 3
557 3
283 5
598 1
4694 1
202 4
1730 1
284 4
517 4
243 4
558 2
244 2
1731 2
518 1
203 4
559 1
285 4
1773 1
286 5
519 2
245 8
204 5
287 5
246 1
205 5
206 4
247 3
288 3
1776 1
248 3
207 4
289 4
249 3
208 3
1462 2
1777 1
1421 1
1778 1
1422 1
209 4
1463 1
4619 1
1464 1
1424 1
1191 1
1192 1
1425 2
1151 1
1466 1
1110 1
1152 1
1111 1
1467 1
1193 3
1427 1
1194 2
1469 1
1428 1
1195 3
1429 1
1196 2
1115 2
1197 2
1156 2
1116 1
1198 1
1158 1
1117 2
1159 1
1119 1
5653 1
5382 1
5341 1
5616 1
5384 1
1070 2
1030 1
2737 1
1072 1
2190 2
2465 1
2425 1
2192 1
2194 1
1035 2
5309 1
1036 1
1038 1
2158 2
2117 2
6655 1
6342 1
3778 1
3463 1
6306 1
3110 1
3468 1
940 1
981 1
941 1
900 1
942 1
902 1
984 1
943 2
670 2
904 1
671 1
672 3
631 1
947 1
673 2
906 2
989 2
633 1
949 1
634 2
908 2
675 4
360 3
909 1
676 3
361 7
635 3
320 3
321 10
636 2
362 4
678 1
637 1
1850 2
363 8
322 7
323 4
1810 1
679 3
364 6
639 3
365 5
324 5
366 7
1853 1
325 6
4736 1
326 3
367 8
4422 1
1855 1
327 5
1856 1
1582 1
369 7
328 3
1857 1
1898 1
329 5
1501 2
1899 1
1817 1
1543 1
1544 1
1271 1
1230 2
1272 1
4196 1
1232 1
1273 1
1588 2
1506 1
1589 1
1233 1
1548 1
1234 2
1235 1
1276 2
1509 1
1236 1
1278 4
4119 1
1279 1
1238 1
1239 1
5770 1
5461 1
2813 1
5467 1
5427 1
2272 1
2588 1
2275 1
2278 1
2238 1
3810 1
3811 1
6778 1
3855 1
6150 1
3589 1
3277 1
3239 1
790 2
750 3
791 2
792 1
751 2
90 5
711 1
91 4
752 3
753 1
92 5
794 2
712 3
93 1
480 2
713 2
795 3
754 3
755 1
94 9
714 2
440 1
715 1
95 2
797 1
400 5
482 5
441 6
442 1
483 2
401 5
757 2
96 7
717 1
758 1
799 1
484 3
443 4
402 2
97 1
1931 1
57 1
403 2
98 3
759 2
485 3
444 7
170 5
486 1
171 1
130 7
1973 1
404 3
99 5
131 3
172 5
487 5
446 7
405 5
406 6
173 9
488 4
447 2
132 5
1661 1
133 4
174 4
489 2
448 3
407 4
1621 1
134 7
449 7
175 5
408 8
1663 1
176 4
409 4
135 3
1664 1
1390 1
177 2
1623 1
1938 3
136 6
1391 1
137 3
178 5
4507 1
179 5
138 13
1311 3
139 7
1627 1
1668 1
1312 1
1628 1
1395 2
1314 1
1355 1
1397 2
1315 2
1316 2
1398 1
1317 1
1358 1
1399 1
2931 1
2932 1
5582 1
2936 1
5232 1
2624 1
2351 1
2625 1
2667 1
2628 1
2396 1
2398 1
2083 1
2318 1
2044 1
2319 1
2049 1
2009 1
3623 1
3666 1
3627 1
831 2
873 1
7009 1
832 1
874 2
833 3
834 4
560 2
875 1
520 1
561 2
877 1
562 2
521 3
836 1
4931 1
4973 1
878 2
837 2
522 1
879 1
564 3
290 6
523 3
839 1
565 3
291 2
524 4
250 4
292 4
251 5
566 5
525 2
210 4
211 2
4662 1
567 2
293 8
4936 1
252 4
4622 1
4978 1
568 2
527 3
253 6
294 5
212 7
569 1
295 3
4979 1
528 3
254 5
213 4
529 1
1742 1
296 2
255 3
214 4
1743 1
1702 1
297 4
256 3
215 3
1744 1
1703 1
298 6
1470 1
257 5
216 3
1786 1
1430 1
299 5
258 3
1471 2
217 6
1787 1
1746 2
1472 1
218 4
259 5
1705 3
1431 2
1747 1
1473 1
1432 1
219 10
1433 1
1707 1
1434 1
1708 1
1161 2
1435 1
1120 1
1709 1
1162 1
1121 4
1163 1
1439 1
1125 1
1167 2
1168 1
4009 1
1128 1
1169 3
1129 2
5976 1
5937 1
2700 1
5664 1
2743 1
5393 1
5394 1
2745 1
1080 1
2746 1
5354 1
2787 1
5082 1
2474 1
1000 1
1083 1
5316 1
1001 1
1002 1
1043 1
2121 1
2436 1
2162 1
1086 1
1004 1
1046 1
2124 1
2439 1
1006 1
2165 4
5089 2
1007 1
2125 1
1008 1
2169 1
6627 1
3705 1
6081 1
6315 1
3436 1
6006 1
991 1
951 2
910 1
992 1
952 2
911 2
912 1
953 1
680 2
954 2
913 1
996 1
640 1
681 4
682 1
641 1
600 2
956 2
915 2
997 3
998 1
683 1
642 3
601 2
684 1
602 1
643 3
958 1
917 3
999 1
918 1
959 2
685 2
370 7
644 1
686 2
604 2
645 2
371 6
330 8
605 1
687 4
646 4
372 4
331 5
373 7
332 6
688 1
647 4
648 1
333 4
689 2
374 6
607 4
649 1
608 2
375 6
334 9
4745 1
609 1
335 5
376 7
336 8
377 7
1591 1
1824 1
337 6
378 5
379 4
1592 1
338 9
1826 1
1593 1
1511 1
339 2
1827 1
1828 1
1595 1
1869 2
1240 1
1281 1
1514 1
1556 2
1597 1
1200 2
1282 2
1241 1
1242 1
1557 1
1516 1
1517 1
1202 1
1286 1
1287 1
1246 1
1205 2
1247 1
1288 2
1207 2
1208 1
5741 1
2820 1
5703 1
2551 1
2512 1
2868 1
5122 1
5164 1
2283 1
2598 1
2558 1
2518 1
2203 2
2204 1
2286 2
2205 1
2206 1
2207 1
2248 1
6785 1
6744 1
6472 1
3591 1
6438 1
3204 1
3246 1
6129 1
720 1
761 1
762 1
721 1
763 2
722 2
490 2
723 2
764 2
724 1
491 4
450 5
725 2
492 3
451 5
410 5
411 1
493 2
65 2
452 6
767 1
453 2
494 4
412 4
727 2
768 3
67 1
769 1
1900 1
495 6
728 3
454 7
180 6
413 7
68 1
496 2
414 3
140 7
181 8
455 4
69 1
1902 1
100 4
456 5
182 7
415 2
141 5
1670 1
457 1
101 3
416 3
142 6
1903 1
4552 1
498 3
183 6
1630 1
499 5
458 5
184 10
417 4
143 8
102 5
1905 1
459 2
1631 1
103 5
185 10
418 6
144 3
1906 1
419 6
186 4
104 5
187 4
146 11
105 4
1948 3
1674 1
1360 1
188 4
106 6
147 6
1320 1
189 4
1909 1
148 8
107 4
149 3
108 9
109 4
1363 1
1322 2
1364 1
1638 2
4248 1
1367 1
1369 1
5590 1
2983 1
2984 1
5596 1
5599 1
2676 1
2323 1
2639 2
2092 1
2052 1
5209 1
2368 2
2327 1
2096 1
2017 1
3983 1
3947 1
3908 1
3634 1
3323 1
3326 1
880 2
840 1
881 2
882 3
841 3
842 1
883 1
801 4
884 1
843 1
803 1
570 1
886 1
530 1
804 2
846 1
805 1
532 3
806 2
573 3
848 1
807 1
533 2
534 1
849 1
575 2
260 5
809 2
261 4
576 2
220 3
535 2
1790 1
536 2
221 4
262 5
4947 1
578 2
263 6
537 3
222 3
1710 1
1751 1
264 5
223 3
538 2
4360 1
224 1
539 2
1711 1
265 2
1753 1
266 2
4676 1
1712 1
225 6
267 6
226 4
268 6
227 3
1441 1
1400 2
1715 1
1797 1
269 6
228 2
1798 1
1716 1
1757 2
1401 2
229 6
1442 1
1799 1
1717 1
1402 1
1170 1
1485 2
1759 1
1444 3
1171 2
1172 1
1446 1
1131 2
1132 1
1406 1
1133 1
1407 1
1448 2
1175 1
1408 1
1449 1
1135 2
1177 1
1137 1
1178 1
1138 2
1139 1
5906 1
5989 1
5675 1
5361 1
2481 1
2440 1
1090 1
2401 1
1050 1
1051 1
2799 1
5325 1
2444 1
5326 1
1093 1
5367 1
2170 1
5053 1
1053 1
2130 1
5369 1
1095 1
2446 1
1013 1
2488 1
1014 2
2133 1
2174 1
1056 1
5015 1
1016 1
2175 1
2134 1
1058 2
1018 2
2177 1
2138 2
3710 1
6360 1
6634 1
3481 1
3446 1
960 1
961 1
920 4
962 1
921 2
964 1
690 2
965 1
924 1
650 5
610 1
692 1
651 1
926 1
652 1
693 3
611 1
967 1
612 2
968 1
694 4
927 2
653 2
969 1
695 2
928 2
654 4
380 6
614 2
655 1
929 4
340 9
697 2
615 1
341 3
656 2
382 6
300 3
1870 2
301 2
342 8
698 2
657 5
383 7
616 1
617 3
658 2
343 9
384 3
302 3
1830 1
699 2
385 1
1872 1
303 2
344 5
618 3
4755 1
619 3
386 5
1832 1
304 7
345 9
387 5
346 5
1560 1
1834 1
306 1
347 7
388 5
4443 1
348 6
389 7
307 2
349 6
308 5
1522 1
309 5
1290 2
1565 1
4488 1
1250 2
1251 1
1566 1
1211 1
1567 1
4408 1
1293 1
1253 1
1294 1
1568 1
1527 1
1528 1
1295 1
1296 1
1255 1
1214 1
1256 2
1215 1
1216 1
1217 1
1299 1
1258 1
1218 1
1259 3
2873 1
5442 1
5757 1
2561 1
5758 1
5443 1
2838 1
2250 1
5448 1
2567 1
5408 1
2212 2
2296 1
2215 1
2297 1
2216 1
2217 1
6401 1
7565 1
3210 1
6176 1
3253 1
7529 1
771 3
70 1
731 3
772 2
732 1
71 1
773 2
774 2
73 1
775 2
734 2
460 4
74 2
776 2
461 2
420 5
736 1
1990 1
777 2
462 4
421 4
737 1
778 2
422 3
76 1
463 5
77 1
738 1
779 3
1992 1
423 3
1910 1
190 3
464 4
78 3
739 1
1952 1
191 6
424 7
150 8
110 8
79 3
466 3
1994 1
192 8
425 6
151 5
1954 1
1680 1
111 3
1913 1
152 6
426 4
467 4
193 2
194 6
468 4
153 6
427 2
112 6
113 10
428 4
154 7
1682 2
469 2
195 7
114 5
196 3
429 3
155 6
115 7
1643 1
197 4
156 3
1370 2
1685 1
1644 2
1959 1
198 6
1918 1
157 11
116 3
4526 1
1686 1
158 4
1919 1
117 8
1330 3
199 3
1331 1
159 7
1605 1
118 13
1688 1
119 8
1373 1
1648 1
1607 1
1374 3
1334 1
1335 1
1377 1
1378 1
1337 1
1379 1
1338 1
1339 1
5870 1
2991 1
2682 1
2957 1
2916 1
2958 1
5292 1
2918 1
2607 1
5215 1
2608 1
2649 1
2060 1
5217 1
2062 1
2336 1
2021 1
2337 1
2064 1
2338 1
2065 1
2027 1
3371 1
890 1
892 1
851 2
811 3
853 2
812 2
854 1
895 2
813 2
855 1
814 1
896 1
581 2
540 3
4910 1
856 1
582 2
541 4
500 5
583 2
501 2
542 1
857 2
543 1
502 2
584 2
858 1
270 2
585 3
859 1
503 4
819 1
230 3
586 3
271 2
504 5
505 1
272 3
546 2
231 2
587 3
273 4
4601 1
506 1
547 3
588 2
232 7
274 3
589 1
548 3
507 2
1761 3
233 6
234 1
4918 1
549 1
275 2
509 1
1763 1
276 4
235 7
236 1
1764 1
277 4
278 2
1724 1
1450 1
237 4
1492 1
1766 1
1451 2
1410 1
279 5
238 5
239 4
1411 1
1452 2
1726 1
4375 1
1727 1
1453 2
1412 1
1180 1
1728 1
1769 2
1181 1
1414 2
1415 1
1141 2
1416 1
1498 1
1142 1
1101 1
1183 2
1457 3
1143 2
1417 1
1144 1
1103 1
1419 1
1145 3
1105 1
1147 1
1106 2
1188 1
1107 1
1189 1
5990 1
1149 1
1109 1
5953 1
5995 2
5641 1
2492 1
2726 2
5375 1
2767 2
1061 1
1020 2
5021 1
1062 1
1021 1
2414 1
2181 2
5378 1
1022 1
1063 1
2456 1
2183 1
2101 1
2417 1
1066 1
2185 1
2419 1
5068 1
5027 1
1027 2
1069 1
2105 1
3760 1
6333 1
3726 1
3727 1
6067 1
970 1
971 1
930 2
931 2
972 2
973 1
932 2
974 2
933 1
660 1
661 2
976 1
620 1
621 1
662 1
936 1
978 1
663 3
622 2
937 1
390 4
623 3
664 1
624 2
939 1
665 3
391 7
350 8
310 3
625 1
392 1
351 4
393 2
352 3
311 6
667 2
626 3
627 2
394 7
668 5
353 4
312 8
628 2
669 3
1841 1
354 12
395 9
313 3
629 3
1842 1
396 6
355 8
314 9
1843 2
315 1
397 9
356 6
357 8
398 2
316 5
1804 1
358 3
317 1
1571 1
399 3
1572 1
1846 1
1531 1
1805 1
4180 1
359 4
318 6
319 1
1806 1
1573 1
1533 1
1807 1
1889 1
4415 1
1534 1
1849 2
4143 1
1220 1
4103 1
1264 2
1224 1
1265 1
1539 2
1225 1
1267 1
1226 2
1269 2
1228 1
5762 1
5721 1
2884 1
2803 1
5182 1
2260 1
5499 1
2535 1
2220 1
2221 1
5105 2
2223 1
2265 1
2266 1
