2621 1
2622 2
2623 3
2624 3
2625 5
2626 4
2627 2
2628 8
2629 1
3491 1
3492 3
3493 2
3494 3
3495 2
3496 1
3497 1
3498 3
3499 1
1300 16
1301 8
1302 14
1303 16
1304 22
1305 18
1306 23
1307 16
1308 20
1309 18
2170 9
3951 5
2171 10
3952 1
2172 6
3953 1
2173 12
3954 1
2174 7
3955 2
2175 17
3956 1
2176 9
3957 6
2177 16
3958 1
2178 10
3959 2
2179 7
2630 5
2631 6
2632 5
2633 4
2634 3
2635 3
2636 7
2637 6
2638 14
2639 3
6519 1
1310 22
1311 15
1312 14
1313 16
1314 15
1315 13
1316 14
1317 17
1318 12
1319 21
2180 16
2181 18
3961 6
3962 7
2182 6
2183 10
3963 6
3964 1
2184 9
2185 11
2186 10
3967 4
2187 7
3968 1
2188 11
3969 2
2189 12
2640 5
2641 8
2642 7
2643 9
2644 8
2645 9
2646 7
2647 8
400 1284
6523 1
2648 8
401 1235
2649 6
402 1293
403 1246
404 1234
405 1208
406 1233
407 1251
408 1174
409 1201
1320 18
1321 22
1322 16
1323 22
1324 17
1325 12
1326 13
5202 2
1327 14
1328 19
1329 15
3970 4
2190 10
3971 3
2191 15
2192 8
3972 3
2193 9
3974 3
2194 16
3975 3
2195 7
3976 1
2196 9
2197 12
3978 1
2198 9
2199 10
6075 1
2650 10
2651 4
2652 6
2653 12
2654 9
2655 11
2656 6
410 1183
2657 13
411 1096
2658 9
412 1166
2659 6
413 1158
414 1164
415 1105
416 1065
417 1046
418 1050
419 1049
1330 18
1331 15
1332 13
1333 19
1334 9
1335 14
1336 10
5212 1
1337 16
1338 12
1339 15
3980 1
3981 2
3982 2
3983 2
3984 1
3985 2
3986 1
3987 3
3988 1
3989 3
2660 13
2661 11
2662 12
2663 11
2664 8
2665 10
2666 11
2667 5
420 1053
421 1032
2668 8
422 1039
2669 11
423 1007
424 985
425 999
426 926
427 1002
428 929
429 907
1340 12
1341 13
1342 10
1343 11
1344 9
1345 13
1346 14
5222 2
1347 16
5223 1
1348 12
5224 1
1349 19
5229 1
3990 1
3991 3
3994 4
3995 2
3996 2
3997 1
3998 2
3999 1
1800 10
6099 1
1801 10
1802 13
1803 13
1804 10
1805 10
1806 6
1807 7
1808 5
1809 8
2670 10
2671 8
2672 6
2673 9
2674 10
2675 11
2676 16
2677 5
430 954
2678 12
431 847
2679 8
432 887
433 887
434 828
435 868
436 832
437 848
438 815
439 788
1350 13
1351 8
1352 11
1353 16
1354 19
1355 13
1356 9
1357 8
1358 20
1359 16
5236 1
5238 1
5239 1
1810 11
1811 7
1812 9
1813 11
1814 10
1815 12
1816 4
1817 3
1818 7
1819 10
2680 10
2681 9
2682 7
2683 9
2684 8
2685 10
2686 12
2687 10
440 808
2688 12
441 792
2689 11
442 766
443 809
444 786
445 789
446 695
6569 1
447 767
448 750
449 739
1360 10
1361 16
1362 13
1363 21
1364 16
1365 10
1366 9
1367 16
900 49
1368 8
901 67
1369 10
902 49
903 62
904 52
905 51
906 64
907 64
908 53
909 46
1820 8
1821 7
1822 9
1823 10
1824 10
1825 10
1826 16
5702 1
1827 6
1828 7
1829 13
2690 8
2691 11
2692 9
2693 8
2694 8
2695 8
2696 8
450 703
2697 10
451 696
2698 13
6574 1
2699 6
452 674
453 706
454 689
455 700
456 692
6579 1
457 642
458 663
459 649
1370 21
1371 18
1372 9
1373 14
1374 9
1375 13
1376 8
910 45
1377 15
1378 9
911 41
1379 17
912 41
913 40
914 47
915 45
916 43
5259 1
917 34
918 47
919 43
1830 10
1831 10
1832 9
1833 12
1834 6
1835 11
5711 1
1836 7
1837 4
1838 12
5714 1
1839 11
460 625
6582 1
461 645
462 622
463 590
464 633
465 603
466 572
467 583
468 592
469 546
1380 9
1381 9
1382 15
1383 11
1384 14
1385 16
1386 15
920 53
1387 16
921 38
1388 13
5264 2
922 38
1389 6
5265 1
923 38
924 44
925 52
926 45
927 39
928 37
929 39
1840 11
1841 7
1842 8
1843 12
1844 3
1845 10
1846 3
1847 7
1848 8
5724 1
1849 8
5726 1
5728 1
470 581
471 533
472 533
473 532
474 551
475 515
476 564
477 575
478 516
479 491
4400 3
4401 3
4402 1
4403 1
4404 2
4405 2
4406 2
4407 4
4408 2
1390 12
1391 20
1392 10
1393 9
1394 5
1395 6
1396 7
1397 12
930 29
931 46
1398 8
932 54
1399 8
933 37
934 48
935 32
936 39
937 47
938 29
939 32
1850 3
1851 7
1852 10
1853 5
1854 2
1855 10
5731 1
1856 7
1857 4
1858 7
1859 7
5736 1
5737 1
480 486
481 488
482 496
483 493
484 463
485 440
486 480
487 492
488 476
489 401
4410 1
4411 3
4412 2
4413 5
4414 1
4416 2
4418 3
4419 2
940 42
941 32
942 40
943 41
944 36
945 46
946 34
947 47
948 40
949 50
1860 8
1861 6
1862 12
1863 9
1864 7
1865 7
1866 8
1867 8
5743 1
1868 4
1869 5
490 437
491 398
492 403
493 424
494 384
495 411
496 430
497 417
498 426
499 349
4420 2
4421 2
4422 1
4423 2
4424 1
4425 2
4427 4
4428 2
4429 2
950 42
951 27
952 42
953 36
954 33
955 33
956 37
957 25
958 36
959 28
3100 2
3102 3
3103 4
3104 2
3107 2
1870 8
1871 2
1872 8
1873 5
1874 8
1875 4
1876 7
1877 9
1878 3
1879 7
4430 2
4431 1
4432 3
4433 2
4434 2
4435 3
4436 2
4437 2
4439 2
960 25
961 29
962 33
963 23
964 27
965 32
966 27
967 24
968 31
969 34
3110 1
3111 1
3114 3
3115 2
3116 2
3118 1
3119 5
1880 9
1881 6
1882 7
1883 7
1884 9
1885 5
1886 4
1887 6
1888 12
1889 6
5765 1
5767 1
4440 1
4441 1
4444 1
4446 4
4447 1
4448 2
970 27
971 29
972 34
973 29
974 25
975 33
976 26
977 26
978 33
979 32
3120 3
4903 1
4904 1
3124 2
3125 1
3128 3
4909 1
1890 7
1891 11
1892 7
1893 3
1894 6
1895 7
1896 6
1897 6
1898 4
1899 9
4451 1
4453 1
4454 1
4455 2
4456 2
4457 3
4458 1
980 41
981 27
982 28
983 21
984 23
985 18
986 31
987 26
988 32
989 27
3130 1
3131 3
3132 1
3133 3
3134 2
3135 1
4915 1
4916 1
3137 4
3138 4
3139 6
4460 4
4461 2
4465 1
4466 5
4467 2
990 28
991 32
992 33
993 21
994 29
995 17
996 33
997 23
998 23
999 29
4920 1
3140 3
3141 3
4921 1
3142 8
4922 1
3143 6
4924 2
3144 2
3145 6
4925 1
3146 3
4927 1
3147 3
3148 5
4929 1
3149 2
3600 1
3601 1
3603 1
3604 1
3607 1
3608 1
4470 2
4471 2
4472 1
4473 1
4474 1
4475 1
4476 1
4477 2
4478 1
4479 1
3150 8
3151 13
3152 9
3153 7
3154 6
3155 3
4936 2
3156 7
4937 3
3157 3
4938 1
3158 13
4939 1
3159 4
3616 1
3617 3
3619 1
4480 1
4481 1
4482 1
4484 1
4485 1
4486 1
4488 1
3160 5
3161 13
4942 1
3162 4
3163 6
4943 1
3164 8
3165 9
3166 5
3167 6
3168 8
3169 5
3620 1
3625 1
3626 1
4490 2
4492 1
4494 2
4495 2
4496 4
4497 1
4498 1
4499 1
2300 11
2301 7
2302 4
2303 6
2304 6
2305 10
2306 6
2307 7
2308 10
2309 6
3170 9
3171 7
4951 1
3172 13
3173 5
3174 10
3175 9
3176 11
3177 10
3178 7
4959 1
3179 7
3630 1
3632 2
3635 2
3636 4
3637 1
3638 1
3639 2
2310 10
2311 6
2312 7
2313 5
2314 6
2315 12
2316 5
2317 9
2318 4
2319 7
4960 1
3180 5
3181 15
4962 1
3182 7
3183 11
4963 2
4964 1
3184 14
3185 7
3186 7
4967 1
3187 9
4968 1
3188 7
3189 3
3640 1
3641 1
3642 1
3643 6
3644 1
3645 1
3646 1
3647 1
3648 3
3649 2
2320 12
2321 7
2322 3
2323 2
2324 4
2325 7
2326 12
2327 10
2328 4
2329 4
3190 11
3191 7
4972 1
3192 2
4973 1
3193 8
3194 12
3195 7
3196 6
3197 13
4978 1
3198 8
3199 17
3650 2
3651 2
3652 1
3653 4
3654 3
3655 2
3656 2
3657 2
3658 4
3659 5
2330 7
2331 10
2332 5
2333 4
2334 7
2335 1
2336 6
2337 6
2338 7
6214 1
2339 9
4983 1
4984 1
4985 1
1000 30
1001 23
1002 28
-128 1
1003 28
1004 19
1005 24
1006 22
1007 20
1008 25
1009 31
3660 5
3661 3
3662 4
3663 7
3664 3
3665 8
3666 3
3667 3
3668 5
3669 10
2340 1
2341 8
2342 4
2343 6
2344 8
2345 7
2346 5
2347 3
100 3906
101 3950
2348 6
2349 6
102 4019
103 4074
104 4138
105 3998
106 4075
6229 1
107 4044
108 4110
109 4118
1010 24
4997 2
1011 24
1012 22
4999 1
1013 23
1014 17
1015 18
1016 29
2800 6
1017 18
1018 19
2801 5
2802 2
1019 19
2803 7
2804 5
2805 5
2806 4
2807 7
2808 6
2809 1
3670 3
3671 3
3672 2
3673 5
3674 4
3675 9
3676 3
3677 5
3678 4
3679 5
2350 5
2351 8
2352 11
2353 4
2354 2
2355 2
2356 8
110 4064
2357 5
111 3989
2358 6
2359 9
112 4180
113 4099
114 4045
6236 1
115 4143
116 4091
117 4133
118 4153
119 4067
1020 20
1021 29
1022 18
1023 12
1024 21
1025 25
1026 24
1027 28
2810 5
1028 25
2811 3
1029 17
2812 8
2813 6
2814 4
2815 5
2816 4
2817 7
2818 11
2819 3
3680 6
3681 9
3682 5
3683 9
3684 3
3685 8
3686 8
3687 3
3688 11
3689 7
2360 2
2361 3
2362 1
2363 10
2364 5
2365 3
6241 1
2366 7
2367 6
120 4181
2368 5
121 4152
2369 3
122 4172
123 4070
124 4133
125 4064
126 4121
127 4153
128 4046
129 4152
1030 16
1031 24
1032 14
1033 16
1034 16
1035 13
1036 23
2820 4
1037 18
2821 4
1038 11
2822 7
1039 20
2823 3
2824 4
2825 5
2826 6
2827 7
2828 4
2829 7
3690 8
3691 4
3692 5
3693 11
3694 3
3695 4
3696 8
3697 13
3698 10
3699 7
1500 8
1501 9
1502 6
1503 8
1504 10
1505 10
1506 3
1507 4
1508 8
1509 4
2370 10
2371 6
2372 6
2373 5
2374 11
2375 4
2376 5
2377 7
130 4034
2378 3
131 4095
2379 4
132 4018
6255 1
133 4027
134 4056
135 4038
136 3907
137 3895
138 4029
139 3949
1040 25
1041 24
1042 19
1043 18
1044 19
1045 15
1046 25
2830 4
1047 22
2831 4
1048 18
2832 5
1049 26
2833 6
2834 5
2835 2
2836 8
2837 3
6713 1
2838 3
2839 6
6718 1
1510 12
1511 9
1512 5
1513 6
1514 5
1515 6
1516 6
1517 3
1518 9
1519 7
2380 7
2381 3
2382 7
2383 7
2384 1
2385 4
2386 6
2387 10
140 3905
2388 3
141 3819
142 3976
2389 6
143 3848
144 3956
145 3808
146 3819
6269 1
147 3839
148 3839
149 3860
1050 18
1051 13
1052 21
1053 22
1054 16
1055 14
1056 19
2840 5
1057 29
1058 21
2841 5
2842 3
1059 17
2843 4
2844 8
2845 7
2846 8
600 213
2848 7
601 198
602 250
603 242
604 228
605 206
6728 1
606 225
607 215
608 225
609 233
1520 7
1521 8
1522 3
1523 1
1524 5
1525 9
1526 4
1527 3
1528 10
1529 4
5408 1
2390 7
2391 4
2392 4
2393 4
2394 1
2395 3
2396 3
2397 3
150 3742
6273 1
151 3752
2398 7
2399 5
152 3756
153 3714
154 3703
6277 1
155 3662
6278 1
156 3650
157 3736
158 3616
159 3714
1060 10
1061 16
1062 22
1063 22
1064 14
1065 25
1066 15
1067 27
2850 5
1068 12
2851 5
1069 12
2852 5
2853 1
2854 6
2855 4
2856 4
2857 5
610 207
611 219
2858 6
2859 4
612 238
6735 1
613 253
614 198
615 217
616 251
6739 1
617 236
618 222
619 214
1530 3
1531 5
1532 4
1533 7
1535 6
1536 7
1537 3
1538 4
1539 6
6282 1
160 3566
161 3724
162 3760
163 3642
164 3687
165 3571
166 3582
167 3563
168 3574
169 3496
1070 17
1071 24
1072 22
1073 26
1074 17
1075 17
1076 26
2860 4
1077 16
1078 15
2861 4
2862 5
1079 21
2863 6
2864 5
2865 4
2866 1
620 218
2867 3
621 260
2868 8
2869 6
622 253
623 222
6746 1
624 230
625 233
626 216
627 195
628 211
629 224
1540 10
1541 5
1542 7
1543 4
1544 8
1545 8
1546 9
1547 6
1548 7
1549 2
5428 2
170 3446
171 3479
6294 1
172 3490
173 3538
174 3523
175 3512
176 3415
177 3480
178 3429
179 3406
4101 2
4102 1
1080 26
4104 1
1081 30
4105 2
1082 25
1083 30
4107 3
1084 33
4108 1
1085 20
4109 2
1086 19
2870 7
1087 22
2871 5
1088 22
2872 4
1089 17
2873 5
2874 8
2875 6
2876 8
2877 13
630 200
2878 5
631 213
2879 5
632 184
633 200
634 190
635 240
636 198
637 234
638 229
639 195
1550 2
1551 7
1552 3
1553 7
1554 5
1555 8
5431 1
1556 2
1557 6
1558 2
5433 1
1559 9
180 3473
181 3514
182 3420
183 3391
184 3502
185 3246
186 3327
187 3386
188 3369
189 3227
4110 1
4111 1
4113 2
1090 24
1091 30
1092 27
4115 1
1093 28
4116 1
1094 18
1095 27
1096 21
2880 5
1097 22
2881 4
1098 25
2882 4
1099 29
2883 5
2884 2
2885 3
2886 4
2887 3
640 205
2888 4
641 211
2889 4
642 202
643 161
644 199
645 177
646 197
647 201
648 192
649 182
1560 8
1561 5
1562 3
1563 3
1564 7
1565 2
1566 7
5442 1
1567 6
1568 2
1569 3
5448 1
190 3345
191 3333
192 3347
193 3374
194 3312
195 3479
196 3264
197 3249
198 3332
199 3369
4120 1
4122 1
5903 1
4123 1
4124 1
4125 3
4126 1
2890 3
2891 1
2892 7
2893 3
2894 13
2895 3
2896 4
650 205
2897 4
6773 1
651 174
2898 6
2899 4
652 198
653 177
654 190
655 171
656 195
657 177
658 205
659 178
1570 1
1571 3
1572 7
1573 2
1574 5
1575 5
1576 4
1577 4
1578 5
1579 3
4132 2
4134 1
4135 1
4138 3
660 169
661 155
662 172
663 164
664 191
665 176
666 158
6789 1
667 166
668 183
669 180
1580 3
1581 5
1582 3
1583 3
1584 6
1585 7
1586 4
1587 5
1588 7
5464 1
1589 5
5467 1
4145 1
4146 1
5927 1
4147 2
4148 1
4149 1
670 159
671 169
672 189
6795 1
673 164
6796 1
674 168
675 159
676 160
677 169
678 145
679 163
4600 2
4601 1
4604 1
4606 1
4607 1
4608 1
1590 12
1591 7
1592 9
1593 4
1594 10
1595 5
1596 9
1597 10
1598 5
1599 7
5474 1
4151 1
4154 3
4155 2
4156 1
4157 2
4158 4
4159 2
680 137
681 171
682 171
683 145
684 160
685 164
686 163
687 143
688 158
689 167
4611 2
4613 1
4617 1
5480 1
5941 1
4161 1
4162 2
4164 2
4165 2
4166 1
4167 4
4168 5
4169 3
690 139
691 140
692 161
693 146
694 136
695 147
696 143
697 145
698 153
699 147
4621 1
4623 1
4625 1
4629 1
3300 2
3301 4
3302 6
3303 2
3304 6
3305 4
3306 3
3307 3
3309 3
4170 4
4171 1
4172 3
4173 5
4174 2
4175 3
4176 3
4177 1
4178 3
4631 1
4636 1
3310 5
3311 9
3312 5
3313 8
3314 4
3315 5
3316 9
3317 4
3318 1
3319 2
4180 4
4181 3
4182 2
4183 4
4184 2
4185 5
4186 3
4187 2
4188 6
4189 2
4641 1
4644 1
4645 1
4647 2
4648 1
3320 2
3321 2
3322 4
3323 4
3324 3
3325 3
3326 9
3327 7
3328 4
3329 7
4190 5
4191 5
4192 2
5973 2
4193 1
4194 7
4195 3
4196 5
4197 5
4198 2
4199 3
2000 4
2001 3
2002 1
2003 3
2004 2
2005 3
2006 1
2008 2
2009 4
3330 6
3331 7
3332 2
3333 3
3334 6
3335 9
3336 5
3337 4
3338 5
3339 6
5984 1
2010 3
2011 4
2012 2
2013 4
2014 5
2015 1
2016 6
2017 2
2018 5
2019 1
4660 1
4666 1
4667 1
3340 8
3341 2
3342 3
3343 6
3344 3
3345 5
3346 3
3347 4
3348 5
3349 5
2020 1
3800 4
2021 3
3801 5
2022 2
3802 4
2023 1
3803 3
2024 2
3804 2
2025 3
3805 3
2026 5
3806 3
2027 1
3807 6
2028 5
3808 2
2029 2
3809 8
4674 2
4676 1
4679 2
3350 3
3351 3
3352 3
3353 5
3355 3
3356 6
3357 2
3358 5
3359 5
2030 1
3810 7
2031 2
3811 7
2032 2
3812 7
3813 1
2033 5
3814 5
3815 9
2035 4
3816 3
2036 4
3817 6
2037 2
2038 1
3818 1
3819 5
2039 6
4682 1
4684 1
4685 1
4687 1
4688 2
4689 2
3360 4
3361 7
3362 4
3363 3
3364 5
3365 4
3366 6
3367 3
3368 4
3369 2
3820 3
2040 6
3821 2
3822 6
3823 3
2043 4
2044 4
3824 4
2045 2
3825 3
3826 5
2047 3
3827 7
3828 6
2048 3
3829 1
2049 1
4691 1
4693 2
4695 3
4696 3
4697 1
4698 2
4699 2
2500 5
2501 2
2502 4
2503 1
2504 4
2506 2
2507 3
2508 5
3370 4
3371 1
3372 2
3373 5
3374 6
3375 3
3376 4
3377 6
3378 5
3379 4
2050 1
3830 11
3831 2
2052 1
3832 4
3833 4
2053 6
3834 5
2054 3
2055 2
3835 7
2056 2
3836 8
2057 2
3837 4
3838 1
2058 2
2059 3
3839 3
2510 3
2511 1
2512 3
2513 3
2514 2
2515 1
2516 2
2519 1
3380 6
3381 2
3382 6
3383 1
3384 7
3385 4
3386 2
3387 4
3388 6
3389 3
2060 3
3840 10
2061 3
3841 5
2062 4
3842 3
3843 2
2063 4
2064 2
3844 4
2065 1
3845 7
3846 6
2067 3
3847 6
2068 3
3848 4
2069 3
3849 3
2520 2
2521 2
2524 3
2525 1
2527 3
2529 3
3390 4
3391 3
3392 3
3393 4
3394 1
3395 7
3396 4
3397 4
3398 3
3399 4
1200 31
1201 23
1202 21
1203 24
1204 28
1205 22
1206 19
1207 31
1208 21
1209 17
3850 6
2070 4
2071 1
3851 4
3852 3
2072 5
2073 3
3853 4
2074 2
3854 4
2075 3
3855 6
2076 2
3856 4
3857 2
2077 3
2078 3
3858 3
2079 3
3859 3
2530 3
2531 4
2532 2
2533 1
2534 3
2535 1
2536 2
2538 1
2539 2
6419 1
1210 30
1211 22
1212 20
1213 16
1214 19
1215 21
1216 21
1217 15
1218 25
1219 24
2080 3
3860 3
2081 2
3861 3
3862 4
2082 3
3863 2
3864 2
2084 2
2085 3
3865 5
3866 4
2086 1
2087 2
3867 4
2088 1
3868 3
2089 5
3869 2
2540 1
2541 2
2543 3
2544 2
2545 2
6420 1
6421 1
2547 2
300 2979
2548 4
301 3009
302 2987
303 2918
304 2942
305 2943
6428 1
306 2912
307 2902
308 2917
309 2881
1220 24
1221 22
1222 18
1223 21
1224 22
1225 22
1226 24
1227 13
1228 21
5104 1
1229 15
5105 1
5107 1
3870 7
2091 3
3871 5
3872 1
2092 1
2093 1
3873 3
3874 3
2094 1
3875 3
2095 2
2096 2
3876 6
2097 1
3877 2
2098 4
3878 3
2099 6
3879 2
2550 2
2551 1
2553 1
2554 5
2555 3
310 2942
2557 2
311 2935
2559 1
6434 2
312 2851
313 2789
314 2827
315 2771
316 2773
317 2776
318 2779
319 2675
1230 22
1231 19
1232 25
1233 27
1234 18
5110 1
1235 17
1236 14
1237 20
1238 21
1239 18
3880 2
3881 7
3882 3
3883 6
3886 6
3887 5
3888 2
3889 3
2561 1
2562 5
2563 4
2564 2
2565 2
2566 1
2567 2
320 2585
321 2569
2569 1
322 2632
323 2640
324 2689
325 2512
326 2683
327 2604
328 2606
329 2598
1240 18
1241 15
1242 19
1243 18
1244 22
1245 13
1246 13
1247 27
1248 30
1249 20
3890 2
3891 1
3892 4
3893 1
3894 8
3895 2
3897 4
3898 6
3899 4
1700 16
1701 14
1702 10
1703 17
1704 12
1705 3
1706 13
1707 20
1708 6
1709 15
2570 1
2572 2
2573 1
2575 1
2577 2
330 2497
2578 2
6453 1
331 2604
2579 1
332 2473
333 2515
334 2453
335 2481
336 2409
337 2405
338 2365
339 2277
1250 13
1251 12
1252 13
1253 21
22 1
1254 22
1255 16
5131 1
1256 13
1257 15
25 1
1258 23
1259 15
1710 13
1711 9
1712 14
1713 9
1714 14
1715 12
1716 13
1717 16
1718 12
1719 10
2580 1
2583 1
6460 1
2587 3
340 2435
341 2479
342 2319
343 2335
344 2332
345 2282
346 2261
347 2198
348 2167
349 2162
1260 17
1261 10
1262 13
31 1
1263 12
1264 17
33 1
1265 16
34 1
1266 19
1267 20
800 87
36 5
1268 15
801 91
5144 1
1269 17
37 7
802 89
38 11
803 88
39 27
804 90
805 103
806 96
807 97
808 88
809 89
1720 11
1721 13
1722 11
1723 8
1724 5
1725 14
1726 16
5602 1
1727 12
1728 9
1729 5
2591 1
2592 1
2593 2
2594 1
2595 2
2597 1
350 2136
2598 3
351 2136
2599 1
352 2231
353 2153
354 2146
355 2153
356 2097
357 2060
358 2036
359 1956
1270 15
1271 8
1272 18
40 49
1273 16
41 83
1274 17
42 123
1275 14
43 167
1276 31
44 260
810 88
1277 17
45 375
811 83
1278 14
46 503
812 79
1279 15
47 611
5155 1
813 81
48 818
814 102
49 962
815 70
816 103
817 75
818 70
819 70
1730 11
1731 10
1732 10
1733 13
1734 9
1735 11
1736 10
1737 15
1738 11
1739 8
360 1947
361 1986
362 1896
363 1944
364 1918
365 1886
366 1895
367 1841
368 1904
369 1804
1280 22
1281 12
1282 19
50 1190
1283 20
51 1268
1284 25
52 1362
1285 24
53 1550
1286 14
54 1688
1287 15
55 1816
820 77
1288 16
56 2046
821 84
1289 18
57 2153
822 83
58 2308
823 80
59 2376
824 81
825 82
826 87
827 96
828 95
829 84
1740 12
1741 7
1742 16
1743 7
1744 10
5620 1
1745 14
1746 7
1747 9
1748 8
1749 12
370 1783
371 1824
372 1819
373 1758
374 1786
375 1734
376 1688
377 1623
378 1761
379 1665
4300 4
4302 1
4303 4
4304 2
4305 1
4306 5
4307 2
4308 3
4309 3
1290 17
1291 15
1292 21
60 2532
1293 21
61 2457
1294 22
62 2507
5170 1
1295 15
63 2491
1296 19
64 2541
1297 9
65 2688
830 90
1298 13
66 2487
831 98
1299 10
67 2498
832 101
68 2458
833 79
69 2470
834 82
835 81
836 64
837 83
838 75
839 73
1750 20
1751 17
1752 9
1753 8
1754 11
1755 7
1756 12
1757 10
1758 10
1759 13
5637 1
5638 1
380 1683
381 1549
382 1619
383 1644
384 1523
385 1547
386 1542
387 1488
388 1518
389 1444
4310 1
4311 3
4312 6
4313 3
4314 4
4315 3
4316 1
4317 1
4318 1
4319 5
70 2603
71 2496
72 2551
73 2609
5181 1
74 2676
75 2699
840 79
76 2768
841 88
77 2734
842 88
78 2896
843 79
79 2800
844 86
845 76
846 68
847 76
848 76
849 77
1760 5
1761 13
1762 9
1763 9
1764 7
1765 13
1766 9
1767 14
1768 11
1769 15
390 1512
391 1434
392 1431
393 1402
394 1354
395 1383
396 1372
397 1389
398 1334
399 1315
4320 4
4321 2
4323 3
4324 3
4325 2
4326 2
4328 3
4329 3
80 2994
81 3135
82 3057
83 3171
84 3110
850 75
85 3222
851 74
86 3346
852 65
87 3382
853 79
88 3475
5196 1
854 87
89 3402
855 62
856 87
857 79
858 66
859 72
3000 2
3002 3
3003 2
3004 2
3005 2
3006 2
3007 3
3008 1
3009 1
1770 16
1771 11
1772 14
1773 4
1774 10
1775 15
1776 11
1777 9
1778 10
1779 9
4330 2
4331 1
4332 1
4333 2
4334 3
4335 2
4337 1
4338 1
4339 4
90 3479
91 3434
92 3591
93 3593
94 3691
95 3698
860 75
96 3784
861 62
97 3786
862 68
98 3860
863 48
99 3908
864 65
865 75
866 61
867 60
868 57
869 51
3010 3
3012 2
3013 1
3014 4
3015 4
3016 1
3017 1
3019 4
1780 9
1781 11
1782 11
1783 12
1784 14
1785 16
1786 12
1787 13
1788 11
1789 8
4340 1
4341 4
4342 5
4343 1
4344 3
4345 3
4346 3
4347 1
4348 3
4349 2
870 50
871 64
872 64
873 70
874 62
875 74
876 74
877 61
878 56
879 63
3020 3
3021 1
4801 1
4802 2
3022 4
4803 2
3024 1
4805 1
3025 4
4806 1
3026 1
3027 2
4808 1
3028 2
3029 1
1790 15
1791 12
1792 9
1793 10
1794 12
1795 10
1796 7
1797 10
1798 7
1799 13
5677 1
4350 3
4351 2
4353 2
4354 1
4355 3
4356 2
4357 1
4359 2
880 51
881 50
882 71
883 65
884 54
885 83
886 64
887 52
888 65
889 53
3030 1
4811 2
3032 1
4813 1
3033 2
4814 2
3034 5
4815 2
3036 2
4816 2
4817 3
3037 2
3038 2
3039 2
4819 1
4360 2
4361 3
4362 2
4363 2
4364 2
4365 1
4366 3
4367 1
4369 5
890 59
891 58
892 67
893 50
894 61
895 50
896 57
897 48
898 53
899 48
3040 5
3041 1
3042 2
4823 1
3043 2
3044 2
3045 1
4825 3
4826 2
3046 2
3047 1
4827 2
4828 1
3048 3
5690 1
5694 1
3500 3
3501 2
3502 2
3503 2
3504 2
3505 1
3506 5
3507 1
3508 1
3509 3
4370 2
4372 1
4373 1
4374 2
4375 3
4376 3
4377 1
4378 3
4379 1
3050 3
4830 3
3051 3
3052 1
4833 1
3053 3
3054 1
3055 1
4836 1
3057 3
4837 1
3058 2
3059 3
3513 2
3514 4
3515 2
3517 1
3518 2
3519 1
4380 4
4382 3
4383 3
4384 4
4385 2
4386 3
4387 1
4840 1
3060 3
3062 1
3063 3
3064 1
4845 1
4846 1
3067 1
3068 1
4848 1
3069 1
4849 1
3520 1
3522 1
3523 1
3524 1
3525 3
3526 1
3527 1
3529 2
4390 2
4391 1
4393 3
4394 1
4395 4
4396 2
4397 2
4398 3
4399 5
2200 11
2201 10
2202 13
2203 13
2204 6
2205 12
2206 8
2207 13
2208 14
2209 9
4850 1
3071 2
3072 1
4852 1
3073 1
4853 1
4854 2
3075 4
4855 2
3078 1
4859 1
3530 1
3531 3
3532 1
3533 1
3535 1
3536 2
3539 1
2210 9
2211 9
2212 8
2213 14
2214 5
2215 14
2216 8
2217 16
2218 7
2219 16
3080 2
4860 1
4861 1
3082 2
4863 2
3084 1
4864 1
3085 1
4869 1
3089 2
3540 1
3541 2
3542 2
3544 2
3545 2
3546 1
3549 1
2220 17
2221 18
2222 11
2223 13
2224 7
2225 6
2226 11
2227 8
2228 10
2229 7
3090 2
3092 1
3093 3
3094 1
3095 1
3097 1
3098 1
3551 2
3553 2
3555 2
3556 1
3557 1
2230 10
2231 12
2232 13
2233 7
2234 12
2235 15
2236 8
2237 6
2238 13
2239 11
4882 1
4883 1
4886 1
4889 2
3560 1
3562 1
3563 1
3564 1
3567 1
3568 2
2240 4
2241 9
2242 7
2243 8
2244 5
2245 11
2246 9
2247 3
2248 3
2249 10
4891 2
4894 1
4895 2
4898 1
2700 7
2701 7
2702 11
2703 18
2704 4
2705 12
2706 10
2707 10
2708 8
2709 9
3570 2
3571 1
3572 1
3576 2
3578 2
3579 1
2250 8
2251 6
2252 8
2253 9
2254 6
2255 8
2256 3
2257 10
2258 12
2259 9
2710 11
2711 12
2712 9
2713 7
2714 12
2715 12
2716 5
2717 5
2718 5
2719 14
3580 1
3581 1
3584 1
3585 2
3588 1
3589 1
2260 6
2261 10
2263 5
2264 9
2265 11
2266 6
2267 6
2268 15
2269 7
2720 12
2721 4
2722 2
2723 4
2724 4
2725 4
2726 5
2727 7
2728 5
2729 4
3591 1
3592 2
3594 2
3595 2
3596 1
3597 1
3598 1
1400 5
1401 13
1402 10
1403 9
1404 13
1405 11
1406 11
1407 8
1408 7
1409 8
2270 8
2271 4
2272 13
2273 7
2274 11
2275 6
6151 1
2276 8
2277 7
2278 9
2279 6
2730 6
2731 8
2732 9
2733 10
2734 5
2735 7
2736 9
2737 15
2738 4
2739 8
1410 16
1411 10
1412 3
1413 6
1414 18
1415 12
1416 13
1417 10
1418 10
1419 8
2280 3
2281 9
2282 6
2283 7
2284 5
2285 8
2286 4
2287 9
2288 8
2289 11
2740 7
2741 8
2742 8
2743 10
2744 6
2745 6
2746 6
500 388
2747 9
501 381
2748 6
502 389
2749 8
503 413
504 375
505 394
506 370
507 364
508 369
509 371
1420 12
1421 11
1422 12
1423 7
1424 9
1425 10
1426 3
1427 13
1428 7
1429 1
5308 1
2290 7
2291 11
2292 4
2293 9
2294 6
2295 3
2296 9
2297 6
2298 10
2299 9
2750 9
2751 8
2752 13
2753 5
2754 9
2755 12
2756 9
2757 8
510 368
2758 8
511 342
2759 11
512 351
513 325
514 352
515 330
516 316
517 321
518 320
519 337
1430 9
1431 9
1432 10
1433 8
1434 8
5310 2
1435 2
1436 7
1437 10
1438 11
1439 9
6184 1
2760 5
2761 11
2762 7
2763 9
2764 1
6640 1
2765 9
2766 7
2767 6
520 324
2768 8
521 297
2769 6
522 291
523 289
524 297
525 310
526 269
527 288
528 275
529 272
1440 13
1441 6
1442 8
1443 12
1444 6
1445 5
1446 6
1447 6
1448 7
1449 12
5329 1
1900 8
1901 7
1902 5
1903 7
1904 7
4000 1
1905 5
4001 2
1906 2
4002 1
1907 2
1908 5
4003 2
1909 5
4005 1
4007 3
4008 3
4009 2
2770 12
2771 7
2772 3
2773 8
2774 5
2775 5
2776 6
530 299
2777 8
2778 5
531 247
532 275
2779 4
533 280
534 252
535 273
536 259
537 253
538 258
539 249
1450 7
1451 6
1452 5
1453 9
1454 8
1455 4
1456 11
1457 4
1458 6
1459 4
5335 2
5336 1
5339 1
1910 5
1911 3
1912 4
1913 2
1914 3
4010 2
1915 3
4011 2
1916 7
1917 6
4012 2
4013 1
1918 3
4014 2
1919 1
4015 2
4016 1
4017 4
4018 1
4019 3
2780 10
2781 6
2782 5
2783 6
2784 5
2785 5
2786 7
2787 3
540 247
541 241
2788 6
542 262
2789 10
543 253
544 242
545 261
546 225
6669 1
547 236
548 226
549 237
1460 12
1461 9
1462 8
1463 12
1464 7
1465 9
1466 6
5342 1
1467 15
1468 4
1469 4
1920 6
1921 5
1922 3
1923 3
1924 4
4020 1
1925 5
1926 2
1927 2
4022 2
4023 1
1928 5
4024 2
1929 6
4026 5
4027 2
5807 1
4029 1
2790 5
2791 4
2792 6
2793 8
2794 6
2795 4
2796 7
2797 10
550 222
2798 6
551 203
2799 6
552 200
553 203
554 225
555 194
556 217
557 210
558 203
559 198
1470 12
1471 3
1472 7
1473 6
1474 6
1475 6
1476 8
1477 6
1478 6
1479 11
5356 2
5359 1
1930 3
1931 1
1932 3
1933 4
1934 5
1935 1
4030 3
4031 1
1936 3
4032 1
5812 1
1937 1
5813 1
4033 2
1938 4
4034 1
1939 1
4035 1
4036 1
4038 1
4039 2
560 195
561 234
562 191
563 212
6686 1
564 216
565 220
566 202
567 222
568 203
569 222
1480 9
1481 8
1482 5
1483 10
1484 3
1485 8
1486 4
1487 7
1488 5
5364 1
1489 12
5366 1
5367 1
1940 4
1941 7
1942 3
1943 3
1944 1
4040 2
1945 2
5821 1
4041 1
1946 7
4042 1
1947 4
4043 1
1948 5
1949 6
4046 2
4048 2
4049 1
570 205
571 191
572 196
573 234
574 202
575 190
576 187
577 223
578 212
579 206
4500 1
4502 1
4503 1
4504 1
4508 2
4509 1
1490 6
1491 7
1492 5
1493 8
1494 11
1495 7
1496 7
1497 4
1498 7
1499 4
5375 1
1950 1
1951 9
1952 5
1953 4
1954 2
1955 3
4050 1
1956 3
4051 2
1957 5
4052 1
4053 1
1959 8
4055 1
4056 1
4057 3
4058 1
580 197
581 208
582 204
583 208
584 215
585 208
586 233
587 219
588 235
589 218
4510 1
4511 1
4514 3
4516 2
4517 2
4519 1
5382 1
1960 1
1961 2
1962 6
1963 2
1964 4
4060 1
1965 3
1966 5
1967 3
4063 1
1968 3
1969 2
4064 3
4065 1
4066 2
4069 1
590 221
591 196
592 205
593 216
594 188
595 260
596 214
597 210
598 220
599 222
4520 2
4521 2
4524 1
4525 1
4528 1
4529 2
3200 11
3201 7
3202 5
3203 2
3204 14
3205 11
3206 9
3207 16
3208 8
3209 7
1970 1
1971 4
1972 2
1973 3
1974 3
1975 1
1976 2
4071 1
1977 3
4073 2
1978 1
4074 1
1979 4
4076 2
4077 2
4079 1
4530 1
4534 1
4535 2
4538 1
3210 6
3211 11
3212 12
3213 5
3214 7
3215 6
3216 11
3217 6
3218 13
3219 6
1980 7
1981 3
1983 3
1984 4
4080 2
1985 3
4081 2
1986 2
5862 1
4082 1
1987 4
4083 1
1988 4
1989 4
4084 2
4085 1
4088 1
5869 1
4089 2
4540 1
4541 3
4543 1
4544 3
4549 2
3220 12
3221 13
3222 9
3223 11
3224 7
3225 10
3226 9
3227 11
3228 9
3229 12
1990 4
1991 2
1992 2
1993 3
1994 3
1995 5
1996 2
1997 5
1998 2
4093 5
4094 1
1999 2
4097 3
4099 1
4550 2
4552 2
4554 2
4557 1
4558 1
3230 5
3231 9
3232 7
3233 5
3234 5
3235 8
3236 8
3237 9
3238 7
3239 5
5889 1
4561 2
4563 1
4564 2
4566 2
4568 2
3240 8
3241 16
3242 5
3243 9
3244 7
3245 9
3246 3
3247 9
3248 1
3249 5
7137 1
3700 7
3701 6
3702 8
3703 6
3704 13
3705 8
3706 5
3707 10
3708 2
3709 10
4571 1
4574 1
4575 2
4578 3
4579 1
3250 8
3251 6
3252 8
3253 3
3254 6
3255 10
3256 7
3257 5
3258 6
3259 4
3710 8
3711 4
3712 4
3713 3
3714 5
3715 10
3716 5
3717 3
3718 6
3719 4
4580 1
4581 1
4583 1
4584 2
4589 1
3260 7
3261 4
3262 6
3263 3
3264 6
3265 6
3266 10
3267 8
3268 9
3269 3
3720 7
3721 5
3722 6
3723 8
3724 6
3725 3
3726 5
3727 2
3728 8
3729 3
4590 2
2400 1
2401 5
2402 3
2403 6
2404 5
2405 8
2406 3
2407 3
2408 5
2409 2
3270 4
3271 4
3272 5
3273 2
3274 3
3275 5
3276 7
3277 3
3278 7
3279 5
3730 4
3731 3
3732 9
3733 1
3734 6
3735 6
3736 6
3737 3
3738 3
3739 5
-17 1
2410 3
2411 3
2413 6
2414 2
2415 5
2416 5
2417 6
2418 5
2419 2
3280 2
3281 4
3282 2
3283 1
3284 6
3285 6
3286 4
3287 8
3288 5
3289 3
3740 3
3741 7
3742 5
3743 7
3744 7
3745 2
3746 8
3747 5
3748 6
3749 3
2420 5
2421 4
2422 3
2423 6
2424 2
2425 4
2426 2
2428 2
2429 1
6305 1
3290 6
3291 4
3292 18
3293 7
3294 3
3295 4
3296 9
3297 7
3298 5
3299 6
1100 18
1101 20
1102 26
1103 21
1104 22
1105 23
1106 18
1107 34
1108 27
1109 26
3750 3
3751 3
3752 6
3753 4
3754 7
3755 6
3756 5
3757 5
3758 3
3759 4
2430 2
2431 3
2432 3
2433 5
2434 2
2436 5
2437 2
2438 3
2439 2
6314 1
6316 1
1110 26
1111 32
1112 33
1113 27
1114 27
1115 32
1116 25
1117 26
1118 32
1119 30
3760 7
3761 4
3762 6
3763 5
3764 3
3765 4
3766 3
3767 5
3768 3
3769 8
2440 5
2441 6
2442 2
2443 4
2444 2
2446 2
2447 8
200 3350
2448 2
201 3322
2449 4
202 3255
203 3322
204 3357
205 3306
206 3342
207 3390
208 3414
209 3236
2900 3
1120 34
2901 11
1121 27
2902 3
1122 26
2903 4
1123 43
2904 7
1124 31
2905 5
1125 25
5001 1
2906 3
1126 27
2907 4
1127 38
5003 1
2908 6
1128 31
2909 3
1129 16
3770 3
3771 4
3772 7
3773 5
3774 7
3775 3
3776 6
3777 3
3778 2
3779 7
2450 7
2451 1
2452 8
2453 3
2454 2
2456 2
2457 2
210 3338
211 3351
2459 1
212 3302
213 3324
214 3287
215 3258
6338 1
216 3316
217 3344
218 3257
219 3208
2910 9
1130 30
2911 3
1131 28
2912 4
1132 31
1133 26
2914 3
1134 33
2915 9
1135 31
2916 4
1136 38
2917 3
1137 33
2918 3
1138 34
2919 3
1139 28
3780 5
3781 7
3782 5
3783 3
3784 5
3785 5
3786 4
3787 5
3788 5
3789 3
2460 2
2461 4
2462 3
2463 5
2464 4
2465 1
2466 1
2467 5
220 3368
221 3272
2468 3
222 3324
2469 3
223 3445
224 3307
225 3200
226 3277
227 3236
228 3365
229 3324
2920 4
1140 26
2921 2
1141 32
1142 29
2922 3
2923 2
1143 30
1144 42
2924 3
5020 1
2925 2
1145 47
6801 1
2926 2
1146 25
1147 34
2927 5
2928 2
5023 1
1148 29
2929 4
1149 18
5025 1
5026 1
5027 1
5028 1
3790 5
3791 6
3792 2
3793 5
3794 3
3795 4
3796 3
3797 4
3798 4
3799 2
1600 11
1601 11
1602 8
1603 6
1604 10
1605 12
1606 5
1607 10
1608 5
1609 9
2470 1
2471 2
2472 4
2473 6
2474 2
2475 1
2476 4
2477 2
230 3382
231 3247
232 3266
2479 4
233 3312
234 3284
235 3268
236 3244
237 3306
238 3286
239 3320
2930 1
1150 30
2931 5
1151 27
2932 1
1152 28
1153 31
2934 2
1154 30
2935 3
1155 30
5031 1
2936 5
1156 38
2937 3
1157 27
2938 2
5033 2
1158 20
2939 5
1159 32
5038 1
5039 1
1610 10
1611 9
1612 8
1613 6
1614 11
1615 11
1616 9
1617 15
1618 10
1619 12
2481 2
2482 2
2484 4
2486 2
240 3355
2488 3
241 3342
6364 1
2489 1
242 3349
243 3245
6366 1
244 3324
245 3317
246 3425
247 3197
248 3327
249 3307
2940 4
1160 25
2941 1
1161 25
2942 2
1162 24
2943 3
1163 24
2944 4
1164 23
2945 4
1165 24
2946 6
1166 23
5042 1
2947 2
1167 22
700 142
5043 1
2948 5
1168 25
701 138
2949 7
1169 26
702 152
703 146
704 130
705 130
706 118
707 133
708 122
709 148
1620 16
1621 13
1622 16
1623 8
1624 9
1625 20
1626 19
1627 8
1628 15
1629 14
2490 2
2491 1
2493 2
2494 2
2495 4
2496 1
2497 1
250 3333
2498 4
251 3377
2499 1
252 3290
6375 1
253 3282
254 3267
255 3351
256 3222
257 3320
258 3246
259 3250
2950 2
1170 22
2951 4
1171 29
2952 3
1172 21
2953 2
1173 25
2954 2
1174 25
2955 2
1175 30
2956 3
1176 23
2957 4
1177 28
710 127
5053 1
2958 3
1178 37
711 118
2959 3
1179 21
712 122
5055 1
713 128
714 132
715 127
716 105
717 139
718 124
719 119
1630 16
1631 10
1632 17
1633 16
1634 11
1635 11
5511 1
1636 21
1637 12
1638 11
1639 14
6381 1
260 3085
261 3246
262 3248
263 3369
264 3300
265 3342
266 3215
267 3256
268 3374
269 3269
2960 3
1180 16
2961 4
1181 26
2962 5
1182 26
2963 2
1183 23
2964 2
1184 17
1185 27
2966 2
1186 36
1187 24
720 122
2967 3
5063 1
2968 2
1188 24
721 109
2969 3
1189 22
722 132
723 143
724 136
5067 1
725 108
726 125
727 129
728 107
729 96
1640 13
1641 16
1642 19
1643 19
1644 13
1645 10
1646 11
1647 9
1648 18
1649 15
270 3262
271 3286
272 3317
273 3249
274 3189
275 3137
276 3248
277 3302
278 3198
279 3092
4200 3
4201 7
4203 4
4204 3
4205 4
4206 4
4207 4
4208 5
4209 3
2970 1
1190 22
2971 3
1191 20
2972 2
1192 22
2973 5
1193 16
1194 19
2974 5
2975 4
1195 28
2976 2
1196 19
730 122
2977 2
1197 12
731 116
2978 2
1198 14
2979 1
732 119
1199 19
733 105
734 108
5077 1
735 121
736 99
5079 1
737 114
738 116
739 129
1650 12
1651 17
1652 14
1653 14
1654 21
1655 9
1656 11
1657 16
1658 19
1659 10
280 3250
281 3188
282 3274
283 3169
284 3124
285 3218
286 3121
287 3126
288 3073
289 3074
4210 9
4211 6
4212 7
4213 4
4214 10
4215 1
4216 6
4217 3
4218 7
4219 4
2980 5
2981 6
2982 1
2984 1
2985 3
2986 2
5081 2
2987 4
740 102
5083 1
2988 4
741 126
6864 1
742 96
743 126
744 115
745 95
746 108
5089 1
747 107
748 112
749 111
1660 14
1661 14
1662 9
1663 23
1664 12
1665 19
1666 13
1667 15
1668 11
5544 1
1669 14
5548 1
290 3075
291 3157
292 3020
293 3046
294 3054
295 3047
296 3017
297 3096
298 3046
299 2985
4220 4
4221 2
4222 2
4223 7
4224 3
4225 3
4226 4
4227 2
4228 3
4229 2
2990 3
2991 4
2992 5
2993 1
2994 4
5090 1
2995 5
2996 1
2997 2
750 105
5093 1
2998 2
751 105
2999 3
752 106
753 111
754 121
755 122
756 104
5099 1
757 112
758 114
759 112
1670 14
1671 18
1672 7
1673 15
1674 12
1675 18
1676 16
1677 9
1678 12
1679 15
5556 1
4230 6
4231 4
4232 4
4233 3
4234 4
4235 3
4236 5
4237 4
4238 5
4239 7
760 124
761 122
762 90
763 114
764 103
765 98
766 86
767 91
768 93
769 109
1680 13
1681 19
1682 16
1683 13
1684 15
1685 4
1686 17
1687 11
1688 14
1689 11
5565 1
4240 4
4241 4
4242 2
4243 1
4244 6
4245 3
4246 6
4247 7
4248 3
4249 7
770 104
771 96
772 106
773 89
774 87
775 107
776 111
777 87
778 87
779 99
4700 1
4701 1
4702 3
4703 1
4704 3
4705 1
4706 3
4707 2
4708 1
1690 14
1691 11
1692 17
1693 13
1694 12
1695 12
1696 15
1697 14
5573 1
1698 14
1699 13
4250 3
4251 4
4252 4
4253 7
4254 3
4255 5
4256 5
4257 4
4258 4
4259 7
780 99
781 93
782 98
783 79
784 95
785 70
786 97
787 110
788 89
789 93
4710 4
4711 1
4712 1
4714 1
4715 2
4717 1
4719 1
5582 1
4260 1
4261 3
4262 3
4263 3
4264 2
4265 6
4266 2
4267 3
4268 1
4269 2
790 88
791 102
792 94
793 91
794 92
795 94
796 87
797 100
798 92
799 104
4720 2
4721 2
4722 1
4727 2
4728 2
4729 2
5592 1
5595 1
3400 4
3401 1
3402 3
3403 2
3404 3
3405 2
3406 4
3407 3
3408 4
3409 5
4270 3
4271 1
4272 3
4273 3
4274 1
4275 2
4276 4
4277 3
4278 5
4279 2
4730 2
4731 1
4733 2
4736 1
4737 1
4738 2
4739 2
3410 3
3411 3
3412 3
3413 3
3414 3
3415 4
3416 1
3417 3
3418 2
3419 4
4280 2
4281 2
4282 3
4283 1
4284 3
4285 3
4286 1
4287 5
4288 3
4289 5
4740 1
4742 3
4743 1
4745 1
4746 1
4747 2
3420 4
3421 4
3422 2
3423 3
3424 5
3425 3
3426 3
3427 2
3428 4
3429 7
4290 2
4291 3
4292 4
4293 6
4294 4
4295 4
4296 5
4297 4
4298 3
4299 3
2100 3
2101 4
2102 3
2103 4
2104 5
2105 1
2106 8
2107 4
2108 5
2109 9
4753 2
4755 2
4756 1
4758 4
3430 2
3431 1
3432 2
3433 1
3434 2
3435 4
3436 3
3437 1
3438 2
3439 6
2110 8
2111 6
2112 6
2113 3
2114 7
2115 4
2116 6
2117 4
2118 4
2119 5
4760 3
4762 3
4763 1
4767 1
3440 1
3441 1
3442 3
3443 3
3444 4
3445 2
3446 4
3447 5
3448 3
3449 2
2120 6
3900 1
3901 5
2121 5
2122 4
3902 2
2123 5
3904 6
2124 9
3905 4
2125 9
3906 3
2126 9
2127 6
3907 6
3908 2
2128 5
3909 3
2129 8
4771 1
4772 1
4777 2
4779 1
3450 4
3451 3
3452 2
3453 2
3454 3
3455 4
3457 4
3458 4
3459 4
3910 6
2130 11
3911 1
2131 12
3912 2
2132 12
3913 6
2133 5
3914 3
2134 9
2135 8
3915 2
3916 1
2136 11
3917 2
2137 11
3918 3
2138 15
3919 2
2139 13
4782 1
4783 3
4785 1
4786 1
4787 1
4789 1
3460 4
3462 6
3464 2
3465 3
3466 1
3467 1
3468 2
3469 1
2140 10
3920 4
2141 9
3921 4
3922 3
2142 9
3923 7
2143 20
3924 3
2144 12
3925 2
2145 14
2146 13
3926 3
3927 3
2147 10
3928 5
2148 6
3929 2
2149 14
4790 2
4791 2
4792 2
4793 3
4794 1
4796 2
4797 1
4798 1
2600 1
2603 2
2604 2
2606 1
2607 3
2608 1
2609 1
3470 2
3472 2
3473 1
3474 1
3475 2
3476 1
3477 3
3478 2
3479 1
3930 1
2150 9
3931 2
2151 14
3932 2
2152 15
3933 4
2153 13
3934 3
2154 15
3935 2
2155 13
6031 1
3936 2
2156 13
3937 2
2157 13
3938 3
2158 16
2159 11
6036 1
2610 3
2611 4
2612 2
2613 3
2614 2
2616 3
2617 2
2618 6
2619 6
3480 4
3482 3
3483 3
3484 3
3485 2
3486 3
3487 3
3488 3
3489 1
3940 3
2160 13
2161 9
3942 2
2162 7
3943 1
2163 14
3944 3
2164 11
3945 2
2165 14
3946 1
2166 14
6042 1
3947 2
2167 11
3948 3
2168 12
3949 5
2169 4
2620 4
