2622 1
2623 1
2624 1
2625 2
2629 1
3491 2
3494 2
3497 1
3498 1
1300 12
1301 6
1302 9
1303 10
1304 11
1305 9
1306 9
1307 10
1308 17
1309 12
2170 2
2171 2
3952 1
2172 2
3953 2
2173 1
2174 3
2175 2
2177 2
2179 2
2630 1
2633 1
2635 2
2636 1
2637 2
2638 1
1310 12
1311 13
1312 16
1313 7
1314 9
1315 10
1316 11
1317 13
1318 10
1319 5
2180 4
2181 2
2182 3
3962 1
2183 2
2184 1
2185 2
3966 1
2187 2
2188 2
2640 1
2647 1
400 1553
401 1522
2649 1
402 1564
403 1542
404 1555
405 1514
406 1476
407 1406
408 1394
409 1484
1320 11
1321 15
1322 7
1323 8
1324 10
1325 8
1326 8
1327 12
1328 14
1329 18
2190 1
2191 2
3972 1
2193 1
3974 1
2194 2
3976 1
2196 1
2197 3
2198 1
3979 1
2199 2
2650 1
2651 1
2654 2
2655 1
2656 1
410 1394
2657 1
411 1384
2658 1
412 1394
2659 1
413 1420
414 1328
415 1380
416 1364
417 1316
418 1272
419 1289
1330 6
1331 8
1332 14
1333 7
1334 10
1335 11
1336 6
1337 9
1338 13
1339 16
3980 2
3984 1
2661 2
420 1334
2667 1
421 1248
422 1255
423 1219
424 1201
425 1187
426 1173
427 1223
428 1098
429 1237
1340 8
1341 7
1342 11
1343 7
1344 10
1345 12
1346 10
1347 7
1348 15
1349 14
3991 1
3998 1
1800 2
1801 2
1802 1
1803 3
1804 3
1805 4
1806 1
1807 3
1808 2
1809 4
2675 3
2676 1
2677 2
430 1129
431 1163
2679 1
432 1129
433 1109
434 1087
435 1112
436 1024
437 1098
438 1056
439 1043
1350 9
1351 8
1352 9
1353 7
1354 15
1355 12
1356 9
1357 7
1358 6
1359 4
1810 2
1811 2
1812 1
1813 2
1814 3
1815 2
1816 1
1817 1
1818 1
1819 3
2680 2
2681 1
2684 1
2686 1
2687 1
440 1043
441 1101
2689 1
442 963
443 961
444 1014
445 974
446 965
447 1015
448 929
449 897
1360 14
1361 7
1362 11
1363 5
1364 9
1365 9
1366 10
1367 5
900 106
1368 3
901 106
1369 8
902 109
903 113
904 105
905 111
906 114
907 122
908 101
909 109
1820 1
1821 2
1822 2
1823 1
1825 1
1826 3
1828 1
1829 3
2691 1
2693 1
2695 1
450 900
451 874
452 886
453 842
454 942
455 904
456 862
457 894
458 895
459 857
1370 10
1371 11
1372 4
1373 6
1374 12
1375 8
1376 12
1377 9
910 98
1378 13
911 97
1379 4
912 90
913 107
914 105
915 96
916 106
917 93
918 85
919 92
1830 3
1831 2
1832 1
1833 2
1834 3
1835 3
1836 2
1837 3
1839 2
460 852
461 796
462 833
463 777
464 785
465 761
466 775
467 731
468 767
469 764
1380 7
1381 6
1382 7
1383 9
1384 7
1385 5
1386 6
920 89
1387 6
921 78
1388 2
922 93
1389 9
923 93
924 96
925 96
926 100
927 97
928 87
929 91
1840 1
1841 5
1842 3
1844 2
1845 2
1846 2
1847 1
1848 1
1849 3
470 745
471 723
472 730
473 725
474 722
475 670
476 703
477 702
478 699
479 697
4402 2
4403 1
4408 1
1390 9
1391 7
1392 5
1393 5
1394 5
1395 4
1396 7
930 99
1397 7
931 85
1398 11
932 103
1399 10
933 95
934 92
935 86
936 93
937 91
938 81
939 92
1850 1
1851 1
1852 3
1854 3
1855 1
1856 1
1857 2
1858 3
1859 4
480 708
481 645
482 646
483 637
484 615
485 674
486 628
487 624
488 647
489 634
4412 1
4414 1
4415 1
4416 1
4418 2
940 83
941 91
942 95
943 93
944 83
945 65
946 85
947 80
948 71
949 77
1860 1
1861 4
1863 2
1864 1
1866 1
1867 4
1868 1
1869 1
490 565
491 580
492 585
493 559
494 540
495 594
496 496
497 527
498 483
499 533
4420 1
4424 1
4425 1
950 78
951 75
952 78
953 86
954 70
955 61
956 73
957 61
958 102
959 78
3101 1
3102 1
3104 2
3106 1
3109 1
1872 5
1873 5
1875 1
1876 2
1877 3
1878 2
1879 1
4437 1
960 67
961 77
962 86
963 68
964 61
965 77
966 73
967 75
968 50
969 61
3116 2
3118 1
1880 3
1882 2
1883 1
1884 3
1885 2
1886 4
1887 1
1888 1
4441 1
4449 1
970 53
971 77
972 52
973 61
974 51
975 62
976 69
977 64
978 59
979 56
3122 1
3124 1
3128 2
3129 1
1890 1
1891 2
1892 1
1894 2
1895 2
1896 2
1898 1
1899 2
4451 1
4459 1
980 38
981 54
982 65
983 60
984 61
985 61
986 50
987 61
988 55
989 49
3131 2
3133 1
3134 1
3136 4
3139 1
4461 1
4463 2
4464 1
990 44
991 49
992 52
993 49
994 41
995 61
996 53
997 46
998 43
999 54
3140 1
3141 1
4921 1
3142 2
3143 1
3145 1
3146 1
3147 1
3609 1
3151 1
3156 1
3157 1
3158 1
3159 3
3612 1
3619 2
4480 1
4484 1
4942 1
3162 1
3163 3
3168 1
3169 2
3625 1
4497 1
2300 2
2301 2
2302 4
2304 1
2306 1
2307 3
2308 2
3177 1
3179 1
3630 1
3631 1
3636 1
2310 3
2311 2
2312 1
2313 1
2319 1
3180 2
3185 1
3188 1
3189 1
3643 1
3645 1
3646 1
3648 1
2321 3
2322 1
2324 1
2325 2
2327 2
2329 2
3190 2
3191 1
3193 1
3198 2
3199 1
3650 1
3652 1
3656 1
3658 1
3659 1
2331 1
2332 1
2333 2
2338 1
2339 4
1000 44
1001 52
1002 48
1003 52
1004 56
1005 52
1006 38
1007 44
1008 48
1009 54
3661 1
3662 1
2340 2
2341 1
2342 1
2344 2
2345 1
2346 1
100 3971
101 3846
2348 3
102 3978
2349 1
103 3874
104 3859
105 3868
106 3965
107 4016
108 3959
109 3903
1010 57
1011 42
1012 42
1013 45
1014 53
1015 35
1016 32
1017 39
1018 54
1019 35
2803 1
2806 1
2808 1
3670 1
2350 2
2351 2
2352 1
2353 1
2355 1
2356 1
110 4039
2357 1
111 4001
2358 1
112 4042
2359 2
113 4133
114 4094
115 3915
116 3996
117 3877
118 4038
119 3979
1020 41
1021 50
1022 38
1023 34
1024 42
1025 39
1026 36
1027 36
2810 1
1028 28
2811 1
1029 37
2814 2
2817 1
3689 2
2360 5
2361 2
2362 2
2366 1
2367 2
120 4085
2368 2
121 3973
122 3945
123 4112
124 3976
125 3989
126 4048
127 3977
128 3859
129 3968
1030 43
1031 36
1032 37
1033 50
1034 34
1035 35
1036 43
2820 1
1037 50
2821 1
1038 41
1039 32
2825 1
2826 1
2828 1
2829 1
3699 1
1500 5
1501 2
1502 4
1503 6
1504 3
1505 7
1506 7
1507 7
1508 5
1509 3
2370 1
2374 2
2375 1
2377 1
130 3999
2378 1
131 3891
132 3916
133 4037
134 3850
135 3891
136 3889
137 3871
138 3906
139 3932
1040 32
1041 37
1042 31
1043 40
1044 43
1045 38
1046 31
1047 39
2831 1
1048 36
1049 40
2833 2
2835 2
2837 1
2838 1
2839 1
1510 3
1511 7
1512 8
1513 6
1515 3
1516 5
1517 2
1518 4
1519 4
2380 1
2381 3
2385 2
2386 2
140 3774
2387 1
141 3840
2388 1
142 3688
143 3736
144 3800
145 3735
146 3657
147 3669
148 3753
149 3689
1050 33
1051 31
1052 36
1053 33
1054 30
1055 24
1056 31
2840 1
1057 28
2841 1
1058 27
1059 32
2844 2
2845 2
2846 1
600 403
2848 3
601 353
602 383
603 377
604 357
605 397
606 374
607 365
608 420
609 380
1520 6
1521 6
1522 5
1523 5
1524 2
1525 5
1526 8
1527 5
1528 6
1529 6
2390 1
2391 2
2392 1
2396 1
150 3549
2397 2
151 3606
152 3591
153 3602
154 3625
155 3639
156 3560
157 3525
158 3559
159 3558
1060 29
1061 38
1062 25
1063 34
1064 29
1065 30
1066 40
1067 27
2850 1
1068 30
2851 2
1069 24
2852 1
2855 3
610 383
2857 1
611 374
612 348
613 399
614 395
615 389
616 375
617 391
618 379
619 389
1530 5
1531 5
1532 2
1533 5
1534 7
1535 4
1536 6
1537 4
1538 3
1539 6
160 3588
161 3452
162 3497
163 3539
164 3511
165 3401
166 3381
167 3401
168 3328
169 3458
1070 30
1071 34
1072 31
1073 26
1074 24
1075 27
1076 29
2860 3
1077 23
1078 31
1079 29
2863 1
2864 1
620 352
2867 1
621 342
622 354
2869 1
623 359
624 390
625 342
626 376
627 376
628 346
629 376
1540 4
1541 7
1542 4
1543 3
1544 3
1545 2
1546 6
1547 1
1548 4
1549 5
170 3429
171 3383
172 3338
173 3370
174 3365
175 3261
176 3349
177 3186
178 3207
179 3309
4100 1
4103 1
1080 19
1081 33
1082 24
1083 34
1084 35
1085 30
4109 2
1086 31
2870 1
1087 27
2871 2
1088 25
1089 23
2874 2
2875 1
2876 1
2877 3
630 360
2878 1
631 381
632 370
633 379
634 371
635 355
636 357
637 390
638 350
639 341
1550 4
1551 4
1552 4
1553 3
1554 4
1555 6
1556 6
1558 3
1559 4
180 3235
181 3089
182 3235
183 3232
184 3215
185 3129
186 3201
187 3160
188 3135
189 3201
4110 1
4112 1
1090 36
1091 21
1092 31
1093 27
4116 1
1094 17
1095 31
1096 23
1097 28
2881 1
1098 22
1099 30
2884 1
640 328
2888 1
641 341
642 373
643 350
644 321
645 324
646 366
647 307
648 333
649 334
1560 7
1562 5
1563 6
1564 4
1565 2
5441 1
1566 4
1567 4
1568 5
1569 3
190 3100
191 3210
192 3145
193 3078
194 3051
195 3097
196 3057
197 3169
198 3162
199 2998
4120 1
4125 1
4127 2
2890 1
2893 1
2894 1
2896 2
650 295
651 357
2898 1
652 338
653 294
654 329
655 324
656 340
657 326
658 310
659 301
1570 5
1571 6
1572 3
1573 4
1574 5
1576 4
1577 6
1578 2
1579 2
4130 2
660 339
661 311
662 289
663 292
664 314
665 324
666 316
667 305
668 303
669 309
1580 4
1581 5
1582 7
1583 1
1584 2
1585 7
1586 1
1587 10
1588 5
1589 5
4142 1
4145 1
670 290
671 298
672 294
673 273
674 258
675 292
676 283
677 276
678 289
679 281
1591 3
1592 7
1593 3
1594 5
1595 4
1596 2
1597 3
1598 6
1599 5
4150 2
4151 1
4152 1
4156 1
4157 1
4158 2
4159 2
680 292
681 267
682 281
683 280
684 271
685 283
686 308
687 259
688 264
689 263
4161 1
4162 1
4165 1
4166 1
4169 2
690 266
691 287
692 277
693 258
694 266
695 223
696 234
697 270
698 247
699 244
3307 1
4174 2
4176 1
4177 2
4638 1
3311 1
3312 1
3315 1
3318 1
4182 1
4183 2
4188 2
4189 1
4641 1
3327 1
4190 1
4191 1
4192 1
4196 1
4197 2
2000 3
2001 3
2002 3
2003 3
2004 3
2005 3
2006 2
2007 2
2008 1
2009 2
3330 1
3331 1
2010 1
2011 1
2012 2
2013 1
2015 2
2016 5
2017 1
2018 3
2019 2
3340 2
3343 1
3345 1
3346 1
2020 1
2021 2
3801 1
2023 3
3803 3
2024 3
3804 1
2025 2
2026 1
2027 2
2028 2
2029 3
3352 1
3353 1
3356 1
3357 1
3358 1
2030 2
3811 1
2031 2
2032 2
2033 1
3814 1
2034 6
3816 1
2036 2
3817 1
2037 4
3818 1
2038 2
3819 1
2039 2
4683 1
4686 1
3361 1
3367 1
2040 2
2041 4
2042 1
2043 3
2044 1
2045 4
3826 2
2046 2
2047 3
2049 1
4699 1
2501 1
2503 1
2504 2
2505 1
2507 1
2509 1
3372 1
3373 1
2050 2
2051 3
3833 2
2053 3
3834 1
2054 1
2055 1
2056 3
3837 1
2057 1
2058 1
3839 1
2059 1
2510 1
2511 1
2513 1
2517 1
2518 2
2519 4
3381 1
3385 1
3389 1
2060 2
3840 1
2061 3
3841 2
2062 3
3842 2
2063 2
2064 1
2065 2
3845 1
2066 3
2067 2
2068 1
3848 1
2069 4
2522 1
2525 4
2528 1
3393 1
3397 1
3398 1
3399 1
1200 4
1201 20
1202 13
1203 15
1204 14
1205 17
1206 12
1207 8
1208 11
1209 22
2070 1
2071 2
2072 4
2073 1
2074 4
2075 2
2076 3
3857 2
2078 3
3859 1
2079 2
2531 1
2533 3
2534 2
2535 1
2537 3
2538 3
2539 2
1210 6
1211 16
1212 11
1213 10
1214 13
1215 18
1216 8
1217 10
1218 15
1219 10
2081 4
2083 2
2085 2
3866 2
2086 4
2087 2
3868 1
2088 2
3869 1
2089 2
2541 2
2543 1
2546 1
300 2815
301 2932
2548 2
302 2992
2549 1
303 2988
304 2834
305 2934
306 2970
307 2860
308 2809
309 2930
1220 14
1221 19
1222 13
1223 12
1224 14
1225 11
1226 17
1227 14
1228 19
1229 12
2090 2
2091 1
3872 2
2092 1
3873 1
2093 2
2094 2
2096 1
3877 1
2097 1
3879 1
2099 1
2551 2
2552 2
2554 1
2556 1
310 2932
311 2749
2558 1
312 2826
313 2816
314 2730
315 2881
316 2752
317 2773
318 2801
319 2763
1230 10
1231 13
1232 10
1233 11
1234 11
1235 14
1236 11
1237 19
1238 7
1239 16
3882 1
3883 2
3885 1
2563 1
2566 1
320 2772
321 2753
322 2696
323 2654
324 2661
325 2723
326 2615
327 2589
328 2695
329 2639
1240 11
1241 19
1242 16
1243 12
1244 8
1245 19
1246 22
1247 9
1248 9
1249 18
3891 1
3892 1
3894 2
3898 1
3899 1
1700 3
1701 1
1702 1
1703 7
1704 1
1705 5
1706 1
1707 2
1709 3
2571 1
2572 1
2573 2
2574 4
2577 1
330 2601
2578 2
331 2754
2579 1
332 2558
333 2583
334 2499
335 2557
336 2527
337 2453
338 2575
339 2494
1250 12
1251 15
1252 10
1253 8
1254 19
1255 13
1256 13
1257 9
25 1
1258 14
1259 11
28 1
1710 1
1711 6
1712 5
1713 2
1714 1
1715 3
1716 4
1717 4
1718 3
1719 3
2583 1
2584 3
2585 1
2586 1
340 2510
341 2475
2588 2
342 2507
2589 1
343 2473
344 2410
345 2457
346 2390
347 2377
348 2458
349 2407
1260 6
1261 4
1262 19
1263 11
1264 15
1265 8
33 1
1266 10
34 1
1267 12
35 1
800 213
1268 12
36 3
801 190
1269 21
37 5
802 211
38 11
803 196
39 26
804 196
805 211
806 190
807 188
808 179
809 193
1720 1
1721 2
1722 5
1723 3
1724 2
1725 7
1726 3
1727 4
1728 3
1729 2
2590 1
2591 1
2593 2
2594 1
350 2353
351 2393
352 2219
353 2362
354 2329
355 2315
356 2264
357 2238
358 2167
359 2303
1270 8
1271 18
1272 5
40 57
1273 8
41 70
1274 7
42 128
1275 9
43 223
1276 21
44 303
810 174
1277 7
45 399
811 198
1278 9
46 549
812 210
1279 6
47 761
813 190
48 909
814 141
49 1147
815 185
816 185
817 173
818 174
819 146
1730 3
1731 4
1732 5
1733 1
1734 3
1735 4
1736 1
1737 2
1738 3
1739 2
360 2164
361 2240
362 2143
363 2126
364 2109
365 2066
366 2098
367 2099
368 2046
369 1977
1280 7
1281 13
1282 13
50 1280
1283 20
51 1432
1284 10
52 1567
1285 14
53 1808
1286 14
54 1971
1287 12
55 2045
820 158
1288 11
56 2282
821 177
1289 8
57 2429
822 145
58 2592
823 191
59 2704
824 166
825 178
826 203
827 180
828 168
829 147
1740 3
1741 2
1743 6
1744 1
1745 1
1746 1
1747 3
1748 6
1749 1
370 2009
371 2004
372 2007
373 2018
374 2007
375 1949
376 1944
377 1995
378 1879
379 1877
4301 2
4302 1
4304 1
4305 2
4307 2
4309 1
1290 14
1291 9
1292 12
60 2830
1293 7
61 3015
1294 14
62 2888
1295 11
63 2950
1296 7
64 3023
1297 13
65 2957
830 174
1298 15
66 2874
831 148
1299 12
67 3059
832 174
68 2873
833 179
69 2984
834 157
835 185
836 154
837 161
838 167
839 142
1750 1
1751 3
1752 2
1754 3
1755 3
1756 1
1757 2
1758 3
1759 2
380 1874
381 1879
382 1845
383 1866
384 1828
385 1712
386 1685
387 1771
388 1763
389 1744
4311 3
4312 2
4313 2
4315 1
4318 2
70 2935
71 2891
72 2972
73 3003
74 2855
75 2960
840 167
76 3112
841 140
77 3094
842 150
78 3105
843 173
79 3142
844 170
845 169
846 170
847 149
848 163
849 141
1760 2
1761 3
1763 1
1764 1
1765 4
1766 4
1767 2
1768 2
1769 3
390 1742
391 1795
392 1666
393 1676
394 1668
395 1655
396 1611
397 1602
398 1667
399 1573
4320 2
4321 1
4322 1
4324 1
4325 3
4328 1
80 3216
81 3147
82 3262
83 3358
84 3376
850 147
85 3292
851 160
86 3511
852 155
87 3438
853 144
88 3509
854 144
89 3617
855 142
856 154
857 137
858 150
859 158
3000 1
3001 3
3003 1
3005 1
3009 3
1770 1
1771 4
1772 4
1773 6
1774 1
1775 4
1776 2
1777 1
1779 4
4330 3
4331 1
4332 1
4333 1
4334 2
4335 3
4338 2
4339 1
90 3610
91 3615
92 3547
93 3730
94 3848
95 3764
860 129
96 3771
861 154
97 3788
862 161
98 3807
863 124
99 3745
864 159
865 122
866 138
867 147
868 144
869 124
3011 1
3013 1
3019 1
1780 3
1781 4
1782 3
1783 3
1784 3
1785 1
1786 2
1788 4
1789 3
4340 1
4341 1
4344 1
4345 1
4346 1
870 138
871 139
872 148
873 126
874 113
875 119
876 117
877 130
878 127
879 148
3023 1
3024 1
3025 1
3026 1
3027 2
3028 1
1790 3
1791 1
1792 1
1793 3
1794 2
1795 1
1796 3
1797 1
1798 1
1799 2
4352 1
4354 3
880 125
881 140
882 120
883 122
884 124
885 140
886 114
887 118
888 134
889 126
3030 1
3031 1
3032 2
3034 1
3037 3
3039 2
4364 3
4365 1
4367 1
4369 2
890 130
891 112
892 113
893 123
894 128
895 130
896 137
897 110
898 112
899 101
3040 1
3041 1
3042 2
4823 1
3044 2
3046 1
3048 1
3503 2
4370 1
4373 1
4375 1
4377 1
4379 1
3050 1
3052 3
4835 1
3055 1
3058 2
3510 1
3511 1
3514 1
3515 2
3517 1
3518 1
3519 1
4380 2
4381 3
4383 3
4385 2
4388 2
4389 1
3061 1
3062 1
3065 1
3066 1
3068 1
3521 1
3522 1
3523 1
3526 1
3529 1
4390 1
4392 1
4393 1
4396 1
4398 1
2200 3
2201 1
2202 2
2203 1
2204 2
2205 1
2207 2
2209 4
3072 1
3074 2
3076 1
3079 1
3532 1
3534 1
2210 1
2213 1
2214 2
2215 2
2216 1
2217 1
2218 3
2219 2
3081 1
3083 1
4864 1
3085 1
3087 2
3088 1
3089 2
3541 1
3542 2
3545 1
3548 1
2220 1
2221 1
2222 3
2223 2
2224 1
2225 2
2226 1
2227 1
3090 1
3092 1
4873 1
3094 1
3095 2
3096 1
3097 1
3098 1
3099 1
3554 1
3558 1
2231 1
2233 1
2234 4
2235 3
2236 2
2237 1
2238 1
2239 1
3561 2
3562 1
2240 2
2241 1
2242 1
2243 1
2244 1
2249 2
2701 1
2703 1
2705 1
2708 3
2709 1
2250 2
2251 1
2252 1
2253 2
2254 3
2256 3
2257 2
2258 2
2259 1
2711 1
2712 2
2713 1
2714 1
2715 2
2717 1
2718 2
2719 1
3581 1
3583 1
3586 1
2261 3
2262 1
2263 1
2265 1
2266 1
2722 1
2725 1
2726 1
2728 2
3590 1
1400 4
1401 11
1402 6
1403 12
1404 8
1405 6
1406 7
1407 10
1408 4
1409 7
2270 2
2271 1
2272 1
2273 1
2274 1
2276 2
2278 1
2279 1
2731 4
2732 3
2734 3
2735 1
2736 1
1410 4
1411 7
1412 5
1413 4
1414 12
1415 6
1416 8
1417 9
1418 8
1419 7
2280 1
2281 1
2282 1
2283 2
2285 3
2288 1
2289 1
2740 2
2742 1
2743 1
2744 1
2745 1
2746 1
500 492
501 545
502 506
2749 2
503 509
504 493
505 528
506 479
507 489
508 512
509 445
1420 5
1421 5
1422 9
1423 9
1424 9
1425 8
1426 12
1427 6
1428 4
1429 11
2290 1
2291 1
2294 3
2295 1
2296 1
2297 1
2298 5
2299 3
2752 1
2753 2
2757 1
510 455
2758 2
511 476
2759 1
512 450
513 426
514 427
515 445
516 447
517 437
518 463
519 416
1430 7
1431 4
1432 5
1433 1
1434 7
1435 4
1436 5
1437 8
1438 9
1439 3
2760 1
2762 3
2764 1
2765 1
2766 2
2767 1
520 402
521 375
522 423
523 371
524 403
525 380
526 406
527 409
528 410
529 374
1440 9
1441 7
1442 8
1443 7
1444 13
1445 8
1446 5
1447 5
1448 7
1449 5
1900 2
1901 1
1902 3
1903 2
1904 1
1905 6
4000 1
4001 1
1907 3
1908 1
1909 2
2774 2
2775 1
2776 1
530 404
2777 2
531 359
2778 1
532 383
533 339
534 357
535 368
536 305
537 312
538 361
539 320
1450 8
1451 5
1452 8
1453 7
1454 11
1455 4
1456 3
1457 7
1458 7
1459 9
1910 1
1911 1
1912 3
1913 2
1914 2
1915 2
1917 2
4012 1
2781 1
2783 1
2785 1
2786 1
540 323
541 333
542 309
2789 4
543 331
544 297
545 328
546 297
547 317
548 287
549 295
1460 10
1461 6
1462 2
1463 5
1464 6
1465 5
1466 8
1467 5
1468 16
1469 6
1921 3
1922 1
1923 1
1924 2
1925 4
4022 1
1927 1
4023 1
1928 1
1929 3
4026 1
4028 2
4029 1
2791 2
2793 1
2795 2
2796 2
2797 1
550 303
2798 1
551 286
552 277
553 307
554 292
555 315
556 288
557 288
558 279
559 289
1470 5
1471 8
1472 9
1473 12
1474 4
1475 5
1476 6
1477 10
1478 7
1479 7
1930 2
1932 1
1933 3
1935 3
1936 3
1937 4
1938 1
1939 1
560 312
561 293
562 325
563 329
564 328
565 304
566 347
567 339
568 346
569 331
1480 3
1481 4
1482 2
1483 5
1484 3
1485 4
1486 9
1487 8
1488 8
1489 8
1944 1
1945 1
1946 1
1947 1
4042 1
1948 3
4043 1
1949 2
570 361
571 367
572 358
573 349
574 327
575 375
576 360
577 366
578 371
579 349
4503 1
1490 6
1492 6
1493 6
1494 6
1495 1
1496 1
1497 7
1498 3
1499 1
1950 2
1952 2
1953 3
1954 1
1955 2
4050 1
1956 1
1957 2
1958 2
1959 3
4057 1
580 362
581 365
582 342
583 346
584 378
585 368
586 374
587 346
588 373
589 383
4519 2
1960 1
1961 3
1962 1
1963 1
1964 2
1965 1
4062 1
1967 1
1968 1
4066 1
4068 1
590 342
591 358
592 382
593 352
594 375
595 386
596 381
597 360
598 370
599 364
3204 1
3206 1
3207 3
3208 1
3209 1
1970 1
1971 2
1972 1
1973 2
1975 1
4070 1
1976 1
1977 1
1978 3
4073 2
1979 2
4075 2
4077 1
4078 1
4079 1
4531 1
3210 1
3211 1
3212 2
3214 1
3216 2
3218 2
1980 1
1981 3
1984 1
1985 1
1986 1
1988 4
1989 1
4088 1
3221 2
3223 1
3226 1
1990 5
1992 1
1993 3
1994 2
1996 3
4091 1
1997 1
1998 2
1999 2
4099 1
3231 1
3237 1
3244 1
3249 1
3703 1
3252 1
3253 1
3254 1
3258 2
3259 2
3714 1
3265 1
3266 1
3722 2
4594 1
2402 1
2404 2
2405 1
3270 1
3271 1
3274 1
3276 2
3734 1
3736 1
3738 1
3739 1
2410 1
2412 1
2413 1
2414 1
2416 3
2418 1
3283 1
3287 1
3742 1
3745 1
3746 1
3749 1
2420 1
2423 2
2424 1
2427 1
3292 2
3294 1
1100 26
1101 29
1102 27
1103 21
1104 28
1105 31
1106 25
1107 19
1108 31
1109 17
3751 2
3752 2
3754 2
3758 1
3759 1
2430 1
2431 1
2432 1
2433 1
2434 1
2436 1
1110 29
1111 26
1112 29
1113 30
1114 28
1115 24
1116 23
1117 27
1118 21
1119 22
3762 1
3763 1
3765 1
3768 1
3769 1
2440 2
2441 1
2444 1
2445 2
2447 1
200 3026
2448 1
201 3094
2449 1
202 3039
203 3095
204 3151
205 2986
206 3175
207 3154
208 3131
209 3101
1120 20
2901 2
1121 17
2902 2
1122 17
1123 23
1124 27
2905 1
1125 23
2906 1
1126 24
1127 20
2908 4
1128 26
2909 1
1129 21
3772 1
3774 1
3775 1
2450 1
2453 1
2454 2
2457 1
210 2999
2458 1
211 3056
2459 1
212 3004
213 2942
214 3106
215 2968
216 3111
217 2974
218 3060
219 2994
2910 1
1130 32
1131 30
1132 20
1133 15
1134 23
1135 19
2916 1
1136 18
1137 19
2918 2
1138 17
2919 3
1139 25
3785 1
3789 1
2461 1
2462 1
2463 1
2465 1
2466 1
220 2901
221 3089
2468 1
222 3028
2469 1
223 3002
224 3040
225 3118
226 3042
227 3139
228 2956
229 3029
1140 22
1141 19
2921 3
1142 22
2922 1
1143 20
2923 1
1144 14
1145 27
2925 3
1146 16
1147 19
1148 16
1149 18
2929 1
3792 1
3793 1
3794 1
3795 1
3796 2
3797 1
3798 1
1600 5
1601 2
1602 4
1603 2
1604 3
1606 6
1607 5
1608 4
1609 5
2472 3
2474 1
2476 1
230 3051
231 3084
232 3054
2479 1
233 3018
234 3106
235 3056
236 3015
237 3044
238 3064
239 3073
1150 26
2931 1
1151 16
2932 1
1152 21
2933 1
1153 23
2934 1
1154 24
2935 2
1155 16
1156 16
2937 1
1157 19
2938 5
1158 12
1159 21
1610 5
1611 2
1612 4
1613 3
1614 5
1615 1
1616 5
1617 6
1618 4
1619 5
2480 2
2482 3
2483 1
2486 2
2487 2
240 3033
2488 1
241 2877
2489 1
242 2947
243 3091
244 3023
245 3119
246 3010
247 2994
248 2992
249 3001
2940 1
1160 16
1161 17
1162 15
2943 1
1163 16
1164 21
1165 20
2946 1
1166 19
2947 2
1167 12
700 260
1168 14
701 242
2949 1
1169 19
702 216
703 277
704 257
705 251
706 246
707 235
708 268
709 227
1620 3
1621 1
1622 4
1623 4
1624 1
1625 4
1626 4
1627 1
1628 2
2490 1
2491 1
2495 1
2497 1
250 3017
251 3049
2499 1
252 3073
253 3077
254 3021
255 2986
256 2957
257 3012
258 3089
259 3075
1170 12
2951 3
1171 13
1172 13
2953 1
1173 16
2954 2
1174 20
2955 1
1175 17
1176 11
2957 1
1177 16
710 255
2958 2
1178 17
711 246
1179 23
712 237
713 230
714 233
715 261
716 220
717 250
718 227
719 244
1630 4
1631 3
1632 2
1633 2
1634 2
1635 7
1636 3
1637 4
1638 4
1639 3
260 3052
261 3067
262 3087
263 2985
264 3091
265 3073
266 3086
267 3076
268 3081
269 3031
1180 12
1181 14
2961 1
1182 13
1183 18
1184 16
2964 2
1185 11
1186 14
2966 1
1187 13
720 247
2967 1
1188 8
721 239
2968 1
1189 19
722 224
723 217
724 213
725 206
726 231
727 226
728 244
729 228
1640 1
1641 4
1642 2
1643 1
1644 3
1645 4
1646 3
1647 3
1648 5
1649 1
270 2980
271 2972
272 2951
273 2983
274 3081
275 3091
276 2974
277 3010
278 3147
279 3054
4200 1
4203 1
4204 1
4205 1
4206 1
4207 1
4208 3
2970 1
1190 12
2971 2
1191 23
2972 1
1192 18
2973 1
1193 14
2974 1
1194 12
2975 1
1195 21
1196 15
730 202
2977 2
1197 15
731 198
2978 1
1198 20
732 197
2979 2
1199 11
733 194
734 210
735 238
736 209
737 206
738 225
739 208
1650 1
1651 1
1652 1
1653 1
1654 6
1655 3
1656 5
1657 3
1658 1
1659 3
280 3004
281 2946
282 2901
283 2977
284 3040
285 2876
286 3121
287 3062
288 3122
289 2997
4210 1
4211 1
4213 1
4217 2
4218 2
4219 3
2981 2
2984 2
2987 1
740 252
2988 1
741 181
742 221
743 196
744 243
745 213
746 216
747 194
748 188
749 212
1661 3
1662 2
1663 1
1664 1
1665 4
1666 3
1667 4
1668 2
1669 2
290 2840
291 3003
292 2982
293 2994
294 3009
295 2967
296 2983
297 2874
298 2909
299 2821
4220 2
4223 1
4224 1
4225 1
4227 3
2992 1
2993 1
2995 1
2996 2
2997 1
750 221
751 180
752 200
753 173
754 214
755 185
756 211
757 205
758 219
759 197
1670 4
1671 5
1672 2
1673 1
1674 3
1675 1
1676 6
1677 2
1678 2
1679 4
4231 2
4233 1
4234 2
4235 1
760 206
761 192
762 189
763 234
764 205
765 214
766 206
767 224
768 217
769 211
1680 1
1681 6
1682 1
1683 5
1684 5
1685 2
1686 1
1687 3
1688 7
1689 3
4240 2
4241 1
4242 1
4246 1
4248 2
770 224
771 185
772 227
773 201
774 200
775 179
776 172
777 193
778 212
779 187
1690 2
1691 8
1692 2
1693 5
1694 6
1695 4
1696 3
1697 4
1698 3
1699 2
4250 1
4251 1
4253 2
4254 3
4255 1
4256 1
4257 5
4258 3
4259 3
780 190
781 195
782 203
783 206
784 183
785 205
786 192
787 182
788 196
789 217
4260 3
4263 2
4264 2
4266 3
4268 2
4269 1
790 183
791 183
792 209
793 171
794 206
795 174
796 173
797 162
798 173
799 219
3404 1
3408 1
4271 1
4272 3
4273 1
4274 1
4275 1
4735 1
3414 1
3418 1
4280 1
4281 2
4282 2
4283 1
4285 1
4286 1
4288 3
4289 1
4749 1
3424 1
3426 2
4290 2
4291 2
4292 2
4294 1
4295 1
4296 3
4297 1
4298 1
2100 3
2101 1
2102 3
2103 1
2104 2
2105 4
2106 1
2107 1
2108 1
2109 1
4756 1
4758 1
3432 1
3439 1
2110 3
2111 2
2112 2
2113 6
2114 2
2116 2
2117 2
2118 2
2119 3
3445 1
3448 2
3449 1
2120 1
3902 1
2122 2
2123 3
3904 1
2124 2
2125 2
2126 4
2127 4
2128 4
3453 1
3455 1
3456 1
3457 1
3910 1
2130 1
3911 1
2131 4
2132 5
2134 3
2135 3
2136 1
2138 2
3465 1
2140 1
2141 4
2142 2
2144 3
2145 2
2146 1
3927 1
2148 3
2149 3
2606 1
2608 1
2609 2
3472 1
3476 2
3477 1
2150 6
2151 3
2152 2
2153 2
3934 1
2154 1
3935 1
2155 1
3936 1
2156 4
2157 2
2158 3
2159 1
2611 2
2617 3
2618 2
3483 1
3486 1
3487 1
2160 2
2161 1
2162 4
2163 3
2165 1
2166 2
2167 1
2169 2
