2621 4
2622 2
2623 2
2625 1
2626 3
3490 1
3491 2
3493 1
3496 1
3497 1
3499 1
1300 10
1301 8
1302 8
1303 18
1304 20
1305 23
1306 15
1307 13
1308 11
1309 15
3950 1
3951 2
2171 1
3952 1
2172 4
2173 2
3954 1
2174 3
3955 1
2175 1
2176 1
2177 3
2178 2
2179 3
3959 1
2631 3
2632 1
2634 3
2635 3
2637 2
2638 3
2639 2
1310 18
1311 15
1312 17
1313 16
1314 17
1315 17
1316 13
1317 13
1318 12
1319 13
3960 2
2180 2
2181 3
2182 2
3962 1
2183 2
3963 1
2184 1
2185 1
3965 1
2186 3
2187 3
3967 1
2189 3
2642 3
2643 1
2644 2
2645 2
2646 1
2647 2
400 2508
2648 1
401 2473
2649 2
402 2476
403 2355
404 2299
405 2436
406 2373
407 2449
408 2397
409 2342
1320 8
1321 8
1322 9
1323 13
1324 15
1325 16
1326 13
1327 11
1328 16
5204 1
1329 17
5205 1
5206 1
2190 3
2191 3
3972 1
2192 1
2193 3
2194 1
2195 3
3976 1
2197 2
2198 2
2650 1
2651 2
2654 1
2655 1
2656 1
410 2428
2658 1
411 2290
2659 2
412 2353
413 2396
414 2377
415 2345
416 2311
417 2299
418 2351
419 2249
1330 16
1331 12
1332 16
1333 11
1334 9
5210 1
1335 11
5211 2
1336 11
1337 15
5213 1
1338 8
1339 13
5217 2
5219 1
3984 1
3989 1
2660 2
2662 3
2664 4
2665 1
420 2268
2667 2
421 2349
2668 1
422 2217
2669 1
423 2270
424 2255
425 2259
426 2294
427 2268
428 2253
429 2202
1340 12
1341 13
1342 14
1343 11
1344 10
5220 1
1345 14
1346 12
1347 12
1348 14
5224 1
1349 20
5226 2
5227 2
5229 1
3996 1
1800 5
1801 5
1802 6
1803 5
1804 5
1806 6
1807 2
1808 2
1809 5
2670 2
2671 2
2672 2
2676 3
2677 2
430 2180
2678 3
431 2127
2679 2
432 2217
433 2352
434 2270
435 2186
436 2124
437 2080
438 2116
439 2160
1350 8
1351 8
1352 11
1353 13
1354 10
5230 1
1355 7
5231 1
1356 13
5232 1
1357 18
1358 9
1359 11
5235 1
5236 1
5239 1
1810 5
1811 6
1812 4
1813 2
1814 5
1815 6
1816 3
1817 2
1818 5
1819 9
2680 1
2681 3
2683 3
2684 3
2686 3
2687 2
440 2121
441 2097
2689 1
442 2149
443 2112
444 2096
445 2068
446 2058
447 2063
448 2166
449 2099
1360 20
1361 13
1362 14
1363 16
1364 11
1365 9
1366 10
5242 1
1367 12
900 62
5243 1
1368 16
901 71
5244 1
1369 9
902 80
5245 1
903 67
904 62
5247 1
905 66
906 74
5249 1
907 58
908 65
909 73
1820 2
1821 5
1822 4
1823 4
1824 2
5700 2
1825 5
5701 2
1826 3
1827 3
1828 4
1829 3
5708 1
5709 1
2691 1
2693 1
2695 3
450 2050
451 1970
2699 1
452 2026
453 2025
454 2047
455 1955
456 1969
457 1936
458 1955
459 1905
1370 9
1371 9
1372 11
1373 12
1374 11
5250 1
1375 13
1376 14
5252 1
1377 7
910 65
1378 12
911 61
1379 11
912 64
913 62
5256 1
914 58
5257 2
915 61
5258 2
916 55
917 61
918 47
919 48
1830 4
1831 2
1832 5
1833 3
1834 5
1835 1
1836 3
5712 1
1837 5
1838 2
5714 3
1839 5
5717 1
5718 1
5719 1
460 1866
461 1925
462 1912
463 1861
464 1936
465 1890
466 2001
467 1897
468 1905
469 1786
1380 12
1381 15
1382 16
1383 16
1384 16
5260 3
1385 5
1386 6
920 61
1387 10
5263 2
921 57
1388 11
5264 1
922 46
1389 9
923 81
924 57
5266 3
925 68
5267 1
5268 2
926 48
927 54
928 54
929 59
1840 3
1841 2
1842 5
1843 5
1844 6
1845 3
5721 1
1846 5
1847 3
1848 5
1849 7
5728 1
470 1821
471 1814
472 1806
473 1738
474 1787
475 1828
476 1826
477 1696
478 1702
479 1813
4403 2
4405 1
4406 1
4407 2
4408 2
4409 1
1390 6
1391 9
1392 8
1393 11
1394 12
1395 4
5271 1
1396 7
930 53
1397 7
5273 1
931 56
1398 11
932 61
5274 1
1399 12
933 49
934 63
5276 2
5277 1
935 54
936 57
5278 1
937 55
5279 1
938 59
939 55
1850 7
1851 3
1852 7
1853 6
1854 2
1855 2
5731 2
1856 2
1857 6
1858 2
1859 2
5739 1
480 1724
481 1685
482 1665
483 1727
484 1734
485 1701
486 1652
487 1714
488 1598
489 1678
4413 1
4414 2
4417 1
4419 1
5280 2
940 54
5283 2
941 37
942 47
5285 1
943 58
5286 1
944 53
5287 1
945 62
5288 4
946 53
5289 1
947 48
948 54
949 60
1860 3
1861 11
1862 5
1863 9
1864 2
1865 1
1866 3
5742 2
1867 2
1868 6
1869 5
5747 1
490 1603
491 1578
492 1598
493 1634
494 1597
495 1590
496 1509
497 1478
498 1574
499 1535
4422 1
4423 1
4424 2
4426 1
4428 2
5291 1
950 53
5293 3
951 60
952 54
953 56
5296 1
954 51
955 43
5298 1
956 58
957 49
958 40
959 49
3104 1
3105 2
3106 1
3107 2
3108 2
3109 2
1870 2
1871 4
1872 6
1873 8
1874 2
1875 8
1876 4
5752 1
1877 5
1878 3
1879 5
5756 1
5757 1
4431 2
4433 1
4434 1
4435 2
4436 1
4438 2
960 62
961 48
962 47
963 55
964 42
965 52
966 48
967 50
968 46
969 51
3116 1
3118 1
3119 1
1880 3
1881 2
1882 10
1883 5
1884 2
1885 4
1886 4
5762 1
1887 3
5763 1
1888 5
5764 1
1889 3
5765 1
5768 1
4447 1
4448 2
970 51
971 46
972 49
973 46
974 45
975 43
976 45
977 43
978 47
979 49
4900 1
3120 2
4901 1
3122 1
4902 1
3124 1
4907 1
4908 1
3129 1
1890 2
1891 5
1892 11
1893 6
1894 3
1895 2
1896 4
1897 8
1898 7
5774 1
1899 5
5777 1
4453 1
4455 1
4456 1
4457 1
980 49
981 41
982 49
983 52
984 41
985 49
986 35
987 44
988 49
989 44
3131 1
3132 2
4914 1
4915 1
4916 1
3136 3
3137 1
4918 1
4919 1
3139 1
5780 1
5783 1
5785 1
5786 2
4460 1
4462 2
4468 1
990 45
991 38
992 49
993 47
994 36
995 37
996 44
997 46
998 42
999 39
3140 1
3141 5
4924 1
3145 1
4925 1
4927 1
3149 1
4929 1
5793 1
5794 2
5796 1
5799 1
3602 3
3603 1
3604 1
3606 1
3607 1
3608 3
4930 2
4932 2
3153 2
3154 1
3155 1
4935 1
4938 1
3159 2
3611 1
3614 1
3616 1
3619 1
4480 1
4482 1
4484 1
4940 2
3161 3
3162 3
4943 1
3163 3
3167 1
3168 1
3169 2
3621 1
3625 1
3627 1
4490 1
4494 1
4495 1
4499 1
2300 2
2302 3
2303 3
2304 1
2305 1
2306 1
2307 5
2308 4
2309 1
4950 1
3171 2
4953 1
3173 1
3174 1
3175 1
3176 1
4956 2
3179 1
3630 2
3631 2
3632 1
3633 2
3635 1
3636 1
3638 2
2310 2
2311 1
2312 3
2313 2
2314 1
2315 1
2316 1
2317 5
4960 1
4961 1
3182 1
4963 1
3184 1
3187 1
3188 2
4968 2
3640 1
3642 1
3644 1
3647 2
3648 1
2321 2
2322 2
2323 3
2324 2
2325 2
2327 1
2328 3
2329 1
4970 2
4971 1
4972 1
4973 1
3194 1
4974 2
4976 1
4977 1
4979 1
3199 1
3652 1
3653 1
3657 1
3659 1
2330 3
2332 3
2334 3
2335 2
2337 3
2338 4
2339 1
4980 1
4986 1
1000 35
4987 1
1001 46
4988 1
1002 41
1003 40
1004 35
1005 31
1006 38
1007 41
1008 40
1009 28
3664 1
3668 2
3669 1
2341 1
2342 2
2343 1
2346 1
100 2524
2347 2
101 2621
2348 2
102 2632
2349 3
103 2823
104 2792
105 2779
106 2772
107 2862
108 2836
109 2954
4995 1
1010 34
4997 1
1011 37
1012 32
1013 43
1014 39
1015 35
1016 38
2800 1
1017 34
2801 1
1018 47
1019 39
2803 3
2806 1
2807 1
2808 2
2809 1
3671 1
3672 1
3673 2
3675 1
3676 1
3677 1
3679 2
2350 1
2352 1
2354 2
2355 1
2357 1
110 2844
2358 1
111 2893
112 2868
2359 3
113 3062
114 3045
115 3039
116 3121
117 3226
118 3124
119 3125
1020 44
1021 35
1022 31
1023 33
1024 41
1025 37
1026 32
1027 28
2810 2
1028 36
1029 43
2813 4
2814 3
2815 2
2817 2
2819 1
3680 1
3681 2
3685 3
3687 3
3689 1
2361 1
2362 1
2363 1
2365 1
2366 2
120 3273
2368 2
121 3173
2369 2
122 3228
123 3252
124 3290
125 3257
126 3287
127 3281
128 3224
129 3278
1030 29
1031 37
1032 31
1033 38
1034 48
1035 35
1036 25
2820 1
1037 25
2821 2
1038 42
1039 40
2824 1
2825 2
2826 2
2827 1
2828 5
3691 1
3692 1
3693 2
3699 1
1500 11
1501 7
1502 12
1503 9
1504 10
1505 6
1506 5
1507 13
1508 9
1509 6
2370 6
2371 1
2372 2
2373 2
2374 2
2376 4
2377 4
130 3457
2378 2
131 3360
2379 1
132 3386
133 3412
134 3424
135 3309
136 3274
137 3379
138 3256
139 3185
1040 36
1041 31
1042 33
1043 30
1044 44
1045 40
1046 38
1047 32
2831 3
1048 35
2832 1
1049 29
2835 2
2836 2
2838 2
2839 2
1510 6
1511 5
1512 13
1513 8
1514 7
1515 9
1516 10
1517 11
1518 9
1519 11
2380 1
2381 2
2382 6
2384 2
2385 3
2386 1
140 3242
2387 3
141 3482
2388 2
142 3394
143 3401
144 3337
145 3417
146 3391
147 3397
148 3396
149 3475
1050 19
1051 31
1052 34
1053 21
1054 29
1055 26
1056 36
1057 32
1058 33
1059 22
2844 1
2845 1
600 659
2848 1
601 677
2849 2
602 645
603 608
604 605
605 649
606 627
607 662
608 633
609 585
1520 6
1521 6
1522 7
1523 5
1524 9
1525 9
5401 1
1526 7
1527 10
1528 7
5404 2
1529 4
5405 1
5406 1
5408 2
5409 1
2390 2
2392 2
2394 2
2395 2
2396 2
150 3380
151 3443
152 3379
153 3423
154 3418
155 3325
156 3339
157 3429
158 3406
159 3327
1060 22
1061 24
1062 26
1063 36
1064 34
1065 27
1066 35
1067 45
2850 1
2851 1
1068 24
2852 2
1069 39
2853 1
2854 2
2855 1
2856 3
610 622
611 600
2859 1
612 567
613 582
614 609
615 569
616 570
617 576
618 509
619 549
1530 8
1531 9
1532 8
1533 9
1534 12
5410 2
1535 3
1536 11
1537 6
5413 2
1538 12
5414 1
1539 8
5416 2
5417 1
5419 1
160 3305
161 3250
162 3288
163 3261
164 3217
165 3222
166 3300
167 3163
168 3171
169 3101
1070 29
1071 37
1072 39
1073 24
1074 38
1075 26
1076 24
2860 1
1077 25
2861 1
1078 37
2862 1
1079 29
2867 1
620 573
2868 1
621 513
622 554
2869 2
623 511
624 545
625 542
626 508
627 528
628 505
629 532
1540 7
1541 3
1542 6
1543 4
1544 9
1545 6
1546 3
5422 3
1547 12
5423 1
1548 8
5424 2
1549 4
5425 1
5426 1
5427 1
5428 1
170 3207
171 3145
172 3284
173 3133
174 3201
175 3109
176 3151
177 3285
178 3125
179 2988
4103 1
1080 31
1081 33
1082 27
1083 31
4107 1
1084 30
1085 23
4109 3
1086 26
1087 26
2871 3
1088 26
1089 41
2873 1
2875 1
2876 1
2877 2
630 518
2878 2
631 487
2879 2
632 495
633 505
634 477
635 486
636 464
637 460
638 453
639 439
1550 12
1551 3
1552 4
1553 9
1554 6
1555 13
5431 1
1556 9
1557 10
1558 13
5434 1
1559 9
5436 1
5437 1
5438 3
5439 1
180 3061
181 3087
182 3151
183 3173
184 3046
185 3144
186 3027
187 3072
188 3063
189 3045
1090 28
4113 1
1091 34
4114 1
1092 32
1093 41
1094 27
1095 26
1096 20
2880 2
1097 32
2881 2
1098 28
2882 3
1099 30
2883 1
2885 1
2886 1
2887 2
640 480
2888 3
641 483
2889 1
642 463
643 471
644 436
645 433
646 406
647 470
648 435
649 412
1560 8
1561 8
1562 13
1563 5
1564 6
1565 7
5441 1
1566 7
5442 1
1567 9
5443 2
1568 12
5444 1
1569 10
5446 1
5447 1
190 3000
191 2876
192 3007
193 2986
194 3004
195 2944
196 2877
197 2949
198 2972
199 2985
4121 1
4122 1
4124 1
4125 1
4127 1
2891 2
2893 1
2895 1
2896 1
650 409
651 433
2898 1
652 415
2899 3
653 442
654 422
655 411
656 388
657 391
658 378
659 402
1570 9
1571 6
1572 8
1573 8
1574 4
5450 1
1575 7
5451 1
1576 10
5452 1
1577 6
5453 2
1578 10
1579 2
5456 2
5457 1
5458 1
5459 1
4132 1
5913 1
4135 1
4136 1
4137 2
660 410
661 392
662 379
663 387
664 381
665 338
666 387
667 347
668 376
669 403
1580 5
1581 9
1582 9
1583 5
1584 5
1585 9
5461 2
1586 6
5462 2
1587 14
1588 9
1589 4
5465 1
5467 1
4141 1
4143 1
4149 2
670 328
671 344
672 380
673 313
674 343
675 354
676 354
677 351
678 331
679 344
4607 1
4609 2
1590 11
1591 4
1592 4
1593 6
1594 11
1595 6
1596 8
1597 6
5473 1
1598 5
5474 1
1599 6
5475 2
5476 1
5478 1
5479 2
4152 1
4157 1
680 353
681 352
682 339
683 289
684 307
685 320
686 328
687 307
688 303
689 300
4611 1
4614 1
4615 1
4616 1
4619 3
5482 1
5484 2
5486 1
5489 1
4163 1
4167 1
4168 1
690 294
691 306
692 320
693 283
694 299
695 277
696 256
697 269
698 283
699 306
4621 1
4628 1
5491 1
5492 1
5495 1
5496 1
5498 2
3301 1
3303 1
3306 2
3307 2
4171 1
4176 1
4177 2
4179 1
4632 2
4635 1
4639 1
3312 1
3313 1
3315 1
3318 3
4189 1
5969 1
4642 2
4645 2
4646 1
4647 1
4648 2
3320 1
3323 1
4190 1
4191 1
4192 1
5972 1
5973 1
4195 1
2001 1
2002 2
2003 7
2004 3
2005 2
2006 3
2007 4
2008 2
2009 4
4657 1
4659 1
3331 1
3334 3
3338 2
3339 1
2010 4
2011 6
2012 1
2013 5
2014 2
2015 7
2016 2
2017 3
2018 3
2019 4
4660 2
4663 1
4668 1
3343 2
3345 1
3346 1
3347 1
2020 3
2021 1
3801 3
3802 1
2022 4
3803 1
2023 4
3804 1
2024 2
3805 1
2025 5
2026 6
3806 3
2027 4
3807 2
2028 2
2029 5
4670 1
4673 1
3352 1
3353 2
3354 1
3810 1
2030 2
2031 2
3812 1
2032 5
3813 1
2033 4
3814 1
2034 3
2035 3
2036 4
3816 1
3817 1
2037 4
2039 3
4684 1
3361 2
3362 1
3364 1
3365 1
3366 1
3368 1
2040 1
2042 1
3822 2
2043 5
3824 2
2044 2
3825 1
2045 4
3826 1
2046 4
2047 4
3828 1
2049 4
4692 1
4696 1
2502 2
2504 1
2505 1
2506 4
2508 1
2509 2
3372 1
3373 1
3374 1
3379 2
3830 1
2051 6
2052 1
3833 2
2053 1
2054 1
2055 2
3836 2
2056 5
3837 1
2057 1
2059 1
2510 2
2511 1
2513 3
2514 1
2515 4
2516 1
2517 4
2518 4
3380 1
3382 1
3384 1
3386 1
3388 1
3389 1
2060 2
3840 2
3841 1
2061 4
3842 2
2063 4
3843 2
2065 3
3845 1
2066 3
2067 2
2068 3
2069 2
2522 1
2523 1
2525 3
2526 1
2527 1
2529 2
3393 1
3394 1
3395 1
3397 1
3399 1
1200 23
1201 16
1202 15
1203 12
1204 21
1205 19
1206 21
1207 19
1208 17
1209 14
2070 4
2071 4
2072 3
3853 1
2073 6
2074 3
3854 2
2075 2
2076 2
2077 5
2078 2
2079 4
2530 1
2531 3
2535 3
2538 3
2539 4
1210 15
1211 12
1212 19
1213 18
1214 19
1215 16
1216 21
1217 17
1218 23
1219 18
3860 2
2080 7
3861 1
2081 2
2082 2
2083 3
2084 3
2085 3
3866 1
2086 1
3867 1
2087 4
2088 1
2089 9
2540 1
2541 3
2542 2
2543 1
2544 1
300 2466
2547 1
2548 1
301 2442
302 2429
2549 3
303 2462
304 2439
305 2523
306 2404
307 2418
308 2346
309 2471
1220 17
1221 13
1222 23
1223 18
1224 18
1225 19
1226 15
5102 1
1227 18
1228 17
1229 14
5105 1
5107 2
5108 1
2090 2
2092 2
2093 3
3874 2
2094 4
2095 1
2096 8
2097 2
2098 4
3879 1
2099 2
2550 3
2551 2
2552 1
2553 1
2554 4
2555 2
2556 2
2557 1
310 2365
311 2497
2559 1
312 2443
313 2459
314 2509
315 2411
316 2320
317 2462
318 2401
319 2424
1230 20
1231 12
1232 28
1233 11
1234 15
5110 1
1235 16
5111 1
1236 20
1237 15
5113 2
1238 20
5114 1
1239 12
5115 1
5116 1
5117 1
5118 1
5119 1
3885 2
2561 5
2562 3
2563 2
2564 4
2565 1
2567 1
320 2447
321 2495
2569 2
322 2450
323 2487
324 2484
325 2406
326 2520
327 2467
328 2417
329 2358
1240 19
1241 16
1242 13
1243 15
1244 17
1245 18
5121 1
1246 17
5122 1
1247 22
5123 1
1248 22
1249 19
19 1
5127 2
3891 2
3892 1
3894 2
3895 1
3896 1
3897 2
3898 1
3899 1
1700 3
1701 6
1703 3
1704 6
1705 1
1706 3
1707 7
1708 8
1709 6
2571 3
2573 2
2574 2
6450 1
2575 4
330 2572
331 2467
2579 1
332 2540
333 2491
334 2434
335 2412
336 2461
337 2486
338 2493
339 2534
1250 11
1251 15
20 1
1252 16
1253 6
22 1
1254 25
5130 2
1255 12
5131 1
1256 16
1257 14
1258 15
5134 1
1259 20
27 1
5135 1
5136 1
5137 2
5138 1
1710 3
1712 5
1713 5
1714 9
1715 7
1716 5
1717 2
1718 2
1719 7
2580 1
2581 2
2582 4
2584 1
2585 1
2586 1
340 2568
2588 2
341 2524
342 2498
343 2527
344 2524
345 2532
346 2521
347 2594
348 2550
349 2457
1260 16
1261 13
1262 13
30 2
1263 14
32 1
1264 11
1265 11
33 1
1266 12
5142 1
1267 11
35 1
800 131
1268 14
801 130
37 1
5144 1
1269 16
802 119
803 148
5146 2
39 1
804 106
805 130
806 125
807 110
5149 1
808 126
809 104
1720 4
1721 8
1722 2
1723 4
1724 4
1725 8
5601 1
1726 5
1727 5
5603 3
1728 4
5604 1
1729 3
5608 1
2590 1
2591 3
2593 2
2594 1
2596 1
350 2468
351 2452
2598 1
2599 2
352 2478
353 2591
354 2583
355 2494
356 2518
357 2433
358 2600
359 2432
1270 22
1271 24
1272 14
40 5
1273 12
41 1
1274 15
42 7
1275 15
43 7
1276 16
44 9
5152 1
810 112
1277 19
45 29
811 119
5153 1
1278 10
46 35
5154 1
812 103
1279 13
47 61
813 124
5155 2
48 90
814 114
5156 1
49 158
5157 1
815 110
816 125
5158 1
817 106
818 112
819 103
1730 8
1731 6
1732 3
1733 5
1734 5
1735 6
1736 3
1737 7
1738 4
1739 6
360 2488
361 2473
362 2509
363 2471
364 2491
365 2434
366 2447
367 2438
368 2572
369 2502
1280 20
1281 17
1282 17
50 237
1283 12
51 293
1284 10
52 428
1285 15
53 548
1286 15
54 735
1287 10
55 886
820 126
5163 1
1288 8
56 1020
821 113
1289 14
57 1178
822 97
58 1329
823 116
5166 2
59 1532
824 106
825 101
5168 1
826 98
5169 2
827 110
828 112
829 106
1740 4
1741 5
1742 6
1743 4
1744 9
1745 4
5621 1
1746 7
1747 5
1748 7
5624 1
1749 7
5629 1
370 2651
371 2512
372 2533
373 2537
374 2501
375 2512
376 2526
377 2440
378 2524
379 2507
4300 1
4302 1
4303 1
4306 1
4307 2
4308 1
1290 17
1291 10
1292 12
60 1651
1293 17
61 1747
1294 16
62 1829
1295 12
63 1951
1296 20
64 2141
1297 16
65 2229
830 107
5173 3
1298 13
66 2344
831 117
5174 1
1299 13
67 2394
832 90
5175 1
68 2383
833 99
5176 1
69 2441
834 124
835 104
836 105
837 104
838 100
839 117
1750 8
1751 1
1752 3
1753 5
1754 6
5630 1
1755 5
5631 2
1756 5
5632 1
1757 8
5633 2
1758 5
1759 3
5637 1
5639 2
380 2547
381 2506
382 2511
383 2433
384 2441
385 2542
386 2433
387 2439
388 2449
389 2447
4310 1
4313 1
4315 1
70 2424
71 2460
72 2362
5180 2
73 2373
5181 1
74 2377
75 2378
840 94
5183 2
76 2289
841 112
5184 4
77 2262
842 115
78 2258
843 89
5186 2
79 2184
844 90
5187 1
845 84
5188 2
846 79
5189 1
847 118
848 92
849 88
1760 5
1761 8
1762 3
1763 3
1764 5
1765 1
5640 1
1766 1
5641 3
1767 5
5643 1
1768 10
1769 4
5645 3
5648 2
390 2428
391 2443
392 2442
393 2471
394 2391
395 2403
396 2508
397 2459
398 2452
399 2380
4321 1
4322 1
4325 2
4328 1
80 2227
81 2339
82 2282
83 2247
84 2287
850 77
5192 3
85 2255
851 69
5193 1
86 2274
852 93
87 2302
853 95
5195 2
88 2356
854 104
5196 1
89 2280
855 86
5197 2
856 91
5198 1
5199 1
857 82
858 66
859 77
3001 1
3002 1
3004 2
3005 2
3006 1
3009 1
1770 4
1771 3
1772 5
1773 5
1774 2
5650 1
1775 2
1776 4
1777 1
5653 1
1778 2
5654 2
1779 2
4334 1
4338 1
90 2427
91 2336
92 2470
93 2459
94 2447
95 2486
860 84
96 2491
861 92
97 2596
862 82
98 2591
863 75
99 2708
864 64
865 82
866 76
867 70
868 81
869 85
3010 3
3013 1
3014 2
3015 2
3017 2
1780 4
1781 6
1782 5
1783 5
1784 4
5660 1
1785 7
5661 1
1786 4
1787 6
1788 3
1789 2
5666 2
4342 2
4344 1
870 72
871 80
872 76
873 92
874 72
875 92
876 88
877 74
878 83
879 68
3020 1
3021 1
4801 1
4802 1
3023 1
1790 6
1791 3
1792 4
1793 8
1794 8
1795 6
1796 6
5672 1
1797 5
5673 2
1798 3
1799 5
5677 1
5678 2
4353 1
4358 1
4359 1
880 70
881 80
882 83
883 73
884 74
885 80
886 74
887 57
888 74
889 76
4810 1
3030 2
4811 1
3031 1
3032 1
4813 1
3033 2
3034 1
3035 1
3036 1
5682 1
5683 1
5684 1
5685 1
4360 1
4366 1
890 57
891 76
892 89
893 56
894 57
895 73
896 90
897 81
898 68
899 73
4820 1
3041 1
4822 3
3043 1
3046 1
4827 1
3047 1
3048 1
4829 2
5690 1
5692 1
5695 1
5696 1
5697 1
5698 1
3500 1
3503 2
3504 1
3506 1
4370 1
4373 2
4376 2
4378 2
3050 1
4834 1
3054 3
3055 3
3056 1
3515 1
3516 3
3517 1
3518 1
4380 1
4381 1
4382 1
4383 1
4384 1
4385 2
3061 1
4842 1
3062 1
3063 1
3065 1
3067 2
3068 2
3069 2
4849 1
3520 2
3521 1
3524 1
3525 1
3526 1
3527 1
3529 4
4393 1
4396 1
4398 1
2200 1
2201 1
2202 4
2203 1
2204 3
2205 1
2208 1
4850 2
3070 1
3072 1
3073 2
3074 1
4855 1
3076 1
4859 1
3532 2
3539 1
2210 2
2211 3
2212 1
2214 4
2215 2
2216 1
2218 5
2219 1
3082 1
4864 1
3085 1
3088 1
4868 1
4869 2
3540 3
3542 1
3544 1
3546 1
3548 2
2220 2
2221 1
2222 1
2223 1
2224 3
2225 3
2226 1
2227 1
2228 1
2229 3
3090 1
3091 1
3094 3
4875 1
4876 2
4877 1
4878 2
3553 2
3557 2
3559 1
2230 1
2231 3
2234 6
2235 1
2236 5
2237 3
2238 2
4880 1
4886 1
4888 1
3562 1
3563 2
3565 1
3569 2
2240 3
2241 4
2242 1
2244 7
2245 3
2246 4
2247 3
2248 1
2249 1
4891 1
4893 1
4895 1
4896 1
4899 2
2700 1
2701 1
2702 2
2703 2
2704 1
2707 1
2708 4
3570 2
3571 1
2250 2
2251 1
2252 2
2253 5
2254 3
2255 3
2257 2
2259 3
2712 4
2713 3
2714 1
2715 4
2717 2
2719 2
3581 1
3582 1
3584 1
3586 1
3587 2
2260 3
2261 1
2262 1
2263 3
2264 3
2266 3
2267 3
2268 3
2720 2
2721 1
2722 3
2723 3
2724 1
2725 2
2726 2
2727 2
2729 2
3592 1
3594 1
3597 1
1400 11
1401 9
1402 13
1403 16
1404 12
1405 8
1406 6
1407 13
1408 11
1409 10
2270 3
2272 1
2273 2
2274 3
2275 1
2276 4
2277 3
2278 1
2730 1
2732 2
2733 1
2734 1
2735 2
2736 4
2737 1
2739 1
1410 5
1411 5
1412 7
1413 9
1414 4
1415 16
1416 12
1417 12
1418 12
1419 15
2280 1
2281 1
2283 1
2284 2
6160 1
2287 3
2288 1
2289 1
2740 3
2741 3
2742 1
2743 1
2745 2
2746 1
500 1477
2747 2
501 1435
2748 3
2749 1
502 1470
503 1462
504 1503
505 1463
506 1387
507 1411
508 1413
509 1383
1420 14
1421 9
1422 5
1423 15
1424 7
1425 6
5301 1
1426 5
5302 2
1427 9
5303 1
1428 11
5304 3
1429 13
5305 1
5307 2
5309 1
2290 2
2291 1
2292 3
2293 1
2294 3
6170 1
2295 2
2296 1
2297 2
2298 2
2299 2
2750 1
2754 3
2757 3
510 1378
2758 1
511 1389
2759 2
512 1420
513 1359
514 1282
515 1368
516 1333
517 1392
518 1254
519 1253
1430 15
1431 14
1432 9
1433 15
1434 9
5310 2
1435 12
5311 1
1436 17
1437 9
5313 1
1438 12
1439 8
5316 2
5317 1
5319 1
2760 2
2761 1
2762 2
2764 1
2766 2
520 1293
2768 1
521 1263
2769 3
522 1276
523 1260
524 1288
525 1260
526 1265
527 1236
528 1268
529 1204
1440 12
1441 10
1442 6
1443 13
1444 7
5320 1
1445 15
1446 11
1447 11
1448 13
5324 1
1449 7
5325 1
5326 1
5329 1
1900 2
1901 5
1902 4
1903 6
1904 3
1905 8
1906 2
4001 1
1907 4
4003 2
1908 7
4004 1
1909 5
4008 1
4009 1
2771 2
2774 1
2776 1
530 1203
531 1174
532 1138
533 1208
534 1146
535 1127
536 1162
537 1162
538 1088
539 1110
1450 8
1451 7
1452 12
1453 10
1454 8
5330 2
1455 15
5331 2
1456 13
5332 1
1457 9
5333 3
1458 8
5334 1
1459 7
5335 1
5336 1
5337 1
1910 6
1911 4
1912 4
1913 4
1914 5
1915 2
1916 6
1917 4
1918 2
1919 1
4019 1
2780 2
2781 1
2782 1
2783 1
2784 1
2785 2
2786 2
540 1085
541 1053
2788 1
542 1098
543 1056
544 1061
545 1078
546 1055
547 1038
548 975
549 1020
1460 11
1461 6
1462 6
1463 12
1464 11
5340 4
1465 10
5341 3
1466 10
1467 13
5343 1
1468 7
5344 1
1469 14
5345 1
5346 2
5347 3
5348 2
1920 2
1921 5
1922 6
1923 1
1924 4
1925 5
5801 1
1926 5
1927 3
4023 1
1928 2
1929 1
5807 1
5808 1
4029 1
2792 1
2794 1
2795 4
2796 2
2797 1
550 1091
2798 1
551 1018
2799 3
552 1022
553 1033
554 972
555 991
556 973
557 956
558 893
559 978
1470 9
1471 11
1472 18
1473 11
1474 10
1475 8
5351 1
1476 10
1477 8
5353 1
1478 12
5354 1
1479 11
5355 2
5356 1
5358 1
1930 4
1931 2
1932 3
1933 4
1934 2
1935 6
1936 4
1937 2
4033 1
5813 1
1938 2
5814 1
1939 9
560 929
561 991
562 955
563 969
564 879
565 910
566 874
567 912
568 912
569 883
1480 12
1481 12
1482 13
1483 9
1484 6
1485 13
5361 1
1486 10
1487 5
1488 13
5364 2
1489 9
5365 3
5366 1
5367 1
5368 1
1940 2
1941 1
1942 5
1943 2
1944 2
1945 1
1946 3
5822 1
1947 2
1948 7
1949 1
4046 1
4047 2
4048 1
570 843
571 882
572 853
573 811
574 838
575 782
576 794
577 776
578 764
579 804
4502 1
4503 1
4507 1
1490 14
1491 9
1492 7
1493 11
1494 9
5370 2
1495 7
1496 8
5372 3
1497 16
1498 5
5374 1
1499 11
5377 3
5379 1
1950 1
1951 3
1952 2
1953 4
1954 5
1956 6
1957 4
1958 6
1959 7
4054 2
4056 2
5839 1
580 788
581 756
582 797
583 727
584 781
585 748
586 747
587 744
588 716
589 735
4512 1
5380 1
5381 1
5382 1
5383 3
5388 1
5389 2
1960 3
1961 1
1962 3
1963 2
1964 3
1965 3
1966 2
1967 2
4063 1
1968 2
4064 1
1969 4
5845 1
4067 1
590 738
591 697
592 726
593 710
594 629
595 683
596 698
597 663
598 612
599 673
4524 1
4529 1
5390 1
5391 2
5393 1
5396 1
5397 2
5398 1
3200 2
3201 1
3203 1
3204 1
3205 2
1970 2
1971 2
1972 3
1973 5
1974 5
1975 4
5851 1
1976 3
1977 4
1979 2
4530 1
4532 1
4535 2
4536 1
4539 1
3210 2
3216 1
3219 1
1980 3
1981 4
1982 5
1983 3
1984 4
1985 4
5860 2
1986 5
1987 5
4083 2
4084 1
1989 6
5865 1
4085 1
5866 1
4089 1
4541 1
4542 1
4545 1
3224 1
3225 2
3229 1
1990 2
1991 4
1992 4
1993 3
1994 4
1995 6
4090 1
1996 4
1997 2
1998 1
5873 1
1999 3
4096 1
4097 1
4550 1
4554 1
4558 1
3230 1
3233 2
3234 1
3235 2
3239 1
4565 1
4566 1
4567 2
4569 1
3240 1
3242 1
3245 1
3247 1
3248 2
3249 1
5896 1
3700 2
3702 1
3706 1
3709 1
4571 1
4573 2
4574 1
4575 1
4576 2
3250 1
3251 3
3252 1
3253 2
3255 1
3256 2
3257 1
3710 1
3714 2
3715 1
3716 1
3717 1
4580 1
4581 1
4584 2
4589 1
3260 1
3261 1
3262 2
3263 1
3264 2
3265 1
3266 1
3727 2
3728 1
4591 1
4595 1
4597 1
2400 1
2402 1
2403 1
2404 2
2405 1
2406 2
2409 1
3270 3
3277 1
3279 1
3730 1
3731 1
3733 2
3735 2
3736 1
2411 4
2413 2
2415 1
2416 4
2418 1
2419 3
3283 2
3286 1
3287 1
3288 1
3740 1
3741 2
3744 1
2420 1
2421 1
2422 1
2424 2
2426 5
2427 3
2428 1
3291 1
3295 1
3297 1
3298 2
3299 1
1100 23
1101 26
1102 26
1103 20
1104 28
1105 22
1106 15
1107 27
1108 25
1109 25
3752 1
3753 1
2430 4
2431 1
2433 3
2434 1
2436 2
2438 1
1110 31
1111 32
1112 24
1113 29
1114 27
1115 23
1116 29
1117 22
1118 25
1119 26
3762 1
3763 2
3764 1
3766 2
3767 1
2440 1
2441 1
2443 2
2444 1
2445 1
200 2964
2448 1
201 2943
2449 2
202 2951
203 2952
204 2899
205 2904
206 2822
207 2878
208 2946
209 2845
2900 2
1120 20
2901 2
1121 21
2902 1
1122 28
1123 25
2904 2
1124 26
1125 17
1126 24
2907 1
1127 26
2908 1
1128 23
1129 16
5005 1
3770 1
3771 2
3774 2
3778 1
3779 1
2450 2
2451 1
2452 1
2454 2
2455 1
2457 3
210 2785
2458 1
211 2745
2459 2
212 2777
213 2788
214 2794
215 2714
216 2835
217 2753
218 2752
219 2768
2910 2
1130 17
2911 4
1131 24
1132 29
1133 28
1134 18
2915 2
1135 22
5011 1
1136 25
2917 2
1137 22
5013 1
2918 1
1138 18
1139 27
5017 1
5019 1
3780 1
3781 1
3787 2
3788 1
2460 1
2462 1
2463 2
2464 2
2465 2
2466 4
220 2743
2467 3
221 2711
2468 2
2469 1
222 2716
223 2711
224 2710
225 2661
226 2712
227 2679
228 2727
229 2758
2920 1
1140 25
1141 24
1142 26
1143 13
2924 1
1144 23
1145 17
2925 1
5021 1
1146 22
2926 3
5022 1
2927 3
1147 16
1148 20
2928 2
1149 25
2929 2
5028 1
3796 1
3797 1
3799 1
1600 3
1601 6
1602 6
1603 4
1604 7
1605 7
1606 7
1607 8
1608 5
1609 4
2470 1
2472 1
2473 1
2474 3
2475 2
230 2569
2477 2
231 2660
2478 2
232 2710
233 2700
234 2602
235 2588
236 2598
237 2577
238 2609
239 2540
1150 30
2931 1
1151 31
2932 3
1152 28
2933 1
1153 19
2934 3
1154 28
2935 1
1155 21
5031 1
1156 18
2937 1
1157 27
2938 1
1158 16
2939 2
5034 3
1159 30
5035 1
5036 1
5038 2
1610 7
1611 5
1612 6
1613 5
1614 9
1615 4
1616 8
1617 7
1618 9
1619 5
2480 1
2481 1
2482 2
2483 1
6360 1
240 2610
241 2457
242 2629
243 2539
244 2583
245 2652
246 2556
247 2435
248 2563
249 2589
1160 20
2941 3
1161 28
2942 1
1162 25
2943 1
1163 12
1164 23
1165 25
2946 1
1166 23
2947 2
5042 1
1167 27
700 284
5043 1
1168 27
701 282
2949 1
1169 19
702 284
703 256
704 246
705 261
706 264
707 247
708 270
709 249
1620 7
1621 2
1622 11
1623 4
1624 6
1625 8
5501 1
1626 2
1627 5
1628 5
5504 1
1629 11
5506 2
5509 1
2491 2
2493 1
2495 4
2496 1
2497 1
250 2523
251 2586
2499 2
252 2461
253 2536
254 2607
255 2587
256 2507
257 2465
258 2575
259 2484
1170 14
2951 1
1171 21
1172 21
2953 1
1173 18
1174 16
2955 1
1175 16
5051 1
1176 27
2957 1
5052 2
1177 20
710 261
2958 1
1178 23
711 246
2959 1
1179 24
712 257
713 238
714 262
5057 1
715 239
5058 2
716 244
717 212
718 225
719 239
1630 8
1631 7
1632 3
1633 9
1634 3
5510 1
1635 3
1636 5
5512 1
1637 6
5513 1
1638 8
1639 1
5516 1
5518 2
260 2501
261 2494
262 2470
263 2511
264 2398
265 2454
266 2477
267 2479
268 2559
269 2507
2960 1
1180 18
1181 23
2961 2
1182 24
1183 22
1184 19
2964 3
1185 24
2966 1
5061 1
1186 29
1187 26
720 219
2967 1
2968 1
5063 1
1188 16
721 210
1189 17
722 236
2969 1
5065 1
723 256
5066 1
724 232
725 205
5068 1
726 206
5069 1
727 238
728 202
729 188
1640 5
1641 5
1642 7
1643 2
1644 7
5520 1
1645 4
1646 9
5522 1
1647 8
1648 5
1649 5
5525 2
5527 1
5529 1
270 2459
271 2483
272 2410
273 2442
274 2386
275 2471
276 2349
277 2455
278 2499
279 2412
4205 1
2970 3
1190 20
1191 17
2972 1
1192 16
2973 3
1193 26
1194 15
5070 2
1195 17
5071 1
2976 1
1196 19
730 201
2977 1
1197 15
731 197
5073 2
1198 30
732 210
2979 2
1199 19
733 225
734 208
735 240
5077 1
736 205
737 210
5079 1
738 213
739 185
1650 5
1651 2
1652 4
1653 9
1654 7
5530 4
1655 4
5531 1
1656 4
5532 3
1657 6
1658 3
1659 4
5535 1
280 2490
281 2375
282 2425
283 2515
284 2424
285 2506
286 2448
287 2474
288 2439
289 2516
4217 1
2980 1
2981 2
2983 5
2984 1
2985 2
5081 1
5082 2
740 221
2988 1
741 208
5084 1
742 183
5085 2
743 178
5086 2
744 174
745 199
746 185
5089 1
747 183
748 161
749 173
1660 8
1661 9
1662 4
1663 7
1664 5
1665 9
5541 2
1666 9
1667 5
5543 1
1668 6
1669 3
5547 1
5548 1
290 2436
291 2419
292 2448
293 2469
294 2367
295 2429
296 2437
297 2367
298 2479
299 2475
4221 2
4228 3
2990 1
2992 1
2994 1
2995 1
5092 2
750 178
5093 1
751 181
5094 1
2999 1
752 174
5095 1
753 191
754 192
755 166
5098 2
756 166
5099 1
757 172
758 158
759 158
1670 4
1671 5
1672 6
1673 6
1674 3
1675 3
1676 8
1677 2
5552 1
5553 2
1678 8
1679 5
5556 3
4232 1
4239 2
760 181
761 175
762 163
763 168
764 165
765 161
766 153
767 179
768 197
769 156
1680 4
1681 5
1682 9
1683 6
1684 3
5560 1
1685 4
1686 5
1687 7
1688 6
5564 1
1689 4
5565 1
5568 1
5569 1
4249 1
770 154
771 161
772 174
773 145
774 153
775 139
776 152
777 167
778 145
779 146
4703 1
4706 1
4708 1
1690 7
1691 3
1692 11
1693 8
1694 5
5570 1
1695 3
1696 2
5572 2
1697 8
1698 5
1699 6
5575 2
5576 1
4251 1
4259 1
780 145
781 162
782 153
783 150
784 162
785 148
786 136
787 130
788 137
789 137
4715 1
4719 1
5584 1
5585 4
4260 1
4261 1
4263 2
4264 1
4265 1
4266 2
4268 2
790 120
791 149
792 140
793 134
794 131
795 155
796 123
797 119
798 102
799 121
4722 1
4725 1
4727 1
5591 1
5592 1
5596 1
5598 1
3402 2
3403 2
3404 1
3405 1
3408 1
4277 1
4730 2
4735 1
4737 1
4739 1
3413 2
3414 1
3415 1
3416 1
3417 1
4280 2
4281 1
4284 1
4285 1
4287 1
4742 1
4748 2
4749 1
3423 2
3426 1
3428 3
4290 1
4292 1
4295 1
2100 1
2102 1
2103 3
2104 3
2105 5
2106 4
2107 4
2108 4
2109 2
4751 1
4752 1
4754 1
3431 1
3435 2
3436 1
3437 1
3438 2
2110 1
2111 3
2112 3
2113 1
2114 3
2115 1
2116 3
2117 2
2118 2
2119 1
4767 2
4768 1
3440 1
3443 1
3446 1
3447 2
3448 1
3449 1
2120 2
2121 1
2122 2
3903 1
2123 5
2124 4
2125 2
3905 1
2126 4
3907 1
2127 3
3908 2
2128 5
3909 2
2129 1
4779 1
3452 1
3455 1
3456 1
3457 1
3458 1
2130 1
3910 1
3911 1
2131 1
3912 1
2132 4
2133 2
2134 4
3915 1
2135 2
3916 1
3917 1
2138 3
3919 1
2139 3
4781 1
4783 1
4787 1
4789 2
3463 3
3469 1
2140 2
3920 1
2141 3
2142 2
2143 2
2144 3
3925 1
2146 1
3926 2
3927 2
2147 2
3928 1
2149 5
4792 2
4797 1
2600 1
2601 1
2602 4
2603 1
2604 5
2606 1
2607 3
2608 2
2609 1
3470 1
3471 1
3473 2
3476 2
3478 2
3930 2
2151 3
3932 3
2152 1
2153 1
3933 1
2154 1
2155 3
3936 1
2156 4
3937 1
2157 1
2158 2
2159 3
2610 2
2613 1
2614 1
2616 1
2617 5
2618 2
2619 4
3481 2
3482 1
3487 1
3489 3
2160 6
2161 1
2162 2
2163 3
2164 3
6040 1
3946 1
2166 5
2167 3
3948 1
2168 3
3949 1
2169 2
2620 1
