2621 3
2622 1
2623 3
2624 2
2625 2
2628 2
2629 3
3490 1
3491 1
3492 3
3494 1
3497 1
1300 10
1301 10
1302 14
1303 13
1304 14
1305 10
1306 13
1307 7
1308 14
1309 18
2170 3
3951 1
2171 1
2172 3
2173 3
3954 1
2174 5
2176 2
3957 2
2177 2
2178 2
3959 1
2179 3
2630 1
2631 2
2632 2
2633 6
2634 1
2637 2
2638 2
2639 1
1310 12
1311 15
1312 13
1313 13
1314 10
1315 19
1316 12
1317 11
1318 16
1319 10
2180 2
2181 2
2182 4
3962 1
2183 4
2184 1
2185 2
2186 2
2187 3
3968 1
2189 4
2640 2
2641 4
2642 2
2643 1
2644 1
2647 3
400 1991
2648 1
401 2075
402 1938
403 1983
404 1900
405 1928
406 1997
407 1868
408 1922
409 1960
1320 12
1321 9
1322 11
1323 8
1324 21
1325 8
5201 2
1326 12
5202 1
1327 15
5203 1
1328 5
1329 10
5205 1
5209 1
2190 2
3971 1
2192 3
2193 4
3974 1
2194 7
2195 3
2197 1
2198 1
2199 1
2651 1
2652 1
2653 2
2654 2
2655 1
2656 3
2657 1
410 1936
411 1937
2659 1
412 2066
413 1988
414 1955
415 1890
416 1855
417 1946
418 1863
419 1934
1330 19
1331 14
1332 8
1333 13
1334 12
1335 24
1336 6
1337 11
1338 11
5214 1
1339 13
5215 1
5219 1
3981 1
3982 2
3984 1
2661 1
2663 2
2664 2
2666 2
420 1933
2667 2
421 1917
422 1905
2669 1
423 1898
424 1980
425 1950
426 1898
427 1801
428 1881
429 1887
1340 13
1341 15
1342 13
1343 12
1344 9
5220 3
1345 11
1346 14
1347 9
1348 15
5224 1
1349 15
5226 1
3993 1
3994 1
3998 1
1800 3
1801 6
1802 3
1803 4
1804 6
1805 8
1806 8
1807 4
1808 3
1809 1
2670 4
2671 1
2672 1
2673 3
2674 2
2675 2
2676 1
2677 2
430 1900
431 1815
2679 3
432 1897
433 1800
434 1892
435 1801
436 1786
437 1911
438 1873
439 1857
1350 9
1351 14
1352 17
1353 14
1354 11
1355 8
1356 8
5232 1
1357 5
5233 1
1358 7
5234 3
1359 9
5235 1
5237 3
5239 1
1810 2
1811 2
1812 3
1813 7
1814 6
1815 1
1816 1
1817 10
1818 8
1819 2
2680 2
2681 2
2682 1
2683 1
2685 1
440 1822
2688 2
441 1828
2689 2
442 1741
443 1787
444 1772
445 1778
446 1753
447 1858
448 1795
449 1814
1360 12
1361 11
1362 13
1363 11
1364 12
1365 7
5241 3
1366 7
5242 2
1367 10
900 54
5243 2
1368 11
901 65
5244 1
1369 9
902 53
903 61
5246 1
904 52
5247 2
905 73
906 57
907 63
908 67
909 52
1820 4
1821 9
1822 4
1823 2
1824 4
1825 4
1826 3
1827 5
1828 4
1829 2
5706 1
5707 1
5708 1
2690 4
2692 1
2694 2
2696 2
450 1718
2697 2
451 1746
2698 3
452 1773
2699 2
453 1675
454 1724
455 1736
456 1723
457 1694
458 1739
459 1715
1370 8
1371 15
1372 13
1373 14
1374 5
5250 1
1375 12
1376 16
5252 2
1377 15
910 48
1378 12
911 73
1379 11
912 53
913 50
914 46
5257 1
915 52
916 51
917 55
918 60
919 59
1830 2
1831 5
1832 3
1833 6
1834 4
1835 2
5711 3
1836 4
5712 2
1837 4
1838 4
1839 4
5717 2
460 1625
461 1665
462 1730
463 1674
464 1657
465 1601
466 1646
467 1580
468 1619
469 1610
1380 10
1381 11
1382 10
1383 13
1384 7
5260 1
1385 15
1386 16
920 69
1387 12
921 60
1388 9
922 64
5264 2
1389 12
923 50
924 60
5266 3
925 62
926 58
927 43
5269 1
928 64
929 57
1840 4
1841 4
1842 8
1843 3
1844 8
1845 6
1846 2
5722 1
1847 3
5723 1
1848 3
5724 2
1849 4
5725 1
5728 1
5729 1
470 1674
471 1517
472 1531
473 1601
474 1521
475 1540
476 1593
477 1532
478 1622
479 1559
4400 1
4401 1
4403 2
4408 1
4409 1
1390 9
1391 12
1392 8
1393 7
1394 10
1395 12
1396 9
930 46
5272 2
1397 13
931 54
1398 11
932 62
5274 1
1399 10
933 42
934 58
5276 2
935 55
936 48
937 41
938 37
939 37
1850 1
1851 2
1852 3
1853 3
1854 1
1855 1
1856 6
1857 4
5733 2
1858 2
1859 6
5735 1
5737 1
480 1568
481 1524
482 1476
483 1554
484 1562
485 1474
486 1444
487 1494
488 1466
489 1512
4413 1
4414 1
4416 1
5280 3
5281 1
940 45
941 57
5284 1
942 54
5285 1
943 54
5286 1
944 53
945 41
5288 1
946 50
947 43
948 54
949 58
1860 2
1861 7
1862 4
1863 7
1864 2
1865 1
1866 4
1867 1
5742 1
1868 3
5744 1
1869 10
5745 1
5748 2
5749 2
490 1485
491 1402
492 1449
493 1397
494 1364
495 1377
496 1368
497 1364
498 1376
499 1432
4420 1
4421 2
4422 1
4423 1
4429 2
5290 2
5291 1
5292 1
950 51
5293 2
951 48
952 55
5295 2
953 52
5296 1
954 45
955 58
5298 2
956 52
957 49
958 42
959 39
3101 1
3103 3
3105 2
3106 1
3107 1
3109 1
1870 2
1871 4
1872 2
1873 8
1874 2
5750 1
1875 5
1876 4
5752 2
1877 4
5753 1
1878 5
5754 1
1879 5
4430 1
4433 1
4434 1
4436 1
4438 1
960 56
961 41
962 41
963 48
964 45
965 44
966 49
967 51
968 46
969 47
3111 1
3113 3
3114 2
3116 1
3117 1
3119 2
1880 4
1881 7
1882 2
1883 4
1884 3
1885 4
5761 1
1886 4
1887 1
5762 1
1888 1
5763 1
1889 2
5766 1
5767 1
5768 1
4449 2
970 34
971 51
972 38
973 45
974 47
975 33
976 46
977 40
978 38
979 34
3122 2
4903 1
4904 1
3127 2
3128 1
3129 1
1890 5
1891 3
1892 6
1893 2
1894 7
1895 5
5771 1
1896 2
5772 1
1897 5
1898 7
1899 3
5778 1
4452 1
4459 2
980 47
981 40
982 35
983 47
984 51
985 36
986 51
987 34
988 39
989 43
3130 2
3131 1
3132 1
4913 1
4916 1
3137 1
3138 1
4919 1
3139 1
5781 1
5783 3
5784 1
5787 2
4460 1
4464 1
990 44
991 43
992 38
993 28
994 51
995 44
996 39
997 41
998 36
999 44
4920 1
3140 1
3141 1
4923 1
3144 1
3146 1
4928 1
3149 2
5791 1
5793 1
5794 1
5796 1
5797 1
5798 1
3601 1
3603 1
3606 1
3609 2
4470 1
4473 1
4476 1
4478 1
4479 1
4930 1
3151 1
4931 2
3152 1
4932 1
4933 1
3154 1
4936 1
3156 3
3158 1
3611 1
3615 1
3617 2
3618 1
4484 1
4489 1
3163 1
3164 1
3166 1
4947 1
4948 1
4949 1
3626 1
3629 2
4495 1
4498 2
2300 3
2301 1
2302 2
2303 3
2304 2
2305 2
2306 1
2307 4
2308 2
2309 1
4951 1
3172 1
3174 1
3175 1
3176 1
4956 1
3177 1
4959 1
3179 2
3630 2
3632 1
3635 1
3636 1
2310 1
2312 2
2313 1
2314 2
2315 2
2316 2
2317 1
2318 4
2319 2
3180 2
4962 1
4963 1
3184 2
4964 2
3185 1
3186 2
3188 2
3189 1
3646 1
2320 2
2321 2
2322 1
2323 2
2324 2
2325 2
2326 4
2327 1
2328 3
3190 1
3193 1
4974 2
3199 1
3650 2
3651 1
3654 2
3655 1
3659 1
2330 2
2331 3
2332 1
2334 3
2335 2
2336 1
2337 2
2338 2
2339 1
4982 2
4986 1
1000 47
4987 2
1001 40
1002 36
1003 44
1004 31
1005 50
1006 51
1007 34
1008 36
1009 39
3661 1
3662 1
3664 1
3665 4
3667 1
2340 1
2344 1
2346 1
100 2133
2347 2
2348 1
101 2103
102 2173
103 2230
104 2240
105 2229
106 2240
107 2261
108 2263
109 2281
4992 1
4993 1
1010 37
1011 27
4998 1
1012 38
1013 29
1014 37
1015 29
1016 27
2800 2
1017 44
2801 1
1018 34
2802 3
1019 33
2803 1
2804 4
2805 1
2806 1
2809 2
3671 1
3674 2
3675 1
2350 3
2351 2
2352 1
2353 1
2354 2
2355 3
2356 2
110 2252
2357 1
111 2429
2358 2
2359 2
112 2482
113 2437
114 2504
115 2384
116 2415
117 2437
118 2441
119 2523
1020 35
1021 39
1022 35
1023 46
1024 31
1025 34
1026 46
1027 37
1028 41
1029 31
2814 1
2815 1
2816 2
2817 2
2818 1
2819 2
3682 2
3685 3
3686 1
3689 1
2360 3
2362 1
2363 1
2364 1
2365 3
2366 2
2367 1
120 2608
2368 2
121 2583
2369 2
122 2570
123 2611
124 2617
125 2531
126 2614
127 2697
128 2644
129 2568
1030 34
1031 29
1032 40
1033 33
1034 42
1035 28
1036 30
1037 23
1038 38
2822 1
1039 43
2824 1
2828 2
2829 2
3691 1
3692 1
3693 2
3694 1
3695 1
3696 1
3697 1
3698 1
1500 12
1501 8
1502 13
1503 6
1504 7
1505 6
1506 7
1507 10
1508 5
1509 11
2370 1
2371 1
2372 2
2373 2
2374 2
2375 1
2376 1
2377 3
130 2544
2378 1
131 2632
2379 2
132 2599
133 2578
134 2765
135 2677
136 2672
137 2751
138 2765
139 2725
1040 28
1041 30
1042 25
1043 26
1044 34
1045 39
1046 32
2830 1
1047 24
2831 1
1048 29
2832 1
1049 30
2833 1
2834 1
2835 2
2837 2
2838 1
2839 1
1510 8
1511 11
1512 7
1513 10
1514 8
1515 11
1516 5
1517 10
1518 10
1519 5
2380 5
2381 1
2382 1
2383 2
2385 1
2386 2
140 2697
2387 1
2388 1
141 2660
142 2758
2389 4
143 2678
144 2809
145 2763
146 2786
147 2697
148 2682
149 2825
1050 25
1051 27
1052 31
1053 32
1054 21
1055 26
1056 27
2840 1
1057 27
2841 1
1058 28
2842 3
1059 26
2843 1
2847 1
600 626
2848 1
601 648
2849 1
602 637
603 652
604 586
605 628
606 603
607 595
608 565
609 610
1520 8
1521 4
1522 10
1523 7
1524 5
5400 2
1525 6
5401 2
1526 7
5402 1
1527 6
1528 7
5404 1
1529 7
5407 1
5408 2
5409 1
2390 1
2391 1
2394 1
2396 3
150 2794
2397 2
2398 1
151 2665
152 2845
2399 3
153 2721
154 2737
155 2752
156 2733
157 2680
158 2643
159 2597
1060 41
1061 19
1062 35
1063 35
1064 35
1065 31
1066 24
1067 19
1068 24
2851 2
1069 24
2853 2
2854 2
2856 1
610 608
2857 2
2858 1
611 585
612 571
613 612
614 556
615 572
616 546
617 580
618 526
619 571
1530 10
1531 5
1532 4
1533 5
1534 5
5410 3
1535 5
5411 1
1536 3
5412 1
1537 11
1538 5
1539 8
5419 1
160 2675
161 2592
162 2572
163 2658
164 2653
165 2688
166 2569
167 2621
168 2588
169 2648
1070 25
1071 26
1072 39
1073 34
1074 30
1075 35
1076 33
1077 30
1078 28
1079 38
2866 2
2867 1
620 525
2868 1
621 543
2869 1
622 538
623 533
624 560
625 541
626 504
627 517
628 521
629 495
1540 4
1541 4
1542 7
1543 4
1544 13
5420 2
1545 5
5421 3
1546 6
1547 7
5423 2
1548 5
5424 1
1549 6
5425 1
5426 2
5428 1
170 2735
171 2528
172 2555
173 2666
174 2591
175 2601
176 2584
177 2477
178 2433
179 2520
4100 1
4103 1
1080 26
1081 32
4105 1
1082 31
1083 32
1084 36
1085 30
1086 28
2870 3
1087 29
2871 1
1088 27
1089 24
2874 3
630 532
2878 2
631 499
632 471
633 475
634 502
635 482
636 458
637 455
638 467
639 454
1550 2
1551 10
1552 4
1553 8
1554 6
1555 7
1556 2
1557 3
1558 13
1559 9
5435 1
5436 1
5437 2
180 2553
181 2547
182 2450
183 2416
184 2460
185 2448
186 2511
187 2516
188 2431
189 2397
4113 1
1090 24
1091 16
1092 28
1093 25
1094 20
1095 24
1096 31
2880 1
1097 26
1098 33
1099 34
2883 1
2885 4
2887 2
640 457
2888 2
641 484
2889 2
642 451
643 478
644 392
645 417
646 437
647 461
648 411
649 441
1560 5
1561 12
1562 8
1563 4
1564 3
5440 1
1565 7
5441 1
1566 9
1567 7
1568 12
5444 1
1569 7
5445 2
5448 1
190 2417
191 2422
192 2456
193 2436
194 2408
195 2412
196 2362
197 2406
198 2388
199 2359
5900 1
4120 1
4121 1
5902 1
4122 1
4126 1
5907 1
2892 1
2894 2
2895 1
650 375
2897 2
6773 1
2898 1
651 437
652 410
653 381
654 451
655 355
656 404
657 408
658 407
659 413
1570 9
1571 8
1572 5
1573 6
1574 9
1575 5
5451 1
1576 7
5452 3
1577 6
5453 2
1578 3
1579 6
5456 1
5457 1
4138 1
660 389
661 390
662 394
663 366
664 369
665 361
666 362
667 360
668 378
669 345
1580 6
1581 6
1582 2
1583 7
1584 6
1585 5
1586 3
1587 7
1588 8
1589 3
5464 1
5465 1
5467 2
5469 2
5923 1
4146 1
670 378
671 330
672 390
673 358
674 360
675 333
676 323
677 340
678 329
679 366
1590 8
1591 6
1592 7
1593 8
1594 4
1595 8
1596 9
1597 5
5473 1
1598 7
1599 8
5477 1
4150 1
5936 1
680 308
681 334
682 333
683 307
684 325
685 317
686 325
687 331
688 302
689 310
4610 1
4613 2
4615 1
5480 1
5481 1
5485 2
5486 1
5488 1
690 302
691 293
692 316
693 317
694 302
695 297
696 267
697 299
698 274
699 284
4621 2
4622 1
4626 1
4629 1
5490 2
5494 2
5499 1
3301 1
3302 1
3303 1
3304 1
3305 1
3309 1
4171 1
4174 1
4176 1
4177 1
4178 1
4633 1
4634 1
4182 1
4640 1
4641 1
4647 1
3321 1
3323 2
3328 1
3329 1
4190 1
4193 1
4194 1
4195 1
4196 1
5976 1
4197 1
4198 1
2001 3
2002 1
2003 4
2004 2
2005 5
2006 2
2007 1
2008 1
2009 2
4650 1
4654 1
4657 1
3333 2
3337 1
3339 1
5986 1
2010 2
2011 4
2012 2
2013 4
2014 1
2015 5
2016 2
2017 4
2018 1
2019 4
4661 1
4667 1
4668 1
3344 1
3346 1
3347 1
3800 1
2021 3
3801 1
2022 2
2023 3
2024 1
3804 1
3805 1
2025 3
2026 1
3806 2
2027 3
2028 1
3808 3
2029 3
4670 1
4674 1
4679 1
3350 3
3351 1
3352 1
3355 1
3357 1
2030 3
2031 5
2032 2
3812 2
3813 2
2033 3
3814 1
2034 2
2035 2
2036 3
2038 4
3819 1
2039 3
4683 2
4687 1
3361 2
3362 1
3363 1
3364 1
3368 1
3369 2
2040 2
3821 1
2041 3
2042 1
2043 3
2044 2
2045 2
3825 1
2046 6
2047 1
3828 1
2048 1
2049 6
4696 1
4697 1
2500 2
2501 2
2502 1
2503 1
2507 1
2508 2
2509 4
3370 1
3371 1
3377 1
3830 3
2050 2
2051 1
2054 2
3835 1
2055 3
3836 1
2056 4
2057 4
2058 6
2510 1
2511 2
2512 2
2515 1
2516 1
2518 1
2519 2
3384 2
3386 1
3388 1
2060 1
3840 1
2061 3
3841 1
3842 1
2062 1
2063 4
3844 1
2064 4
3845 1
2065 3
3846 1
2066 5
2067 1
3847 1
2068 4
3848 1
2069 2
2520 3
2521 2
2524 2
2525 2
2526 2
2527 2
2528 1
2529 2
3392 1
3394 2
3395 1
3398 2
1200 16
1201 19
1202 14
1203 26
1204 13
1205 19
1206 16
1207 18
1208 11
1209 21
2070 6
3852 2
2073 2
2074 2
2075 1
3856 1
2077 4
3858 1
2078 1
2079 1
2530 2
2531 2
2532 1
2533 1
2534 2
2535 2
2536 3
2537 2
2539 2
1210 11
1211 22
1212 17
1213 22
1214 14
1215 18
1216 21
1217 29
1218 21
1219 10
2080 4
2081 2
2082 4
3863 1
2083 4
2085 5
2086 4
2087 2
2088 1
2540 2
2541 2
2542 1
2543 1
2544 2
300 1904
301 1939
302 1884
2549 4
303 1761
304 1892
305 1866
306 1893
307 1849
308 1912
309 1865
1220 19
1221 20
1222 20
1223 18
1224 16
1225 20
1226 7
1227 15
5103 1
1228 14
1229 12
5105 1
5106 2
5107 1
5109 1
2090 2
3871 2
2091 3
2092 2
2093 2
3873 1
3874 1
2094 3
2095 1
2096 2
3877 2
2097 3
2098 1
3878 2
2099 2
2550 2
2551 1
2555 2
2557 2
310 1897
2558 1
311 1820
312 1791
2559 1
313 1884
314 1881
315 1978
316 1951
317 1818
318 1888
319 1966
1230 21
1231 19
1232 13
1233 12
1234 12
1235 20
5111 1
1236 14
1237 20
5113 3
1238 14
1239 14
5115 2
5118 2
3880 2
3881 1
3887 1
3889 3
2564 2
2565 1
2566 1
2567 1
320 1923
2568 1
321 1895
2569 1
322 1958
323 1899
324 1894
325 1865
326 1991
327 1840
328 1835
329 1833
1240 17
1241 16
1242 20
1243 19
1244 15
1245 23
1246 20
5122 1
1247 18
5123 1
1248 10
5124 1
1249 10
5127 1
3893 1
3898 1
1700 5
1701 6
1702 8
1703 9
1704 6
1705 5
1706 3
1707 5
1708 5
1709 4
2570 1
2571 1
2572 1
2573 1
2576 3
2577 1
330 1953
2578 2
331 1955
2579 6
332 1915
333 1917
334 1909
335 2011
336 1989
337 1935
338 2010
339 1957
1250 14
1251 11
1252 9
1253 15
1254 13
5130 1
1255 18
1256 16
25 1
1257 16
1258 14
26 1
1259 17
5135 1
28 1
29 1
5139 1
1710 6
1711 5
1712 4
1713 6
1714 4
1715 5
1716 3
1717 6
1718 4
1719 6
2580 2
2581 2
2584 2
2587 1
340 1997
341 1908
2588 2
342 1949
343 1996
344 1996
345 1954
346 1971
347 1871
348 1982
349 2042
1260 11
1261 18
1262 22
30 1
1263 9
1264 12
5140 1
1265 15
1266 13
1267 20
800 135
36 1
1268 18
801 129
1269 16
37 2
802 152
38 1
803 121
5146 1
804 123
805 126
806 119
807 116
808 105
809 131
1720 3
1721 2
1722 6
1723 2
1724 5
1725 5
1726 3
5602 1
1727 6
1728 2
5603 1
1729 6
5605 1
5608 1
2591 3
2593 3
2594 1
350 1989
2597 3
351 1915
2599 1
352 1983
353 1914
354 1996
355 2025
356 1927
357 1985
358 1924
359 2035
1270 11
1271 10
1272 14
1273 15
41 4
1274 17
42 6
5150 1
1275 12
43 4
1276 11
44 5
5152 1
810 123
1277 12
45 8
811 112
1278 12
46 12
812 118
1279 10
47 38
813 125
48 42
814 97
49 91
5157 1
815 123
816 119
817 124
5159 2
818 124
819 95
1730 4
1731 3
1732 2
1733 4
1734 2
1735 2
5611 1
1736 4
1737 4
5612 2
5613 1
1738 7
1739 3
5617 1
360 1981
361 1999
362 1887
363 1995
364 1910
365 1983
366 1934
367 1918
368 1847
369 1960
1280 12
1281 16
1282 17
50 150
1283 14
51 199
1284 14
52 301
1285 8
53 388
5161 1
1286 15
54 519
1287 9
55 602
820 101
5163 1
1288 6
56 822
821 114
1289 13
57 952
822 95
58 1096
823 95
59 1169
824 104
825 109
826 83
827 95
828 103
829 107
1740 4
1741 4
1742 6
1743 1
1744 4
1745 3
5621 2
1746 5
1747 5
5623 2
1748 2
5624 1
1749 5
5626 1
5628 2
5629 2
370 2017
371 1974
372 1980
373 2019
374 1920
375 1909
376 1957
377 2008
378 2018
379 2000
4300 1
4302 1
4304 1
4305 3
4306 1
4308 1
1290 14
1291 19
1292 14
60 1326
1293 16
61 1414
1294 16
62 1556
1295 21
63 1603
5171 2
1296 12
64 1773
1297 16
65 1783
830 115
1298 16
66 1871
831 100
1299 11
67 1954
832 92
68 1982
833 107
69 1990
834 105
5177 2
835 100
836 108
5179 1
837 100
838 89
839 93
1750 1
1751 4
1752 3
1753 3
1754 8
5630 2
1755 2
5631 1
1756 4
1757 8
5633 1
1758 3
1759 3
5636 1
5637 2
380 2011
381 1981
382 1938
383 2046
384 2020
385 2025
386 1964
387 1999
388 1999
389 2031
4311 1
4314 1
4316 2
4318 1
70 1989
71 2075
72 1973
5180 1
73 1975
5181 2
74 2064
75 2041
840 107
76 1953
841 119
5184 1
77 1914
842 96
5185 3
78 1962
843 89
5186 1
79 1909
844 114
845 81
846 84
847 95
848 76
849 95
1760 6
1761 5
1762 2
1763 3
1764 8
1765 7
1766 4
5642 1
1767 9
1768 4
1769 4
390 1986
391 1944
392 1988
393 1974
394 1912
395 1986
396 1930
397 2027
398 1956
399 1911
4320 2
4322 1
80 1929
81 1858
82 1900
83 1872
5191 1
84 1874
850 114
5192 3
85 1882
851 82
5193 1
86 1919
852 97
5194 1
87 1898
853 98
88 1873
5196 1
854 89
89 1925
855 95
5198 1
856 91
857 81
5199 2
858 72
859 70
3001 1
3002 2
3006 2
3008 1
3009 1
1770 4
1771 4
1772 2
1773 8
1774 5
1775 3
1776 9
1777 3
1778 2
1779 3
5655 1
5657 1
5658 2
4334 1
4337 1
4339 1
90 1904
91 1981
92 1995
93 1889
94 1970
95 2034
860 90
96 1947
861 84
97 2099
862 100
98 2032
863 75
99 2123
864 83
865 76
866 86
867 78
868 77
869 85
3011 3
3013 1
3015 1
1780 3
1781 7
1782 3
1783 5
1784 3
5660 1
1785 3
1786 1
5662 1
1787 8
1788 5
1789 2
5667 1
4344 1
870 82
871 61
872 73
873 98
874 75
875 61
876 79
877 80
878 65
879 80
3021 3
4803 1
3027 1
3028 2
3029 1
4809 1
1790 1
1791 6
1792 5
1793 3
1794 5
1795 8
5671 1
1796 3
1797 3
1798 2
5674 1
1799 4
5676 1
5678 2
5679 1
4352 2
4354 1
4356 3
4358 1
880 73
881 68
882 67
883 79
884 53
885 60
886 62
887 69
888 72
889 74
3031 1
3032 1
3033 1
3034 1
3035 1
3037 1
5680 1
5681 1
5683 1
5687 1
4361 1
4362 1
4363 1
4364 1
890 74
891 54
892 64
893 80
894 56
895 78
896 81
897 57
898 70
899 72
3041 2
3043 1
4824 1
4826 2
3046 1
3048 1
3049 1
5690 1
5693 1
5697 1
3501 1
3505 1
3506 1
4373 1
4377 1
3050 1
3052 1
3056 1
3510 1
3511 1
3513 1
3515 1
3518 1
4381 1
4383 1
4385 1
3060 2
4843 1
3066 1
4847 1
3068 1
4849 1
3523 1
3524 2
3525 1
3528 1
3529 1
4390 2
4394 1
4399 1
2200 1
2201 6
2202 3
2203 3
2205 5
2206 2
2207 1
2209 2
4852 1
3072 1
4854 1
3075 1
3076 2
4858 1
3078 1
3531 1
3532 2
3537 1
3538 1
2210 2
2211 2
2212 6
2213 1
2214 1
2215 3
2216 1
2217 2
2218 3
2219 1
3080 2
3083 1
3084 3
3542 1
3545 3
3546 1
3548 1
2220 4
2221 1
2224 2
2225 2
2226 4
2227 1
2228 1
2229 4
4870 1
3090 1
3091 2
3092 1
4873 1
4874 1
3095 1
4876 1
4877 1
3550 1
3555 2
3556 1
3559 1
2230 3
2231 3
2232 2
2233 1
2234 2
2235 3
2237 1
2238 3
2239 1
4880 1
4883 1
4884 1
4888 2
3560 2
3564 1
3567 3
3568 1
3569 1
2240 1
2241 1
2242 3
2243 3
2244 5
2245 3
2246 3
2247 2
2248 2
4892 1
4896 2
4897 1
4898 1
2700 2
2701 2
2702 3
2703 3
2704 3
2705 2
2706 1
2707 2
2709 1
3571 1
3577 2
2250 3
2252 2
2253 2
2254 4
2255 3
2256 2
2257 1
2258 1
2259 3
2710 3
2711 2
2712 2
2714 1
2715 2
2718 1
2719 2
3580 1
3582 1
3587 1
3588 1
3589 1
2261 4
2262 2
2263 3
2264 3
2265 2
2266 1
2267 3
2268 1
2269 1
6144 1
2721 1
2722 1
2723 1
2725 1
2726 1
2727 3
2728 1
3591 1
3592 1
3597 1
3599 1
1400 12
1401 7
1402 7
1403 15
1404 10
1405 9
1406 7
1407 12
1408 7
1409 8
2270 2
2271 5
2272 1
2275 3
2276 1
2277 1
2278 3
2279 2
2730 1
2732 1
2735 1
2737 3
2738 1
1410 13
1411 8
1412 12
1413 8
1414 12
1415 7
1416 6
1417 17
1418 16
1419 6
2280 2
2281 4
2282 3
2283 3
2284 5
2285 2
2286 1
2287 1
2288 2
2740 1
2741 1
2742 3
2743 2
2744 1
2745 1
2747 1
500 1418
2748 1
501 1320
502 1334
2749 2
503 1298
504 1314
505 1247
506 1322
507 1230
508 1308
509 1316
1420 10
1421 14
1422 7
1423 13
1424 11
1425 13
1426 12
1427 11
5303 1
1428 8
5304 1
1429 14
5306 1
5308 1
5309 1
2290 2
2291 2
2293 1
2294 2
2295 3
2297 1
2298 1
2750 2
2751 1
2753 2
2754 1
2755 3
2756 2
2757 1
510 1315
2758 2
511 1240
2759 1
512 1212
513 1252
514 1280
515 1229
516 1222
517 1198
518 1174
519 1153
1430 13
1431 9
1432 6
1433 7
1434 10
1435 10
1436 10
5312 1
1437 10
5313 1
1438 4
5314 1
1439 10
5316 1
5317 1
5319 1
2760 4
2761 2
2762 1
2763 1
2764 1
2765 1
2767 2
520 1155
521 1199
2769 1
522 1165
523 1188
524 1159
525 1162
526 1150
527 1139
528 1095
529 1123
1440 15
1441 10
1442 10
1443 12
1444 5
1445 7
1446 9
5322 1
1447 8
1448 6
1449 7
5325 1
5326 1
5327 2
1900 3
1901 3
1902 2
1903 6
1904 3
1905 4
4001 1
1906 5
4002 1
1907 4
1908 3
1909 2
4009 1
2770 1
2771 1
2772 3
2773 2
2774 2
2775 1
2776 2
530 1138
2777 2
531 1080
532 1091
533 1084
534 1080
535 1052
536 1068
537 1033
538 997
539 1079
1450 13
1451 11
1452 13
1453 8
1454 14
1455 14
1456 9
5332 1
1457 8
1458 7
1459 7
5336 1
5337 1
5339 2
1910 3
1911 9
1912 3
1913 7
1914 5
1915 2
4010 1
1916 4
4012 1
1917 6
1918 1
1919 3
4018 1
4019 1
2780 2
2781 1
2782 2
2783 1
2784 2
2785 1
2786 1
540 1027
2787 2
541 1011
2788 1
542 981
543 1010
544 979
545 1004
546 957
547 975
548 1002
549 990
1460 10
1461 7
1462 9
1463 5
1464 9
1465 8
5341 1
1466 8
5342 1
1467 8
5343 1
1468 10
1469 9
5347 1
5349 1
1920 2
1921 7
1922 1
1923 5
1924 1
5800 2
1925 8
5801 1
1926 5
1927 5
4023 1
1928 7
5804 1
1929 2
4025 1
5805 1
4027 1
5807 1
5808 1
4029 1
5809 1
2791 1
2793 1
2794 1
2795 1
2797 1
550 974
2798 1
551 882
2799 2
552 974
553 962
554 896
555 888
556 938
557 895
558 878
559 902
1470 8
1471 10
1472 5
1473 5
1474 11
1475 12
5351 1
1476 11
5352 1
1477 11
5353 1
1478 10
1479 9
5355 1
5356 1
5357 1
1930 6
1931 6
1932 6
1933 1
1934 2
1935 3
4030 1
1936 4
5812 2
1937 1
1938 6
5814 1
1939 7
4034 1
4035 1
5816 1
5817 1
5818 1
4038 1
5819 1
560 903
561 868
562 872
563 864
564 859
565 913
566 872
567 818
568 858
569 816
1480 8
1481 9
1482 7
1483 6
1484 15
1485 12
1486 10
1487 10
5363 1
1488 13
1489 14
5365 2
5366 2
5368 1
5369 1
1940 5
1941 2
1942 3
1943 1
1944 1
5820 1
1945 3
5821 2
1946 4
1947 3
4042 1
5823 1
1948 2
1949 2
5829 2
570 843
571 801
572 763
573 823
574 784
575 747
576 808
577 821
578 800
579 771
4500 1
4501 1
4503 1
4505 1
4509 2
1490 13
1491 10
1492 8
1493 11
1494 4
5370 3
1495 7
5371 1
1496 5
1497 7
5373 1
1498 10
5374 2
1499 10
5375 1
5376 1
1950 1
1951 2
1952 4
1953 4
1954 3
5830 1
1955 3
1956 2
4051 1
5832 1
1957 5
4053 1
1958 1
5834 1
1959 2
5835 1
5836 1
4059 1
580 755
581 726
582 734
583 745
584 751
585 722
586 743
587 711
588 710
589 806
4511 1
4514 1
4517 1
4518 3
4519 1
5381 1
5383 2
5384 1
5387 1
5388 2
5389 1
1960 2
1961 4
1962 3
1963 6
1964 5
5840 1
1965 6
1966 4
4062 1
1967 6
5843 3
1968 5
4064 1
1969 4
5845 2
4066 1
5847 1
5848 1
5849 2
590 672
591 690
592 695
593 653
594 642
595 681
596 671
597 644
598 671
599 645
4526 2
5391 1
5392 1
5396 4
5397 1
5398 3
5399 2
3200 1
3201 1
3202 1
3203 3
3204 1
3205 1
1970 2
1971 3
1972 5
1973 7
1974 3
5850 3
1975 7
5851 1
1976 1
1977 1
5852 1
5853 1
1979 2
5856 1
5859 1
4530 1
4538 1
3210 2
3214 1
3218 2
1980 2
1981 1
1982 4
1983 3
1984 4
5860 1
1985 3
1986 3
5862 1
1987 3
1988 2
1989 5
4084 1
4085 1
5865 1
4089 1
4543 2
4544 1
4548 1
3220 1
3221 1
3223 2
3227 1
3228 2
3229 2
1990 2
1991 4
1992 2
1993 4
1994 2
1995 3
1996 4
1997 4
5873 2
1998 4
4093 1
4094 1
1999 5
4095 1
4097 1
5878 1
5879 1
4557 1
3230 2
3233 2
3235 1
3236 1
3238 1
5884 1
5885 1
5889 1
4564 1
4566 1
4567 1
3240 1
3241 2
3246 1
3247 2
5896 1
5897 2
3701 1
3702 1
3703 1
3706 1
3707 1
4570 1
4572 2
4574 1
4577 1
4578 1
3250 1
3253 1
3257 2
3712 1
3713 1
3717 2
4583 1
4584 2
3260 1
3261 1
3263 1
3264 2
3268 1
3269 3
3722 2
3724 1
3726 1
3727 1
3729 1
4592 2
4596 2
2400 3
2401 1
2402 1
2403 2
2406 2
2408 1
2409 4
3270 1
3730 1
3738 1
3739 2
2410 1
2411 2
2412 1
2413 2
2414 2
2415 2
2416 3
2417 1
2418 2
2419 1
3281 1
3286 1
3288 2
3742 1
3743 1
3744 1
2422 2
2424 1
2425 1
2426 1
2427 3
3293 1
3294 2
3295 1
3296 1
3297 2
1100 24
1101 20
1102 18
1103 24
1104 27
1105 25
1106 26
1107 20
1108 22
1109 29
3750 1
3753 1
3755 1
3757 1
3758 1
2431 1
2432 2
2433 3
2434 1
2435 2
2436 1
2437 2
2439 3
1110 33
1111 19
1112 28
1113 19
1114 21
1115 20
1116 28
1117 24
1118 25
1119 28
3761 1
3763 1
3764 1
3766 1
3768 2
2440 2
2441 2
2442 1
2443 1
2445 1
2447 1
200 2351
2448 3
201 2327
2449 2
202 2382
203 2301
204 2348
205 2260
206 2309
207 2302
208 2299
209 2307
2900 1
1120 23
2901 2
1121 22
2902 1
1122 23
2903 2
1123 26
1124 33
2905 1
1125 32
5001 1
2906 2
1126 36
2907 1
1127 23
1128 23
1129 23
5007 1
5008 1
3770 1
3771 3
3772 1
3773 2
3775 1
3776 1
3777 1
3778 1
2451 1
2454 3
2455 4
2456 1
2457 1
210 2307
2458 3
211 2220
2459 2
212 2227
213 2247
214 2231
215 2201
216 2277
217 2271
218 2152
219 2236
2910 1
1130 23
2911 1
1131 29
2912 3
1132 25
2913 1
1133 31
2914 1
1134 19
1135 26
2916 1
1136 26
2917 3
1137 15
1138 23
1139 19
5018 1
5019 1
3780 1
3782 1
3786 1
3789 1
2461 2
2462 1
2465 1
2466 2
220 2183
2467 3
2468 1
221 2209
222 2117
2469 3
223 2084
224 2140
225 2242
226 2234
227 2160
228 2191
229 2159
2920 1
1140 17
2921 1
1141 20
2922 1
1142 23
1143 19
1144 17
2924 3
1145 13
2925 2
2926 1
1146 33
1147 23
5023 1
1148 22
1149 20
5026 1
5028 1
3796 1
1600 8
1601 6
1602 7
1603 4
1604 3
1605 9
1606 10
1607 5
1608 6
1609 6
2470 1
2471 1
2473 3
2475 1
230 2109
2477 1
231 2166
2478 2
232 2230
233 1995
234 2041
6357 1
235 2078
236 2072
237 2071
238 2054
239 2092
2930 1
1150 19
1151 21
1152 17
2933 2
1153 20
2934 2
1154 21
5030 1
2935 2
1155 19
2936 2
1156 27
2937 1
1157 13
2938 1
1158 29
2939 1
1159 19
5036 1
1610 7
1611 8
1612 9
1613 5
1614 6
1615 1
1616 8
1617 3
1618 6
1619 7
2480 1
2481 1
2482 1
2483 2
2486 1
2487 1
240 2171
2488 2
241 2152
2489 1
242 2005
243 2101
244 2101
245 2049
246 2084
247 2010
248 2050
249 2004
1160 19
2941 2
1161 16
2942 4
1162 26
2943 2
1163 18
2944 1
1164 16
2945 1
1165 27
1166 21
2947 1
1167 21
700 271
2948 1
5043 1
1168 17
701 281
5044 1
1169 8
702 270
5045 1
703 260
704 297
705 271
706 256
5049 2
707 288
708 256
709 246
1620 5
1621 6
1622 2
1623 4
1624 10
1625 10
5501 1
1626 5
5502 1
1627 8
5503 1
1628 3
1629 5
5506 1
5508 2
2491 2
2492 4
2493 1
2494 1
2495 4
2497 2
250 1956
2498 1
251 1964
2499 2
252 2030
253 2023
254 2034
255 1955
256 1938
257 1973
258 2024
259 1978
1170 16
2951 1
1171 15
2952 1
1172 13
2953 1
1173 18
1174 16
1175 15
1176 27
2957 1
1177 16
710 277
2958 1
1178 16
711 258
2959 2
1179 19
712 265
713 279
5056 2
714 230
5057 1
715 257
716 254
5059 1
717 249
718 225
719 242
1630 8
1631 3
1632 9
1633 8
1634 4
5510 1
1635 3
1636 6
5512 2
1637 4
1638 6
1639 4
5518 1
260 1973
261 1989
262 1987
263 1996
264 2013
265 1973
266 1953
6388 1
267 1932
268 1908
269 1945
1180 19
2961 1
1181 21
1182 25
1183 20
1184 17
2964 1
5060 1
1185 18
5061 1
1186 27
2967 1
5062 1
1187 21
720 259
1188 19
721 231
1189 20
722 227
5065 1
723 234
724 252
725 237
5068 2
726 212
727 214
728 236
729 215
1640 7
1641 6
1642 4
1643 7
1644 6
5520 1
1645 6
5521 1
1646 8
5522 1
1647 3
5523 2
1648 6
5524 1
1649 5
5525 1
5527 2
5528 1
5529 2
270 2036
271 1919
272 1950
273 1915
274 1933
275 1930
276 1897
277 1908
278 1886
279 1856
4200 1
4201 1
4203 1
2970 5
1190 16
2971 2
1191 19
2972 2
1192 20
2973 1
1193 21
1194 20
2975 1
5070 1
1195 19
2976 1
5071 1
1196 23
730 248
1197 20
731 204
2978 2
5073 1
1198 16
732 230
2979 1
5074 1
1199 17
733 218
734 189
735 227
736 218
5079 1
737 195
738 200
739 195
1650 9
1651 8
1652 3
1653 4
1654 7
1655 2
1656 5
1657 8
5533 1
1658 5
1659 5
5537 1
5539 1
280 1942
281 1919
282 1894
283 1956
284 1897
285 1886
286 1823
287 1986
288 1921
289 1858
4211 2
4214 1
2981 1
2983 1
2984 1
2985 1
740 207
2988 1
5083 2
741 170
2989 1
742 202
5085 1
743 195
5086 1
744 187
745 174
5088 1
746 188
747 174
748 176
749 182
1660 4
1661 10
1662 2
1663 4
1664 10
5540 1
1665 2
1666 4
5542 1
1667 7
1668 5
5544 1
1669 6
290 1869
291 1900
292 1904
293 1827
294 1867
295 1875
296 1925
297 1951
298 1789
299 1866
4220 1
4221 1
4224 1
2990 1
2991 2
2992 3
2993 1
2997 1
5092 1
750 178
5093 2
751 188
752 184
5095 1
753 197
5096 1
754 203
5097 1
755 189
5098 2
756 167
5099 2
757 164
758 176
759 177
1670 2
1671 7
1672 6
1673 7
1674 3
5550 1
1675 4
1676 1
1677 3
5553 1
1678 4
1679 8
5556 1
5559 1
4230 2
4233 1
4234 2
4235 1
4236 1
760 169
761 189
762 167
763 159
764 162
765 143
766 164
767 160
768 141
769 166
1680 1
1681 7
1682 5
1683 3
1684 5
5560 1
1685 4
1686 4
1687 7
1688 6
1689 6
5565 1
5567 1
5568 1
4243 1
4246 1
4247 1
4248 1
770 160
771 151
772 138
773 161
774 169
775 159
776 143
777 166
778 148
779 151
4703 1
1690 2
1691 6
1692 8
1693 7
1694 4
1695 5
5571 1
1696 4
1697 4
1698 8
5574 1
1699 6
5575 1
4251 1
4256 1
4259 1
780 128
781 142
782 140
783 146
784 150
785 124
786 158
787 136
788 147
789 138
4715 1
4717 1
5581 1
5583 3
5584 1
5585 1
5586 1
5587 1
4262 1
4263 1
4264 1
4265 1
790 161
791 121
792 118
793 165
794 169
795 132
796 126
797 113
798 143
799 140
4726 1
5590 1
5595 1
5597 2
5598 1
3400 2
3401 1
3403 2
3405 1
3406 3
3407 1
3409 2
4274 1
4276 2
4277 1
4731 1
4732 1
3416 1
3417 2
4285 1
4740 1
4741 1
4745 1
4749 1
3420 2
3421 1
3426 1
4291 2
4293 1
4296 1
4298 1
2100 1
2101 4
2102 4
2103 2
2104 3
2105 2
2106 1
2107 1
2108 7
2109 5
4752 1
3435 1
7328 1
2110 5
2111 1
2112 1
2113 5
2114 2
2115 1
2116 5
2117 3
2119 6
3442 1
3444 1
3449 1
2120 2
2121 2
3902 1
2123 1
2124 1
3905 1
6001 1
2126 2
3907 1
2127 2
3908 1
2128 1
3909 1
6005 1
4775 1
4776 2
4778 1
4779 1
3450 1
3453 3
3455 1
3456 1
3457 1
3910 1
2130 5
3911 1
2131 1
2132 1
3912 1
2133 3
2134 2
3914 1
3915 1
2135 2
2136 1
2137 2
2138 2
2139 4
4782 1
4789 1
3461 1
3462 1
3463 1
3464 2
3468 1
3469 1
2140 2
3920 2
2141 4
2143 3
2144 2
3924 1
3925 1
2145 3
2146 2
2147 2
2148 3
2149 3
3929 1
4791 1
4792 1
2601 4
2602 1
2603 2
2604 3
2605 1
2607 3
2608 2
2609 1
3471 1
3474 2
3478 1
3930 1
3931 1
2151 3
2152 2
3933 2
2153 2
2154 4
2155 3
2156 2
3936 2
3937 2
2157 3
2158 4
3939 1
2159 4
2610 4
2611 1
2612 3
2614 3
2615 1
2616 1
2617 3
2618 1
2619 2
3481 1
3486 1
3488 1
2160 1
2161 5
2162 2
2163 1
2165 5
2166 2
2167 1
3948 1
2168 1
2169 2
3949 2
2620 1
