2226 1
2227 1
2268 3
2229 1
3880 3
3800 1
3841 2
3882 3
7801 1
3842 1
3843 1
3884 1
3802 3
3570 1
3530 2
3572 1
3531 2
3532 1
3847 1
3888 1
3806 3
3533 2
6182 1
3260 1
6101 1
6183 1
3849 1
3575 3
3809 1
3576 1
3261 1
3262 4
3221 3
6145 1
3263 1
3578 2
3537 1
3222 2
3223 1
3264 1
3538 1
3224 1
3225 2
3266 1
3267 3
3227 3
3228 2
740 1
782 1
80 2
741 2
700 2
783 3
742 2
81 3
701 3
702 2
82 3
470 2
744 1
703 1
83 1
84 1
704 3
430 4
4881 1
85 3
4800 1
4841 1
746 1
705 1
787 2
747 1
432 2
706 1
473 3
86 3
789 1
474 1
707 1
433 2
748 2
749 2
4803 1
88 5
475 1
434 2
160 4
48 1
709 2
8530 1
1963 1
435 1
161 5
476 1
89 5
4804 1
120 2
4531 2
477 2
8531 1
49 1
121 7
436 1
162 3
8573 1
8532 1
1924 1
478 2
437 3
4806 1
1650 1
163 1
8533 2
479 2
164 3
1692 3
1610 1
123 5
8534 2
439 1
165 1
4575 1
124 4
1652 1
1694 1
1968 1
1612 1
4809 1
166 5
125 6
8535 2
1654 1
1695 1
4262 1
167 1
1613 1
126 3
8536 6
1381 1
1655 2
8537 1
1340 2
168 4
127 6
4537 1
4222 2
4223 1
1697 1
1341 2
128 4
8538 3
169 2
4265 1
1383 1
1657 2
8539 2
1342 2
4224 1
1658 1
1699 2
1384 1
4226 1
1344 1
4227 1
1345 1
4268 2
1346 2
4269 2
1305 2
4229 2
1306 1
1308 1
2960 1
5842 1
2922 1
2923 1
2691 1
2650 3
2692 1
2925 1
2652 1
2693 1
2967 1
2612 1
2694 1
2653 1
2613 1
2654 2
2928 1
2695 1
2380 1
2655 2
2381 2
2382 1
2697 1
5579 1
2300 1
2615 1
2383 1
5539 1
2616 1
2698 1
2617 1
5225 1
2699 2
2303 1
2070 1
2618 1
2659 2
2030 1
2304 1
2619 2
2305 1
5228 1
2072 1
2388 1
2032 1
2073 1
2074 1
2389 2
2076 1
2037 1
2039 1
3960 1
7960 1
7920 1
3961 1
3920 1
3962 3
6886 1
7922 1
3964 1
6805 1
3690 1
3923 2
3924 1
6573 1
3650 2
3691 1
6848 1
3651 1
3692 3
3925 1
3652 1
3967 1
3693 2
3611 1
3926 3
3927 1
3694 1
3612 1
6535 1
3654 1
6577 1
3969 1
3381 1
3696 1
3340 1
3614 1
3341 1
3656 1
3300 1
3697 3
3615 2
3616 1
3657 1
3342 1
3698 4
3658 1
3617 1
3699 2
3384 2
3343 2
3302 1
3344 1
3385 1
3071 1
3345 1
3619 3
3387 1
3346 2
3072 2
7072 1
3073 1
3348 1
3033 1
3389 2
3308 1
3035 1
3076 1
3309 2
3037 1
3079 1
7079 1
3039 1
863 1
823 1
864 3
865 1
4960 2
591 2
550 2
551 1
592 3
4961 1
510 3
511 1
4962 1
552 2
593 4
826 2
4921 1
868 1
553 2
512 4
280 1
595 2
869 2
513 1
554 2
4690 2
240 2
829 3
596 1
514 2
597 1
282 1
200 3
515 1
556 6
283 1
4652 1
598 3
242 3
516 3
201 3
4694 1
202 1
4653 2
243 2
558 4
284 1
517 2
1771 1
599 3
203 1
559 1
4613 1
1772 2
1731 3
244 1
4340 1
204 4
1773 2
286 4
519 2
4696 2
1774 1
4341 1
4382 1
287 2
246 2
205 2
1733 1
288 1
4342 1
4301 1
4383 1
206 2
1460 1
4616 1
4657 1
247 1
4617 1
1461 1
207 2
4343 1
1735 1
289 2
4384 2
1776 1
4344 1
208 3
1421 2
4345 1
4030 1
4071 2
1190 1
4031 1
4347 1
4388 1
4306 1
4032 1
1150 1
1191 1
4389 1
4033 1
4074 1
1192 1
4307 1
4349 1
8075 1
1111 1
4075 1
4308 2
1152 1
1194 3
1113 1
1154 1
1429 1
-114 1
1114 1
1196 1
1155 1
4078 3
4037 1
1156 1
1115 1
4039 1
1116 2
1157 1
1117 1
1199 1
1118 2
1119 1
5690 1
5650 1
5610 1
2770 2
2730 1
5380 1
2732 2
2773 1
5382 1
2774 1
5615 1
2775 1
5301 1
2736 1
1070 4
2777 3
2778 1
2463 2
2737 2
2779 1
2190 1
5305 2
1031 1
5388 1
1032 1
1073 2
2192 1
2110 1
5389 1
1033 1
5349 1
2467 1
2193 1
2426 1
1075 1
1034 1
1035 1
2194 2
2153 1
1076 1
2469 1
2155 1
1037 1
1038 1
2115 1
2198 2
2116 1
2157 1
2199 1
2117 2
2118 1
2159 2
6926 1
6693 2
3770 2
3771 2
3730 3
3731 3
6655 1
7732 1
3773 2
3774 7
3734 1
7734 1
6342 1
3461 1
3776 2
3735 4
7421 1
3777 1
3462 1
3736 3
6386 1
3737 2
6305 1
3738 2
3464 1
3190 5
3465 1
3424 3
3191 2
3150 2
3739 2
3193 1
6308 1
3426 2
3152 1
3112 1
3153 1
3194 1
3195 1
7113 1
3469 2
3113 1
3154 2
6078 1
3196 2
3155 2
3114 2
7197 1
7156 1
3156 1
3157 1
940 1
3199 2
3118 1
901 1
3119 1
903 2
670 2
671 1
630 2
945 1
987 1
631 2
672 2
946 3
673 1
632 3
988 1
948 1
674 5
633 2
989 2
634 3
360 2
949 1
4771 1
909 1
4730 2
676 2
635 3
361 2
4731 2
636 1
677 4
362 3
321 3
4732 1
322 1
678 3
363 2
637 2
4773 1
4733 1
638 2
679 3
364 2
1811 1
324 1
365 2
4460 1
639 2
8420 1
4735 2
4461 1
4776 1
1894 1
325 1
367 1
326 2
4777 1
1540 1
1581 1
1896 1
8422 1
4422 1
8463 1
327 2
4463 1
368 1
4464 1
1897 1
1582 1
4738 1
369 1
4190 1
1541 1
328 4
1583 1
4191 1
4466 1
1543 1
4151 2
1503 1
1585 1
8467 2
1859 1
4152 3
4193 3
4153 1
4468 1
4112 1
1819 2
4427 2
4194 3
4195 1
1272 1
4113 1
1546 1
1273 2
4196 1
1274 1
1233 2
4156 2
4115 3
4197 1
1234 1
4198 1
1275 1
4116 1
1276 1
4199 1
1235 2
4158 1
4159 1
1236 2
1237 1
1278 2
1238 1
2891 1
2810 2
2852 2
2812 1
2854 1
2896 1
2540 1
2582 1
2897 2
5779 1
2856 1
2815 1
5423 1
5424 1
2816 1
2857 3
2817 1
2818 1
2230 2
5194 1
2272 1
2546 1
2588 2
2547 1
5117 1
2235 2
2276 1
2236 1
5119 1
2237 1
2238 1
3890 1
3891 1
3892 1
3852 1
3811 1
3894 2
3813 3
3580 1
3814 1
3855 1
3581 1
3540 1
3582 1
3500 1
6464 1
3897 1
3542 1
3501 1
3583 1
3816 1
6466 1
3584 2
3543 3
6192 1
3858 2
3502 1
3585 1
3270 2
6426 1
3544 3
3586 1
3819 1
3230 1
3272 1
3587 2
3232 1
3547 1
3588 1
3589 1
3274 1
3233 4
3275 1
3234 1
3509 1
3235 1
3277 1
3237 1
3278 5
3239 2
790 1
750 2
751 1
90 5
711 2
91 4
712 1
794 3
92 2
93 1
713 3
480 2
52 2
795 3
754 4
94 1
481 2
53 2
440 3
755 3
796 3
441 1
797 2
756 1
715 3
482 1
95 7
798 1
757 1
483 2
4893 1
716 1
96 6
55 2
442 2
4852 1
799 1
97 2
484 1
758 1
56 1
485 1
98 2
1931 1
403 1
759 1
4895 1
57 1
170 2
718 3
4580 1
99 1
404 1
486 3
4581 1
130 2
8540 2
171 3
487 1
131 2
8500 1
172 3
59 2
4856 1
446 1
405 2
8541 3
4816 1
488 1
447 3
8501 1
173 2
1660 2
406 3
8542 5
132 1
4857 1
4858 1
1661 1
8543 1
407 2
174 1
448 3
4817 1
8502 2
133 7
408 1
4270 2
134 2
175 3
8544 1
449 4
8504 1
176 2
1622 1
1978 1
4819 1
409 2
4271 1
8545 4
135 4
136 1
1664 2
177 2
8546 1
1350 2
8506 2
8547 4
178 1
4588 1
137 6
1392 1
8507 2
4233 1
179 3
8548 3
4507 1
1666 1
138 3
139 3
4275 2
1667 1
4276 1
4235 1
1627 1
8509 1
1394 1
1628 1
1669 1
4277 1
1396 1
4237 2
1356 1
1315 1
4279 2
1318 1
2970 2
5894 1
2972 1
2932 3
2974 1
5815 1
2933 1
2975 1
2660 1
2934 2
2936 1
2622 1
2663 1
2664 2
5505 3
2350 1
2665 3
2625 2
2351 1
2310 2
5234 1
2668 1
2353 1
5235 1
5236 1
2628 1
2354 1
2629 2
2041 1
5238 1
2397 1
2356 2
2082 1
2000 1
2001 1
2316 1
2084 1
2318 1
2044 2
2359 1
2007 1
2008 1
3930 2
3972 1
6580 1
7660 1
3660 1
3975 3
3661 1
3620 1
3935 1
3977 1
3936 1
3662 2
3937 1
3663 2
3979 2
3623 1
3350 1
3665 1
3351 2
3310 1
6274 1
3666 3
3667 3
3352 1
3393 3
3312 1
3354 1
7040 1
3396 1
3081 1
3315 1
3000 1
3357 1
3316 2
3043 1
3399 1
3084 1
3317 1
3002 1
3359 3
3044 2
7044 1
3003 1
3086 1
3004 1
3087 2
870 1
830 3
3089 1
3008 1
7049 1
872 2
873 1
832 2
833 2
874 2
560 3
834 1
875 2
561 1
835 1
562 1
521 2
522 2
290 2
838 1
250 2
291 3
565 1
524 2
525 1
210 1
292 2
566 1
251 3
567 1
252 1
526 1
4936 1
211 2
293 2
1781 1
212 4
294 3
568 2
253 3
527 3
4664 1
569 1
213 2
528 1
295 3
254 4
529 1
1783 1
1701 2
296 2
1742 1
214 3
4624 1
4351 1
256 2
215 3
4392 2
8311 1
4626 1
1470 1
4393 2
4311 1
216 3
4667 1
257 2
4352 2
298 1
1744 4
1703 1
299 1
258 2
217 4
4353 1
218 2
4313 1
4669 1
259 1
4040 1
219 1
4355 2
4314 2
4000 1
4082 1
4041 1
4397 1
4356 1
1748 1
1433 2
1475 1
1708 1
4042 1
1749 1
1160 3
4357 1
4398 1
1434 3
8399 1
4399 2
4317 1
4002 1
1435 2
4044 1
1121 1
4003 1
1163 1
1122 2
4046 1
1439 1
4047 1
1166 1
4049 1
1126 1
4008 1
1168 2
1127 1
1128 2
1169 2
5975 1
2740 2
2781 1
2700 1
2782 1
5350 1
2701 2
5625 1
2784 1
5666 1
5311 1
2745 1
2704 2
5395 1
2705 1
1080 1
1081 1
2706 1
2432 1
5040 2
2707 1
1082 1
2748 1
5397 1
9042 1
2749 1
2708 1
1001 1
2475 1
2160 1
5317 1
1002 2
2120 1
2709 1
1084 2
2436 1
5003 1
1003 2
1085 1
5319 1
2163 1
5087 2
2479 1
2438 1
1087 1
1046 2
2165 1
1047 2
2124 1
1006 1
5006 1
1048 1
2166 1
2167 1
1008 1
2127 1
2128 1
2169 2
2129 2
6621 1
3780 2
3781 1
6937 1
3740 1
7741 1
6664 1
3782 1
3701 1
3783 1
3742 2
3743 1
3703 2
6352 1
3745 2
3786 3
3471 1
3704 2
3787 1
3431 2
3746 2
3705 4
3747 2
3788 2
3706 2
3707 1
3474 2
3789 2
7749 1
3749 1
6398 1
3160 2
3475 2
3435 1
6043 1
6044 1
3121 1
3437 1
3478 1
3479 2
3164 1
3123 1
3439 1
3165 1
3166 1
3167 1
990 2
3168 2
3127 1
3128 1
3169 2
3129 2
911 3
912 1
953 1
995 1
680 4
996 1
640 1
914 1
641 1
998 1
601 1
602 1
643 4
999 1
684 2
370 1
644 2
685 3
603 3
918 2
919 1
686 4
604 3
330 5
372 1
605 2
646 1
688 1
4701 1
332 4
1860 1
373 2
333 1
4784 1
4702 1
648 2
689 3
607 2
374 4
4470 1
375 2
608 1
649 4
4745 2
4471 1
609 2
376 1
4746 1
4431 1
377 2
336 4
1591 1
379 1
8474 1
1593 1
1553 1
4709 1
4120 1
1513 1
1596 1
4478 1
1240 1
4163 1
1241 1
1282 2
1200 1
4164 1
1242 1
1201 1
1557 1
4125 2
1243 1
1202 1
1203 1
1518 1
4126 1
1245 1
1286 1
1204 1
4169 1
1205 3
1246 2
1287 1
1206 1
1288 1
4129 2
1248 1
1249 1
1209 1
2861 1
2820 2
2822 1
5706 1
2550 2
2510 1
5748 1
2511 1
2868 1
2827 1
2554 1
5162 1
5163 1
2829 2
2555 1
2241 1
5124 1
2283 2
2201 1
2242 1
2599 1
2202 2
2203 1
5168 1
2286 1
2206 1
2288 1
2207 4
2249 1
3860 1
6701 1
3820 3
7820 1
6785 1
3863 1
3823 1
3824 2
3591 1
3550 2
3551 1
3592 1
3510 1
3866 1
6433 1
7593 1
3593 1
7552 1
6475 2
3552 1
3553 1
3512 2
3868 2
3827 1
3554 1
3828 3
3869 2
3280 5
3281 1
3514 1
3240 3
3200 2
3597 1
3241 2
3283 1
3599 1
6166 2
3243 2
3202 2
3559 1
3244 1
3203 1
3285 2
3245 2
3204 2
7205 1
3287 2
3246 1
6169 1
3205 2
3206 1
7288 1
3247 2
3288 1
3207 2
3248 3
3289 1
3249 1
7208 1
3209 1
7209 1
760 1
720 3
761 1
60 1
721 2
722 1
62 1
490 1
723 1
764 3
450 1
63 1
765 5
724 2
725 1
451 1
410 1
64 2
4862 1
65 1
411 1
767 2
727 1
494 2
66 1
412 1
768 2
453 1
495 1
1982 1
454 2
180 2
4823 2
67 2
1901 1
729 1
68 4
181 5
140 4
414 2
1902 1
69 2
4551 1
415 1
4592 1
456 2
182 5
141 6
100 2
416 1
498 1
8511 1
4552 1
101 3
457 2
183 2
142 2
184 2
1904 1
1630 1
8512 1
458 4
417 3
102 4
499 3
143 5
8554 1
185 2
103 4
1672 1
4869 1
144 5
8240 1
1673 1
4240 3
4281 1
8555 1
145 3
4596 1
104 3
186 4
419 2
146 1
187 1
4515 1
8200 1
4282 2
4200 1
4556 1
105 2
8557 1
4557 1
4598 1
4201 3
4242 1
4283 1
106 1
147 4
1634 3
188 4
8558 1
189 3
107 1
8517 1
148 4
4599 1
4202 1
4243 1
1320 1
4558 1
8559 1
4203 1
149 2
8518 1
108 5
1677 1
1321 1
4286 1
109 3
4519 1
4204 2
1637 1
1678 2
1363 1
8519 1
1679 1
4205 1
1323 1
4246 2
4206 1
4247 2
1639 1
4248 1
1325 1
1366 2
1327 1
2940 1
2941 1
2982 1
2983 1
2902 2
2670 1
5827 1
2671 1
2945 1
2904 1
2630 1
2905 1
2672 1
2987 1
5280 1
2631 2
2906 1
2673 1
5514 1
2632 1
2988 2
5556 1
2633 2
2674 2
5282 1
2634 2
2675 1
2908 1
5559 1
2362 1
2636 1
2321 1
5244 1
2363 1
2678 2
2679 2
2638 3
2639 3
5247 1
2366 1
2367 1
2052 1
5208 1
2094 1
2368 1
2053 1
2327 1
2328 1
2369 1
2014 1
2329 1
2097 1
2098 1
2099 1
2058 1
2019 1
6821 1
6863 1
3940 1
3981 1
3900 1
3982 1
3941 1
3942 1
6865 1
3901 3
3984 1
3902 1
3903 1
3985 2
3670 2
6827 1
3945 1
3904 1
3946 1
3631 1
3988 1
3947 1
3673 1
3906 1
3632 1
3674 1
6283 1
3949 2
3676 1
3320 2
3361 3
3362 2
3637 1
3090 1
6205 1
3638 2
3679 1
6287 1
3324 1
7365 1
3050 1
3092 1
3325 2
6289 1
3366 1
3367 1
3011 1
3326 2
3052 1
7012 1
3327 1
3328 1
3014 2
3096 1
3056 1
7056 1
880 1
881 1
840 4
3099 1
841 1
3059 1
800 1
802 1
885 1
570 3
803 2
886 2
804 1
530 2
571 3
4900 1
846 1
531 1
4941 1
806 3
4901 1
847 2
532 1
4942 1
807 1
4984 1
848 1
533 2
808 1
260 1
534 2
4944 1
261 1
220 1
809 1
4671 1
576 6
4986 1
4905 1
536 4
577 4
262 2
221 4
1791 1
578 1
1750 1
222 1
537 1
4989 1
264 1
538 2
223 3
579 3
265 1
4675 3
539 1
224 1
4634 1
4908 1
1794 1
4361 1
4635 1
266 4
225 2
226 3
267 4
1795 2
1480 1
4363 1
227 3
1481 1
268 3
228 3
1400 1
1715 2
4090 1
4638 3
4679 1
269 4
1482 1
4050 1
4091 2
229 3
4365 3
4324 3
1716 2
4325 1
4051 1
1758 1
4366 2
4010 2
1717 1
4367 1
4011 1
8053 1
4368 1
1130 1
4053 1
1171 2
1446 1
1172 2
4013 1
1132 1
4329 1
4015 2
1174 2
1489 1
1175 1
1449 1
4098 1
4057 1
1176 1
4059 1
1177 1
1178 1
4019 1
1179 1
1138 1
1139 1
5942 1
5944 1
5630 1
2790 1
2791 2
2750 3
2792 1
2710 2
2711 2
2753 2
2794 2
2480 1
2754 1
2795 1
2713 1
2755 3
2481 1
5323 2
2756 2
2797 1
2798 1
2757 1
1050 1
5325 1
1092 1
2402 1
2799 2
1010 1
2484 1
1051 1
2717 2
2718 1
2759 1
5326 1
1052 1
1094 1
1012 1
2404 1
2719 2
2445 1
5327 1
5094 1
5053 1
1095 1
2172 2
1013 2
2131 1
1055 1
1096 2
2133 1
5097 1
1056 1
2449 1
2408 1
1098 1
5098 1
2135 1
2409 1
1058 1
1017 2
1099 1
2176 2
2177 1
2136 1
5018 1
2178 1
2138 1
2179 1
2139 1
3790 2
3750 2
3710 1
3751 2
3793 1
3752 3
3794 1
6909 1
3713 1
3795 5
3796 2
3440 1
3714 1
3755 2
3482 1
3797 2
3756 1
7798 1
3798 2
3442 1
3716 3
7717 1
3758 1
6010 1
3799 2
3170 1
3718 2
3759 1
3403 1
3486 1
3404 2
3130 1
3719 1
3171 2
3487 1
3131 1
6013 1
3132 2
3407 1
3174 3
3448 2
3408 1
3175 2
3409 1
3135 2
3176 3
3177 1
3178 3
961 1
3179 1
962 1
922 1
963 1
964 1
690 1
650 2
924 2
691 5
610 4
925 2
692 2
651 2
693 2
611 3
612 2
694 4
653 3
695 1
380 2
613 4
969 1
928 2
614 2
340 3
381 3
696 3
929 1
697 1
656 3
615 2
657 2
4711 1
383 3
301 2
698 3
616 5
343 1
4753 1
699 1
617 1
384 1
658 1
302 2
1831 1
618 3
303 2
4755 1
4440 1
619 2
4714 2
304 1
386 1
4481 2
1873 1
345 3
346 2
4441 1
387 2
305 1
4798 1
4483 1
4442 2
4757 1
388 3
306 4
347 4
4758 1
389 2
348 1
1561 1
8484 1
308 1
4403 1
1877 1
309 4
1522 1
4131 1
4172 1
8487 1
1290 2
1250 1
4488 1
4173 3
4489 1
4174 1
1525 1
1251 1
4448 2
1293 1
1252 2
4175 2
1294 1
1212 2
4136 1
4177 2
1213 2
1214 1
4178 1
4179 1
1256 1
1216 1
4139 1
1257 1
1217 1
1218 1
1219 3
2871 2
2873 1
2832 1
2833 1
2560 1
2835 1
5717 1
2876 1
2520 1
2562 1
2877 2
2522 2
5719 1
2290 1
2838 1
2839 2
2524 1
2251 1
2210 1
2525 1
2211 2
2293 4
2527 1
2294 2
2295 2
2255 1
5138 1
2297 1
2216 1
2298 1
2219 1
3870 1
7870 1
3873 1
3832 1
6756 1
3875 1
6401 1
7560 1
6757 1
3520 1
3835 1
3877 1
3521 2
3836 2
3562 1
3878 1
3523 2
3838 1
3290 2
3565 1
3291 1
3250 2
3292 1
3525 3
3251 1
3211 2
3253 1
3294 1
3212 2
3254 1
3528 1
3213 2
3295 1
3296 1
3214 2
3256 2
3215 2
3297 3
3216 1
3257 2
3299 1
3258 2
3219 1
770 3
730 2
771 1
772 1
70 3
731 2
71 2
732 2
773 1
733 3
774 2
73 2
734 3
775 3
735 1
420 1
776 5
421 1
777 1
75 3
736 2
422 1
76 3
778 1
737 2
1992 1
4833 1
190 2
738 2
423 2
1910 1
77 5
464 1
78 1
424 1
4560 1
1993 1
150 3
465 2
739 2
191 3
8560 1
4520 1
1912 1
425 1
466 1
192 1
8520 1
151 5
8561 2
79 1
467 2
1680 1
152 3
4562 1
4877 1
1954 1
111 1
8562 1
8521 2
4878 1
1914 1
1640 1
4522 1
153 1
194 3
468 1
1681 1
427 1
112 2
4523 1
8523 2
1956 1
154 1
469 2
195 5
428 3
113 5
1641 1
1600 1
429 1
4524 1
1642 1
8524 1
196 3
4291 1
114 5
1916 1
155 3
8525 1
115 2
8566 1
197 3
156 3
1918 1
4293 1
1685 1
198 2
1603 1
157 6
8526 1
116 5
4253 1
1604 1
4294 2
158 2
117 5
1645 2
199 3
8527 2
4295 1
1372 1
1331 1
1605 1
118 4
1646 1
159 3
4214 2
1332 1
1688 2
1606 1
119 5
1689 1
1648 1
4298 1
4216 1
1334 1
4257 5
1335 1
4299 1
4259 2
1378 1
2950 1
2951 1
2910 1
2993 1
2994 1
2953 1
2680 3
2996 1
2682 2
2600 1
2641 2
5838 1
2957 1
5524 1
2999 1
2643 1
5566 1
5292 2
2685 2
5567 1
5293 1
2644 1
2604 1
2330 1
5253 1
2645 1
2331 1
2646 2
2372 1
2687 2
2373 1
2688 4
2607 1
2689 2
2648 1
2060 2
2061 1
2376 1
5258 1
2336 1
2021 1
2063 1
2022 1
2338 1
2023 1
2339 1
2065 1
2066 1
2026 1
3991 1
3951 1
3992 1
3911 1
3953 1
3912 1
3913 1
3954 2
3995 1
7681 1
3914 2
3681 1
3996 1
3641 1
3682 2
3915 2
3642 1
3683 1
3685 1
3645 1
7371 1
3330 1
3919 1
3371 1
6254 1
6295 1
3331 1
3687 3
7688 1
3332 2
3647 2
3606 2
3688 1
3333 1
3607 3
3648 2
3608 1
3649 2
3334 2
6299 1
3335 1
3021 1
3377 2
3336 2
3022 1
3063 1
3064 1
3023 1
3338 2
3379 2
3065 1
3025 1
891 1
3027 1
810 1
3028 1
853 1
894 1
812 3
813 1
895 1
580 2
581 1
855 1
540 2
814 2
856 1
541 2
898 1
816 1
542 3
583 1
501 2
4994 1
543 1
858 1
584 1
817 3
4953 1
502 5
585 1
503 2
544 1
4995 1
270 4
230 1
504 2
586 4
4681 1
4640 1
505 1
587 2
231 3
546 1
272 4
547 2
4998 1
273 3
232 4
589 1
4643 1
4602 1
274 2
548 2
233 1
507 2
4684 2
1762 1
549 3
1721 2
275 4
234 3
276 1
1722 1
235 2
4330 1
509 2
4605 1
277 2
4372 2
1723 1
4332 1
4373 1
237 3
278 2
1725 1
4333 1
238 1
1766 1
4689 1
279 1
1493 2
4020 1
1494 1
4609 2
1453 1
8021 1
1180 1
4021 3
1495 1
1413 1
1496 1
4022 1
1729 2
4337 1
4063 1
1141 1
4023 1
1100 1
1182 2
4064 1
4065 1
1457 1
1499 2
1102 1
1418 1
1186 1
4068 1
1419 2
1145 2
1105 1
1187 1
4028 1
4029 1
1188 1
1147 1
1107 1
1109 2
5912 2
2761 1
2721 2
2762 2
2763 2
2723 1
5646 1
5605 1
2764 1
5607 1
2725 5
2766 1
2726 1
5376 1
2768 1
2453 2
5061 1
2454 1
2728 1
2180 1
1062 2
2729 1
1064 1
2415 1
2141 2
2416 1
1024 1
1065 1
5066 1
2417 1
2143 1
2418 1
2185 1
2459 2
1026 1
1068 1
2186 1
1027 2
2145 1
5027 1
5028 1
2146 1
1028 1
2105 2
2147 1
1029 1
2148 2
2189 1
2149 1
2109 1
6916 1
3760 3
3761 2
3721 1
3763 1
3722 1
3490 1
3723 1
3765 2
3491 1
3451 1
3725 2
3492 1
3411 1
3452 1
3493 1
7411 1
3767 1
3768 1
3412 1
3727 2
3728 2
3180 3
3769 3
3454 1
3495 3
3455 1
3140 2
3496 1
3181 3
3456 1
3182 2
3101 1
3416 1
3142 2
3458 1
3417 1
3184 1
3143 2
3144 1
6067 1
3459 2
3185 1
3419 2
3186 2
6069 1
3105 1
3187 1
3147 1
3188 2
3148 1
7107 1
3107 2
972 1
3108 1
973 1
3109 1
932 1
933 2
975 1
660 4
935 1
661 2
621 2
663 1
622 5
978 1
664 1
938 3
390 3
623 6
391 1
939 1
624 1
625 4
311 1
667 6
393 3
626 5
352 2
312 1
627 5
8490 1
1800 1
354 3
628 3
1882 1
669 1
395 2
313 2
4490 1
1841 1
629 3
314 2
396 1
1842 2
356 2
1884 1
1802 2
8410 1
4725 1
4411 1
4452 2
1570 1
1803 1
316 3
398 4
357 4
4412 1
317 1
358 1
4180 1
1531 1
8413 1
318 2
1887 1
1846 1
1805 1
1572 1
4769 1
1573 1
4414 1
319 3
4140 2
1848 2
1574 2
1533 1
4182 1
1534 1
4142 1
4457 1
4183 1
4101 1
4417 1
1261 2
1220 1
4184 2
4143 1
1577 1
4103 1
4185 1
1536 1
4459 1
1262 1
4419 1
4186 1
1578 1
4188 1
1265 1
1225 1
4107 1
1226 1
1227 1
1268 2
1229 2
2800 1
2842 1
2801 2
2570 1
2803 1
2844 2
2571 1
2804 2
2886 2
2845 1
2805 1
5180 1
5181 1
2573 2
2888 1
2847 1
2889 1
5182 1
2808 1
5457 2
2220 1
2809 1
5185 1
5418 1
2262 1
2264 1
2265 2
2539 1
2224 1
2266 1
