2226 2
2267 1
2268 2
2227 2
2228 1
2229 2
3884 1
3802 1
3885 1
3571 1
3531 1
3806 1
3573 1
3532 2
3575 2
3261 1
3576 1
3809 1
3222 1
3263 1
3538 2
3539 1
3224 1
3267 1
3226 1
3228 1
780 59
781 56
740 71
700 129
782 53
741 78
80 4024
742 83
783 58
40 138
701 81
81 4128
784 57
41 189
743 81
82 4042
702 116
703 86
785 62
42 318
744 70
470 1076
83 4071
786 55
745 78
43 400
704 96
84 4164
430 1577
471 1048
746 69
787 55
431 1540
705 106
85 4099
472 1050
44 593
1960 1
788 46
747 81
432 1570
86 4166
473 1062
706 114
45 799
1961 5
1920 4
789 53
707 106
748 67
46 1062
433 1484
87 4073
474 1036
1921 5
1962 3
749 64
708 92
88 4088
475 1056
47 1412
434 1537
160 3620
1963 1
1922 3
709 99
435 1524
89 4116
476 1035
48 1702
161 3717
120 4313
1923 2
1690 3
1964 3
436 1475
477 950
49 1967
162 3630
121 4174
1924 2
1965 3
1691 2
1650 2
163 3581
437 1405
478 957
122 4233
1925 1
1651 3
1610 4
1966 4
1692 4
479 993
438 1502
164 3556
123 4234
1967 1
1611 4
1652 2
1693 8
1926 2
124 4254
165 3634
439 1444
1612 2
1653 4
1694 4
1968 2
166 3560
125 4200
1928 2
1613 5
1654 4
1969 3
1695 6
1380 12
126 4194
167 3552
1696 2
1655 4
1381 9
1929 4
1614 3
1340 5
168 3475
127 4155
1300 7
1697 5
1656 5
1382 6
1341 9
1615 2
169 3496
128 4111
4265 1
1698 2
1383 7
1657 6
1301 13
1616 5
1342 8
129 4265
1699 3
1658 2
4266 2
1343 9
1302 11
1617 6
1384 4
1618 3
1303 5
1659 5
1344 12
1385 6
1386 9
1304 6
1619 8
1345 12
1387 1
1305 8
1346 6
1388 10
1306 4
1347 9
1348 8
1389 9
1307 7
1349 5
1308 7
1309 11
2960 1
2920 3
2962 1
2963 1
2964 1
2923 1
2690 3
2924 1
2651 1
2652 1
2693 3
2611 3
2968 1
2612 2
2694 1
2653 3
2969 1
2654 1
2614 1
2381 1
2696 2
2340 2
2615 1
2656 2
2382 1
2383 1
2301 2
2616 3
2342 1
2658 1
2617 1
2302 1
2344 1
2303 1
2659 2
2070 3
2385 1
2345 1
2619 1
2386 2
2030 2
2304 3
2071 1
2346 1
2387 1
2072 3
2305 2
2031 4
2032 2
2306 3
2074 3
2389 2
2033 4
2348 3
2034 4
2308 1
2349 1
2075 4
2076 1
2035 3
2309 3
2036 2
2077 4
2078 2
2037 2
2038 4
2079 7
2039 2
3960 1
3961 1
3921 1
3922 1
3690 1
3691 1
3651 1
3652 1
3967 1
3694 1
3653 2
3695 1
3928 1
3929 1
3300 1
3697 1
3656 1
3698 2
3616 1
3657 1
3659 1
3073 1
3033 1
3349 1
3034 1
3308 1
3035 2
3309 1
3077 1
3078 1
3037 1
860 35
820 56
861 32
3039 1
821 46
862 31
863 45
822 50
823 39
864 40
590 320
865 49
824 57
591 306
550 470
866 37
592 276
551 472
825 44
510 707
867 40
826 58
593 301
511 713
552 446
827 53
868 43
594 297
512 694
553 469
869 32
595 290
828 46
513 729
554 427
280 3043
829 61
596 294
514 644
555 466
281 2961
240 3044
597 284
515 706
556 445
282 3001
241 2997
200 3240
1770 4
557 429
283 3089
516 700
242 2889
201 3100
598 257
1771 4
1730 1
599 262
558 458
517 680
284 2891
243 2885
202 3152
1731 3
1772 1
559 431
285 3070
518 691
244 2977
203 3277
1732 2
1773 4
519 675
286 2916
245 3019
204 3074
1774 1
4341 1
1733 3
246 2968
205 3107
287 2919
1460 7
1775 3
1734 6
247 2984
206 3030
288 3074
1420 12
1735 5
1776 3
1461 9
248 3027
207 3117
289 2993
1421 7
1736 6
4344 1
1462 7
249 2972
208 3220
1422 3
1737 4
1778 1
1463 11
209 3011
1738 2
1423 8
1779 1
1464 7
1190 14
1465 3
1739 1
1424 9
1150 17
1191 9
1151 10
1110 14
1192 14
1425 9
1466 5
4075 1
1152 13
1426 5
1467 8
1111 14
1193 12
1468 5
1194 13
1153 17
1427 3
1112 17
1469 4
1428 12
1195 13
1113 17
1154 17
4078 1
1155 8
1429 8
1196 12
1114 17
1156 16
1197 6
1115 23
1116 25
1198 10
1157 18
1117 13
1199 10
1158 12
1159 9
1118 14
1119 22
2770 3
2730 1
2771 3
2731 1
2732 1
2773 2
2733 5
2774 3
2776 1
2462 1
2421 1
2777 3
1070 18
2736 4
2422 3
2463 2
2778 2
1030 21
1071 19
2190 1
2779 2
2464 1
1072 17
2738 4
1031 24
2465 1
2739 2
2424 3
1032 14
1073 16
2191 1
2110 2
1074 15
2466 1
1033 28
2151 5
2426 1
2193 2
2152 2
2111 4
1034 16
1075 15
2467 4
2153 4
2468 1
2427 3
2112 1
2194 5
1076 19
1035 15
2195 2
2428 1
2113 2
2154 2
2469 1
1077 18
1036 19
2429 1
2155 3
2114 4
1037 20
1078 17
2196 4
2197 1
2156 6
2115 1
1079 18
1038 19
2198 3
2157 2
1039 21
2116 3
2199 2
2117 2
2118 1
2119 3
3730 1
3731 1
3775 1
3776 1
3735 1
3462 1
3463 1
3423 1
3190 1
3425 1
3192 1
3110 1
3193 1
3111 2
7427 1
3195 1
3428 2
980 18
3158 1
3117 2
940 32
981 36
941 25
900 31
982 34
942 31
3119 1
983 21
901 35
902 39
984 21
943 25
985 25
903 28
944 30
670 152
986 22
945 25
904 36
630 216
671 144
946 29
987 23
905 23
631 206
672 139
988 29
947 15
632 173
673 146
906 27
989 22
674 147
633 220
948 28
907 28
949 26
908 35
634 207
675 125
360 2438
909 29
635 203
676 131
361 2554
320 2870
1890 1
677 122
636 194
362 2385
321 2879
1891 1
637 173
678 140
363 2455
322 2811
1851 1
1810 1
1892 2
679 137
638 202
364 2462
323 2798
1811 5
1893 2
639 192
365 2356
324 2911
1894 2
1812 3
1853 2
366 2490
325 2890
1813 3
1580 5
367 2439
326 2864
1855 1
1814 1
1540 6
1581 4
368 2406
327 2795
1815 1
4190 1
1541 3
1500 5
1897 2
1582 4
1856 4
369 2307
328 2857
1857 2
1542 8
1898 4
1501 9
4150 2
1583 4
329 2794
1584 2
1899 2
1543 1
4192 1
1502 6
1817 2
1858 4
4152 1
1818 2
1585 3
1503 4
1859 1
1544 4
1270 10
1504 1
4153 1
1586 2
1545 4
1819 1
1271 7
1230 14
1505 2
1546 6
1231 8
4195 1
1587 7
1272 10
4114 1
1547 3
1232 7
1506 4
1588 3
1273 11
1589 2
1507 3
1274 8
1233 11
1548 3
1549 6
1508 7
1234 10
1275 18
1235 6
1509 5
1276 8
1236 10
1277 8
1278 11
1237 10
1238 12
1279 13
1239 7
2891 1
2850 1
2851 1
2810 4
2893 1
2812 1
2853 1
2854 1
2895 3
2581 2
2814 2
2896 1
2855 1
2541 3
2897 1
2856 1
2542 3
2501 1
2583 1
2898 3
2816 2
2543 1
2899 1
2817 3
2584 1
2544 2
2818 2
2270 2
2271 3
2545 1
2230 2
2586 1
2504 4
2505 1
2546 1
2231 2
2272 5
2273 1
2588 2
2506 1
2232 4
2233 1
2507 1
2589 1
2548 3
2274 4
2549 2
2275 3
2508 4
2235 1
2277 2
2236 3
2237 3
2279 1
2238 3
2239 3
3892 1
3813 1
3580 1
3854 1
3581 1
3856 1
3815 1
3542 1
3543 1
3899 1
3859 1
3585 1
3504 1
3505 1
3587 1
3507 1
3549 2
790 72
791 69
750 68
751 86
710 101
792 52
90 4182
752 79
711 100
793 51
50 2368
91 4180
794 58
712 102
753 82
92 4228
51 2695
795 50
713 100
754 78
52 2919
93 4124
480 915
755 71
714 106
796 68
94 4231
481 990
53 3303
440 1554
756 83
715 98
797 72
400 2000
441 1372
95 4246
482 966
54 3557
1970 2
798 69
716 91
757 77
483 949
96 4212
55 3785
442 1354
401 1906
1971 4
1930 1
799 56
443 1338
717 86
758 72
484 939
97 4163
56 4103
402 1949
1931 1
1972 5
759 65
485 956
98 4160
718 77
57 4159
444 1342
170 3407
403 1985
1973 1
1932 3
719 86
404 1874
99 4259
486 890
58 4156
445 1312
171 3479
130 4122
1974 1
1933 5
446 1326
487 944
59 4254
172 3463
405 1855
131 4017
1975 1
1660 4
1934 5
488 888
406 1976
447 1300
173 3480
132 4050
4502 1
1661 2
1976 4
1620 3
133 4002
174 3445
489 926
448 1300
407 1870
1936 3
1977 3
1662 3
1621 5
449 1268
175 3332
408 1858
134 4037
1663 1
1937 4
1622 5
1978 3
4230 1
409 1757
176 3406
135 4007
1938 2
1623 3
1664 1
1390 6
1979 2
177 3385
136 4035
1350 4
1939 5
1391 9
1624 8
1665 5
178 3409
137 3887
1625 5
4233 1
1666 2
1351 9
1310 7
1392 9
179 3401
138 4076
1626 2
1667 2
1393 7
1311 10
1352 10
139 3866
1668 3
1312 6
1627 7
1353 12
1394 8
4277 1
1669 2
1628 2
1313 11
1354 5
1395 15
1629 2
1314 5
1396 6
1355 10
1397 7
1315 9
4238 1
1356 8
1398 6
1357 4
1316 10
1317 8
1358 9
1399 12
1318 6
1359 7
1319 13
2931 1
2932 1
2660 1
2934 1
2975 2
2935 1
2661 2
2976 2
2662 1
2621 3
2936 1
2663 1
2937 1
2390 2
2664 1
2623 2
2938 1
2391 1
2624 1
2665 2
2666 1
2625 2
2351 2
2310 1
2311 1
2667 1
2352 3
2312 2
2394 1
2353 3
2628 1
2080 7
2314 1
2629 2
2040 2
2081 3
2355 2
2000 1
2041 3
2082 2
2356 2
2397 2
2315 3
2042 2
2316 2
2083 5
2357 4
2399 1
2002 4
2084 1
2317 2
2043 4
2358 3
2318 2
2085 4
2003 6
2044 7
2004 1
2319 1
2086 4
2045 2
2005 4
2046 1
2087 3
2088 5
2006 1
2047 6
2089 2
2048 3
2007 5
2008 3
2049 3
2009 1
3971 1
3930 1
3975 1
3936 1
3662 1
3621 1
3978 1
3938 1
3625 1
3351 2
3626 2
3353 1
3627 1
3669 2
3628 1
3396 1
3314 1
3082 1
3000 1
3083 1
3357 1
3042 1
3003 2
3004 1
3045 1
3005 1
3047 1
3088 1
870 45
3007 1
830 31
871 46
872 51
831 51
3009 1
873 35
832 33
874 38
833 46
875 32
834 33
560 402
876 29
835 44
520 648
561 415
836 38
877 43
521 632
562 404
837 49
878 33
522 640
563 394
879 35
838 37
523 611
564 379
290 3091
839 51
565 405
291 2941
524 588
250 2916
566 369
525 601
292 2972
251 2983
210 3091
1780 5
526 620
252 2949
567 361
293 3047
211 3059
1740 3
1781 2
527 591
568 364
294 3052
253 2997
212 3040
1741 6
1782 4
569 375
528 587
295 2964
254 2906
213 3004
4350 1
1742 3
1783 6
1701 4
296 2893
529 596
255 2992
214 3133
4351 1
1784 2
1702 5
1743 6
297 3039
256 2993
215 3118
1785 1
1703 2
1744 4
1470 7
216 3047
298 3024
257 3035
1704 2
1471 6
1430 10
1786 5
299 2914
258 2879
217 2956
4080 1
1705 2
1472 3
1787 8
1431 12
259 3059
218 3065
1747 1
1706 5
1473 2
1432 11
1788 1
219 3084
1748 2
1433 9
1707 2
1474 5
4083 1
1475 4
1434 7
1708 3
1160 9
1749 6
1476 7
1161 18
1435 12
1120 16
1436 2
4044 1
1477 3
1162 14
1121 13
1478 2
1437 7
1122 19
1163 9
4005 1
1479 6
1438 6
4046 1
1164 14
1123 19
4088 1
4047 1
1165 11
1124 16
1439 9
4089 1
1166 12
1125 20
4049 1
1126 10
1167 16
1168 16
1127 15
1128 16
1169 28
1129 13
2780 1
2781 1
2700 1
2782 1
2741 2
2783 2
2742 2
2701 1
2743 2
2784 4
2744 2
2470 2
2785 6
2703 1
2471 1
2745 3
2704 2
2430 3
2787 1
2746 1
2705 2
2431 3
1080 25
2432 1
2747 3
1040 23
1081 13
2433 1
2707 2
1082 17
2474 4
2748 2
2789 3
1041 12
1000 22
2434 1
2749 1
2160 3
2708 1
2475 1
1083 17
1001 23
1042 26
2161 4
2476 1
2120 1
1043 22
2435 4
1002 25
1084 21
2162 3
2477 2
2436 2
1085 25
1003 24
1044 17
2121 3
2122 1
2163 4
1086 14
1045 24
1004 24
2123 2
1005 23
1087 21
1046 13
2438 1
2165 1
2124 4
1047 14
2439 2
1088 12
1006 17
2125 1
1089 19
1007 21
2166 2
1048 17
2167 1
2126 1
1049 12
1008 21
2168 2
2127 2
1009 26
2128 1
2129 3
3700 1
3783 1
3742 2
3702 1
3703 1
3744 1
7703 1
3470 1
3785 1
3704 1
3472 1
3706 1
3747 1
3707 1
3789 1
3433 1
3476 1
3122 1
3163 1
3437 2
3124 1
3166 1
3167 1
990 27
3168 1
950 20
991 23
992 24
910 30
951 21
993 21
952 24
911 37
953 19
994 31
912 33
995 15
913 32
954 28
680 146
681 145
640 186
996 23
955 26
914 27
997 17
956 34
600 282
915 31
682 136
641 188
957 26
916 34
998 24
683 120
642 180
601 240
999 20
958 33
684 146
917 35
643 181
602 268
918 27
644 163
685 131
603 270
959 25
370 2313
919 30
686 100
604 276
645 174
371 2420
330 2778
687 124
605 284
646 164
372 2376
331 2745
1860 3
647 188
606 259
688 137
373 2311
332 2759
1820 5
1861 1
607 264
689 131
648 178
374 2354
333 2789
1862 3
1821 6
649 158
375 2377
608 264
334 2845
1822 2
1863 1
609 240
376 2310
335 2785
1864 2
1590 3
377 2332
336 2791
1550 2
1591 3
1865 4
378 2229
337 2709
1551 1
1866 3
1825 2
1592 5
1510 7
379 2269
338 2756
1826 3
1593 3
1511 5
1552 6
339 2680
1594 1
1827 4
1868 3
1512 10
4120 1
1553 11
1869 1
1554 5
1513 5
1828 4
1280 12
1595 4
1829 2
1555 6
1514 6
1240 12
1596 2
1281 7
4123 1
1597 11
-13 1
1556 7
1282 15
1200 10
1515 5
1241 8
1242 3
4165 1
1201 10
1516 2
1283 10
1598 5
1557 10
1517 7
1243 3
1599 6
1558 3
1284 12
1202 10
4126 1
1559 4
1518 8
1285 11
1244 15
1203 10
1286 6
1245 5
1204 12
1519 5
1287 7
1205 16
1246 12
4169 1
1288 9
1247 13
1206 6
1289 10
1248 11
1207 15
1208 10
1249 13
1209 9
2861 1
2862 3
2821 1
2863 1
2864 1
2823 1
2590 2
2824 1
2550 2
2825 1
2866 1
2510 2
2551 2
2592 1
2511 1
2826 2
2552 1
2593 2
2594 1
2512 2
2868 2
2827 3
2595 2
2828 1
2554 2
2280 1
2281 1
2555 1
2829 2
2514 4
2240 2
2515 1
2241 4
2200 3
2283 1
2242 3
2516 2
2598 2
2517 1
2243 1
2284 4
2558 2
2518 3
2559 3
2203 4
2285 4
2245 3
2286 1
2204 2
2519 3
2246 2
2287 2
2205 1
2206 1
2288 4
2207 2
2248 1
2289 2
2208 1
2249 4
2209 1
3862 1
3821 1
3823 2
3864 1
3550 1
3551 2
3511 2
7868 1
3513 1
3828 1
3555 1
3556 1
3599 1
3517 1
3202 2
3518 1
3245 1
3205 1
760 83
720 90
761 69
762 75
721 90
60 4404
763 73
722 89
61 4256
21 1
723 106
490 820
764 53
62 4365
765 50
724 104
450 1279
491 899
63 4263
766 68
725 90
451 1222
410 1827
492 837
64 4324
1980 3
726 112
767 68
493 868
411 1837
65 4249
452 1212
25 1
1981 3
1940 5
727 96
768 70
494 837
66 4134
453 1240
412 1833
1982 1
1900 4
728 81
769 56
1941 4
454 1182
180 3275
67 4223
495 782
413 1750
1983 2
1942 3
1901 2
729 95
414 1769
140 3763
496 812
455 1245
68 4107
181 3331
1902 2
1984 4
1943 2
4551 1
456 1209
182 3306
141 3955
497 817
69 4153
415 1763
100 4231
1944 4
29 1
1903 1
1985 3
1670 3
416 1646
498 819
457 1211
183 3322
142 3971
101 4273
1904 3
1630 2
1986 4
1671 5
1945 3
417 1741
499 767
458 1197
184 3311
143 3944
102 4204
1946 1
1905 1
1672 1
1987 2
1631 2
144 3924
459 1175
418 1634
185 3179
103 4401
1988 1
4596 1
1947 4
1906 2
1673 5
1632 3
419 1744
186 3366
145 3785
104 4199
1633 1
1674 3
1989 1
1948 1
1907 4
146 3833
187 3238
105 4318
1675 2
1949 4
1634 4
1360 9
188 3346
147 3893
106 4341
1909 2
1635 4
1361 5
1676 1
1320 6
189 3250
148 3814
107 4424
4203 1
1636 2
1677 1
1321 11
1362 11
149 3772
108 4366
1363 9
1678 5
1637 4
1322 11
109 4174
4205 1
1364 11
1679 3
1638 3
1323 9
1365 8
1324 6
1639 6
1366 6
1325 8
1367 7
1326 15
4209 1
1368 11
1327 7
1328 8
1369 12
1329 8
2982 1
2900 1
2942 2
2943 1
2902 1
2903 1
2670 1
2944 1
2904 1
2630 1
2671 1
2905 1
2631 2
2946 1
2987 1
2632 1
2906 1
2947 1
2948 1
2674 2
2949 1
2360 1
2908 3
2634 1
2675 2
2909 2
2361 4
2677 1
2321 1
2362 1
2636 1
2322 3
2637 2
2678 3
2323 1
2679 4
2090 4
2365 1
2091 2
2324 2
2050 5
2010 3
2092 2
2325 3
2366 1
2051 3
2052 5
2367 2
2093 3
2011 3
2326 3
2368 2
2012 3
2327 4
2053 4
2094 5
2369 2
2095 4
2054 5
2328 3
2013 2
2096 1
2055 2
2014 3
2097 1
2056 3
2015 1
2016 1
2057 7
2058 1
2017 1
2099 3
2059 7
2018 2
3942 1
3983 1
3943 1
3670 1
3985 1
3631 1
3988 1
3906 2
3633 1
3907 1
3674 1
3908 1
3634 2
3677 1
3637 1
3364 1
3323 1
3638 1
3050 1
3365 1
3091 1
3639 1
3092 1
3051 1
3011 1
3012 3
3094 3
3327 1
3095 1
3054 1
3013 3
3014 1
3329 1
3096 1
3055 2
3097 1
3057 1
3016 1
880 26
3058 1
3099 1
3017 1
881 39
840 41
882 34
3059 1
841 32
800 52
883 40
801 57
842 52
843 42
884 41
802 63
844 41
803 57
885 32
570 383
845 41
886 29
804 55
571 329
530 523
887 24
805 65
572 393
846 37
531 578
888 32
806 53
847 39
532 536
573 343
4984 1
848 46
807 44
889 41
574 336
533 527
849 43
808 41
575 345
534 546
260 2954
809 50
576 364
535 550
261 2973
220 2990
1790 2
536 513
577 354
262 2880
221 3039
1791 2
1750 4
537 541
578 363
263 2985
222 2965
1751 1
1710 1
1792 4
538 549
579 318
264 3004
223 3020
1793 1
1711 5
4360 1
1752 2
539 514
265 2974
224 2989
1794 4
1712 3
1753 3
266 2939
225 3051
4362 1
1754 3
1480 9
1795 2
1713 10
267 3011
226 2955
1755 4
1796 1
1440 11
1714 3
1481 4
268 2972
227 3017
1400 5
1756 4
1482 7
1715 2
1441 9
228 3051
269 3032
1757 2
1483 11
1716 1
1401 8
1798 2
1442 5
229 3027
1717 3
1758 4
1799 3
1443 6
1402 11
4092 2
1484 9
1759 2
1444 5
1403 6
1170 11
4326 1
1718 5
1485 8
4012 1
1719 2
1404 6
1486 4
1171 11
1130 14
1445 8
4328 1
1446 4
1487 4
1131 13
1172 8
1405 6
4096 1
1447 6
1488 7
1406 10
4014 1
1173 15
1132 10
4015 1
1489 4
1133 11
1448 6
1407 11
1174 10
1408 3
1449 10
1175 9
1134 20
1176 18
1135 13
1409 14
1177 8
1136 13
1178 10
1137 12
1179 13
1138 17
1139 13
2750 1
2791 1
2792 1
2751 3
2752 2
2793 3
2711 2
2753 1
2794 3
2754 2
2755 1
2440 2
2715 1
2756 1
2441 1
2482 1
2797 1
1090 15
2401 1
2483 1
2442 1
2716 1
1091 19
2757 2
1050 20
2443 1
2799 1
2758 1
2717 1
1051 25
2402 3
1010 14
1092 18
2485 2
2444 2
2718 1
2170 1
1052 15
1011 20
1093 23
2445 2
2404 3
2486 1
2171 2
2719 1
1012 28
1053 16
1094 25
2405 1
2446 1
2172 4
1095 10
1013 21
1054 16
2406 2
2173 3
1014 27
1055 24
1096 25
2133 2
2174 1
1097 20
1015 28
1056 21
2408 1
2449 2
2175 3
2134 2
1016 20
1098 18
1057 17
2176 4
2135 4
1017 19
1058 18
1099 13
2136 1
2177 2
1018 24
1059 16
2178 2
2137 2
1019 24
2179 1
2138 5
2139 3
3710 1
3711 1
3712 1
3753 1
3480 1
3754 1
3481 1
3715 1
3401 1
3717 1
3445 1
3130 2
3171 1
3405 1
3446 1
3406 1
3407 1
3175 2
3449 1
3135 1
3177 1
3137 2
960 16
3138 1
961 22
920 46
962 22
921 31
922 29
963 31
964 24
690 112
923 27
691 133
650 187
965 32
924 29
925 24
610 243
651 147
966 29
692 101
926 28
967 24
611 233
693 121
652 145
968 21
694 124
927 39
653 170
612 217
969 28
928 35
695 120
654 175
613 219
380 2283
929 33
655 163
696 113
381 2288
614 239
340 2684
697 112
656 156
615 240
300 2925
382 2257
341 2656
1870 1
698 88
657 146
616 259
301 3066
383 2164
342 2705
1830 3
1871 1
699 107
617 237
658 176
302 2926
384 2110
343 2762
1831 3
618 215
659 167
303 3027
385 2221
344 2659
1832 3
1873 1
619 219
304 3015
386 2129
345 2658
1833 3
1874 2
305 2858
387 2078
346 2690
1875 1
1834 2
1560 6
347 2602
306 2872
388 2103
1876 2
1835 3
1520 8
1561 2
389 2070
348 2594
307 2867
1877 2
1836 3
1521 4
1562 6
349 2569
308 2887
4130 2
1563 2
1522 4
1837 2
1878 5
309 2920
1838 2
1879 2
1523 8
1290 11
4405 1
1564 5
1839 1
1524 2
1250 14
1565 3
1291 6
1525 3
1566 4
1210 13
1251 10
1292 10
4134 1
1567 5
1293 9
1526 3
1252 16
1211 12
1527 3
1568 2
1212 7
1294 9
1253 13
4136 1
1569 4
4177 2
1295 7
1528 5
1254 14
1213 16
1255 8
1214 11
1529 4
1296 16
-28 1
4138 1
1215 20
1297 6
1256 14
1257 7
1298 10
1216 7
1258 6
1299 10
1217 11
1259 7
1218 5
1219 10
2870 2
2830 1
2872 2
2873 2
2833 3
2560 2
2834 2
2561 3
2520 1
2562 1
2836 1
2521 2
2878 1
2563 4
2523 2
2564 1
2290 2
2838 1
2879 1
2565 1
2250 3
2291 2
2524 3
2839 1
2251 1
2526 2
2293 1
2567 3
2252 1
2294 1
2568 1
2212 3
2254 1
2213 1
2528 2
2295 2
2569 2
2296 1
2255 1
2214 3
2529 4
2215 1
2256 2
2297 5
2298 1
2216 1
2257 2
2217 1
2299 2
2258 5
2259 1
2218 2
2219 2
3830 1
3832 1
3873 1
3833 1
3874 1
3560 1
3876 1
3520 1
3521 1
3562 2
3836 1
3878 1
3522 1
3879 1
3523 1
3564 1
3565 2
3566 1
3252 1
3212 1
3568 1
3213 2
3257 1
3299 1
3259 1
770 55
771 61
730 90
772 61
731 91
70 4158
773 84
732 79
71 4054
774 76
733 83
72 4084
734 83
32 2
775 66
73 3975
460 1122
33 2
776 44
735 76
461 1197
74 4057
420 1639
1990 1
34 7
777 60
736 81
421 1644
462 1194
75 3931
1950 2
1991 4
35 11
778 45
737 87
76 3929
463 1136
422 1655
1910 3
1951 3
1992 3
738 72
779 70
36 22
464 1148
423 1659
77 3895
190 3187
1993 3
1911 4
1952 2
739 80
37 31
150 3882
465 1111
78 4059
191 3250
424 1627
1953 2
38 42
79 4090
466 1148
192 3257
425 1604
151 3851
110 4289
1995 7
1913 2
1680 5
1954 3
39 95
426 1564
467 1028
193 3290
152 3759
111 4337
4563 1
1914 2
1640 7
1996 4
468 1068
194 3151
427 1638
153 3725
112 4298
1915 1
1997 2
1641 1
1600 9
1956 3
1682 2
469 1052
195 3164
428 1601
154 3690
113 4331
1683 2
1916 1
4250 1
1957 1
1642 5
1601 5
196 3170
429 1557
155 3685
114 4170
1684 3
1643 4
1602 4
1958 2
1999 4
1917 5
156 3870
197 3261
115 4316
1685 2
1603 2
1959 1
4211 1
1918 2
1644 5
1370 7
198 3154
157 3827
116 4298
4568 1
1645 6
4212 1
1330 9
1686 3
1371 5
1604 3
199 3075
158 3667
117 4252
1687 2
1605 1
1372 3
4213 2
1331 12
1646 4
159 3804
118 4261
1688 1
1332 5
1647 5
1606 6
1373 4
119 4272
1607 2
1648 3
1333 6
1374 13
1649 1
1608 4
1375 5
1334 6
1609 4
1376 7
1335 5
1336 3
4259 3
1377 8
1337 6
1378 6
1379 11
1338 7
1339 6
2991 1
2910 3
2992 1
2993 1
2911 2
2952 1
2994 1
2912 1
2680 2
2954 1
2995 1
2913 3
2681 1
2914 1
2955 2
2640 1
2996 1
2956 1
2600 2
2997 2
2641 2
2683 1
2916 1
2601 1
2957 1
2642 2
2602 1
2958 1
2603 1
2644 2
2959 1
2370 3
2330 1
2919 1
2686 1
2371 1
2331 1
2605 1
2372 5
2688 2
2606 2
2647 1
2333 1
2689 2
2607 4
2060 3
2375 1
2334 1
2608 1
2609 2
2335 2
2061 2
2020 5
2021 2
2377 1
2062 3
2378 1
2337 1
2063 4
2022 4
2338 1
2379 2
2064 5
2023 5
2339 1
2065 1
2024 3
2025 2
2066 3
2067 1
2026 5
2068 2
2027 5
2028 2
2069 1
2029 2
3991 1
3951 1
3680 1
3955 2
3997 1
3601 2
3602 1
3604 1
3645 1
3919 1
3687 1
3648 1
3060 1
3375 1
3608 3
3061 1
3376 1
3021 1
3063 1
3337 1
3379 1
3023 2
3064 1
3065 2
3024 3
890 27
891 34
850 46
851 39
810 51
892 38
3029 1
852 42
893 37
811 46
853 43
812 64
894 36
895 25
580 331
813 50
854 40
855 40
896 27
814 47
581 350
540 524
897 34
856 36
582 333
815 43
541 469
500 793
816 48
857 48
542 558
501 798
898 38
583 347
899 27
858 41
817 51
543 507
502 781
584 344
818 51
859 50
544 506
585 369
503 789
270 2947
819 50
504 729
271 2967
586 286
545 492
230 3065
505 739
587 288
546 487
272 2976
231 2926
1760 1
547 428
588 305
506 711
273 3024
232 3063
1720 1
1761 7
507 716
589 313
274 2943
548 515
233 3054
1721 2
1762 3
508 730
549 462
275 2969
234 2951
1722 1
1763 6
509 716
235 2954
276 2993
1723 5
1490 2
1764 3
277 2899
236 3055
1765 1
1724 3
1491 4
1450 7
278 2991
237 3031
1766 1
1725 1
1492 5
1451 5
1410 5
279 2950
238 3010
1726 3
1452 12
1493 5
1411 11
1767 4
239 3062
1768 1
1494 4
1412 7
1453 4
1727 3
1769 4
1180 4
1728 4
1495 4
1454 7
1413 9
1414 4
1455 5
1140 14
1729 4
4063 1
1496 10
1181 10
4338 1
1456 4
1497 2
1100 12
1415 7
1182 9
1141 19
1183 10
1416 9
4339 1
1498 7
1142 18
1457 8
1101 20
4025 1
1499 7
1184 8
1458 4
1143 16
1102 16
1417 7
4067 1
1185 12
1459 6
1103 19
1144 13
1418 13
1419 7
1186 13
1104 17
1145 9
1146 11
1187 14
1105 17
1147 18
4029 1
1106 18
1188 10
1107 16
1189 12
1148 16
1149 17
1108 18
1109 18
2760 1
2761 1
2720 1
2721 1
2763 3
2722 2
2490 1
2724 3
2450 1
2451 1
2766 2
2492 2
2725 1
2410 1
2726 4
2493 1
2411 1
2452 1
1060 23
2453 1
1061 17
1020 20
2495 1
2769 1
2728 2
2180 3
2413 3
1021 17
1062 18
2414 2
2181 1
2140 2
2455 1
1022 15
2496 2
1063 15
2100 1
2456 1
2182 1
2415 2
2141 3
1064 18
1023 29
2497 3
2498 1
2142 1
2416 2
2101 5
2183 7
1024 26
1065 21
2499 1
2417 2
2143 2
2102 4
2458 2
2184 6
1025 18
1066 19
2185 3
2144 3
2103 3
2418 2
1026 18
1067 17
2145 3
2104 3
2186 5
2419 3
1068 19
1027 17
2105 4
1028 18
1069 17
2188 2
2106 2
2147 2
1029 21
2107 1
2108 3
2149 4
2109 2
3760 1
3764 1
3725 1
3411 1
3493 1
3454 2
3728 1
3495 1
3496 1
3182 1
3100 1
3457 1
3101 1
3458 1
3144 1
3459 1
3104 1
3145 2
3187 1
3105 1
3188 1
970 25
3189 1
971 23
930 30
972 31
931 30
932 27
973 23
933 29
974 29
934 37
975 18
660 149
976 28
935 31
661 154
620 227
977 26
621 254
936 28
662 152
937 23
978 19
663 136
622 219
979 22
623 205
664 147
938 32
390 2122
939 30
624 211
665 147
350 2529
391 2028
666 135
625 216
310 2903
392 2010
351 2631
1880 3
667 137
393 2083
626 208
352 2517
311 2903
1840 2
627 191
668 126
394 1994
353 2461
312 3045
1841 3
1882 1
628 196
395 2021
669 124
354 2548
313 2839
1842 4
1883 1
629 196
396 2029
355 2444
314 2953
1802 3
1884 2
397 2043
356 2498
315 2888
1803 3
1844 3
1570 4
1885 2
398 1964
357 2454
316 2910
1571 5
1530 6
1886 4
1804 3
1845 4
399 1958
358 2497
317 2887
1846 3
1572 4
1887 1
1805 5
1531 5
359 2521
318 2896
1573 3
4729 1
1888 1
1806 4
1532 4
1847 4
4140 1
319 2883
1533 4
1807 2
4141 1
1574 7
1534 4
1849 1
1808 3
1575 4
1260 11
4184 1
1809 4
1576 3
1220 11
1261 11
1535 7
4102 1
4103 2
1536 7
1577 4
1221 5
1262 12
1578 3
1537 5
1222 11
4186 1
1263 11
1538 5
1264 9
4187 1
1223 11
1579 7
4147 1
4106 1
1539 9
1224 12
1265 9
4148 1
1225 7
1266 11
4107 2
1226 7
1267 12
1268 10
1227 17
1228 7
1269 11
1229 17
2880 1
2840 1
2882 1
2841 1
2801 2
2883 2
2884 1
2843 2
2802 1
2885 2
2570 1
2844 2
2530 2
2845 1
2886 1
2531 1
2805 1
2572 4
2532 1
2888 3
2806 2
2847 1
2807 1
2574 1
2533 1
2575 1
2260 1
2535 1
2261 1
2576 1
2221 1
2262 3
2263 1
2578 2
2222 2
2537 3
2264 1
2579 1
2224 1
2265 2
2266 1
2225 2
