2622 1
2623 5
2624 8
2625 5
2626 3
2628 1
2629 1
6507 1
3490 2
3492 2
3493 3
3495 1
3497 2
3498 1
3499 2
1300 86
1301 63
1302 60
1303 74
1304 70
1305 75
1306 61
1307 68
7389 1
1308 85
1309 68
3950 4
2170 7
3951 2
2171 13
3952 4
2172 10
3953 1
2173 8
3954 2
2174 10
3955 1
2175 12
3956 1
6051 1
2176 5
2177 5
3957 1
1 1
3958 1
2178 11
3959 1
2179 7
3 2
6054 2
4 1
6 4
6057 2
7 1
7842 1
7845 1
7846 1
7847 1
2630 5
2631 2
2632 2
2633 5
2634 1
2635 1
2636 3
2637 1
2638 5
2639 2
1310 57
1311 60
1312 81
1313 82
1314 74
1315 75
1316 80
1317 82
1318 80
1319 56
3960 2
2180 7
2181 7
2182 7
2183 10
3964 1
2184 8
2185 7
3966 1
2186 16
2187 11
3967 4
3968 2
2188 7
3969 2
2189 4
6067 1
7855 1
2640 2
2641 7
2642 3
2643 2
2644 3
2645 5
2646 3
2647 3
400 1572
2648 4
401 1585
2649 4
402 1550
403 1571
404 1664
405 1608
406 1628
407 1511
408 1555
409 1510
1320 63
1321 67
1322 69
1323 72
1324 71
5200 1
1325 71
5201 1
1326 68
5202 2
1327 71
5203 3
1328 62
5204 3
1329 81
5205 3
5206 2
5207 3
5209 3
2190 8
3971 1
2191 6
2192 7
3972 2
3973 3
2193 11
3974 4
2194 11
3975 2
2195 7
3976 3
2196 7
3977 3
2197 7
3978 1
2198 4
2199 6
7864 1
2650 2
2651 2
2652 3
2653 3
2654 2
2655 2
2656 5
2657 3
410 1600
411 1525
2658 6
2659 3
412 1582
413 1507
414 1582
415 1461
416 1584
417 1556
418 1556
419 1527
1330 75
1331 53
1332 62
1333 69
1334 65
1335 79
5211 2
1336 65
5212 2
1337 62
5213 2
1338 69
5214 1
1339 67
5215 3
5217 4
5218 4
3980 2
3981 2
3982 1
3983 1
3985 1
3986 2
3987 2
3988 1
3989 2
6089 2
7874 1
2661 3
2662 1
2663 7
2664 3
2665 3
2666 2
420 1498
2667 8
2668 3
421 1580
2669 3
422 1552
423 1577
424 1564
6546 1
425 1625
426 1594
427 1472
428 1500
429 1596
1340 57
1341 64
1342 76
1343 61
1344 64
5220 2
1345 74
1346 53
5222 1
1347 53
5223 1
1348 61
5224 1
1349 61
5225 2
5227 1
5229 4
3990 3
3991 3
3992 1
3993 1
3994 2
3995 1
3996 2
3997 1
3999 2
6097 1
1800 9
6099 1
1801 6
7883 1
1802 15
1803 8
7885 2
1804 11
1805 9
7887 1
1806 10
1807 7
1808 12
1809 10
2670 4
2671 3
2672 3
2673 3
2674 4
2675 5
2676 3
2677 4
430 1586
2678 2
431 1559
2679 7
432 1528
433 1490
434 1556
435 1515
436 1501
437 1500
438 1557
439 1536
1350 51
1351 64
1352 60
1353 74
1354 59
5230 3
1355 66
5231 2
1356 58
5232 1
1357 65
5233 2
1358 51
5234 1
1359 59
5235 2
5236 3
5237 5
5238 5
5239 1
7891 1
1810 10
1811 7
1812 17
7894 1
1813 12
1814 12
1815 7
1816 12
1817 7
1818 3
1819 8
2680 6
2681 4
2682 4
2683 2
2684 2
2685 3
2686 1
2687 6
440 1547
2688 10
441 1601
2689 6
442 1534
443 1499
444 1516
445 1555
446 1537
447 1536
448 1537
449 1573
1360 57
1361 69
1362 69
1363 51
1364 70
5240 2
1365 62
5241 3
1366 60
1367 44
900 557
5243 5
1368 60
901 575
5244 1
1369 51
902 590
5245 2
903 514
5246 2
904 550
5247 2
905 517
5248 3
906 539
5249 3
907 597
908 564
909 546
1820 6
1821 15
1822 7
1823 12
1824 8
5700 1
1825 8
5701 3
1826 6
1827 11
1828 12
5704 1
1829 12
5706 2
5709 1
2690 4
2691 6
2692 3
2693 3
2694 5
2695 8
2696 1
2697 5
450 1542
451 1598
2698 2
2699 6
452 1611
453 1558
454 1548
455 1523
456 1620
457 1504
458 1528
459 1570
1370 67
1371 49
1372 63
1373 61
1374 68
5250 2
1375 62
5251 1
1376 52
5252 3
1377 62
910 584
1378 52
911 557
5254 1
1379 57
912 539
5255 2
913 524
914 545
5257 2
915 511
5258 1
916 501
5259 3
917 526
918 502
919 497
1830 7
1831 12
1832 12
1833 4
1834 10
5710 2
1835 15
1836 13
1837 14
1838 5
1839 11
5716 2
5717 1
460 1575
461 1537
462 1605
463 1509
464 1522
465 1521
466 1568
467 1536
468 1555
469 1573
1380 58
1381 48
1382 54
1383 55
1384 56
1385 49
5261 2
1386 50
5262 4
920 526
1387 52
5263 1
921 459
1388 50
922 477
5264 2
1389 44
5265 1
923 468
5266 3
924 503
925 495
5267 4
5268 5
926 487
5269 1
927 483
928 539
929 485
1840 6
1841 9
1842 7
1843 11
1844 7
1845 14
1846 17
1847 10
5723 2
1848 5
5724 1
1849 10
5728 1
5729 2
470 1561
471 1551
472 1535
473 1512
474 1534
475 1541
476 1607
477 1549
478 1504
479 1536
4400 2
4402 6
4403 1
4407 3
1390 47
1391 47
1392 58
1393 47
1394 49
5270 2
1395 43
5271 1
1396 42
930 471
5272 4
1397 44
931 495
1398 44
5274 4
932 450
1399 48
933 460
934 444
5276 3
935 486
5277 2
5278 1
936 463
5279 3
937 508
938 428
939 440
1850 7
1851 10
1852 9
1853 11
1854 15
5730 1
1855 6
5731 1
1856 11
1857 7
1858 5
5734 1
1859 11
5735 3
5736 2
5738 1
5739 2
480 1584
481 1606
482 1604
483 1546
484 1476
485 1553
486 1645
487 1533
488 1517
489 1608
4410 2
4411 2
4412 2
4413 5
4414 1
4415 1
4416 4
4417 2
4418 2
4419 1
5280 2
5281 1
5282 1
940 427
5283 1
941 404
5284 2
942 468
5285 5
943 498
944 424
5287 6
945 418
5288 2
946 402
5289 4
947 438
948 436
949 433
1860 17
1861 9
1862 9
1863 7
1864 8
5740 1
1865 5
5741 1
1866 9
5742 2
1867 4
5743 1
1868 11
1869 6
5746 2
5747 2
490 1470
491 1591
492 1631
493 1644
494 1547
495 1491
496 1534
497 1499
498 1556
499 1520
4420 2
4421 1
4422 2
4423 2
4424 2
4425 2
4426 1
4427 3
4428 1
8311 1
5290 1
5291 2
5292 3
950 475
5293 2
951 417
5294 1
952 432
5295 3
953 450
5296 1
954 434
955 406
5298 1
956 426
5299 3
957 414
958 415
959 413
3100 5
3101 3
3102 4
3103 3
3104 6
3105 2
3106 7
3107 6
3108 2
3109 2
1870 8
1871 6
1872 16
1873 11
1874 8
5750 1
1875 12
5751 1
1876 4
5752 1
1877 12
5753 1
1878 7
1879 11
5755 1
5757 1
4430 2
4432 2
4433 4
4434 1
4435 2
4436 2
4438 2
4439 3
960 412
961 389
962 434
963 406
8329 1
964 405
965 421
966 410
967 390
968 383
969 382
3110 4
3111 2
3112 3
3113 4
3114 3
3115 5
3116 1
3117 2
3118 6
3119 1
1880 8
1881 8
7000 1
1882 9
1883 9
1884 9
1885 8
1886 6
1887 11
1888 12
5764 1
1889 9
4440 1
4442 1
4443 1
4445 2
4447 1
4448 1
4449 3
970 384
971 363
972 360
973 391
8339 1
974 346
975 382
976 354
977 353
978 367
979 348
3120 3
3121 1
4901 1
4902 2
3122 1
3123 3
3124 1
3125 1
4906 2
3126 2
3127 2
4907 2
4908 1
3128 4
3129 5
1890 5
1891 14
1892 12
1893 8
1894 8
1895 15
1896 17
1897 6
1898 14
7017 1
1899 9
5775 2
5776 1
5777 1
5778 2
5779 1
4452 1
4453 1
4454 2
4455 2
4456 1
4457 1
4458 1
4459 5
8341 1
980 341
981 354
982 387
983 359
984 353
985 354
986 377
987 343
988 345
989 331
4910 1
3131 3
4912 1
3132 1
3133 2
3134 3
3135 5
4916 2
3136 3
3137 3
3138 1
3139 2
5786 1
5787 3
4460 1
4461 1
4462 4
4463 2
4464 5
4465 3
4466 2
4468 2
8353 1
8355 1
990 308
991 353
992 341
993 328
8359 1
994 332
995 314
996 296
997 341
998 328
999 351
3140 1
4921 1
3141 5
4922 1
3142 3
4923 1
3143 4
3144 5
4925 1
3145 1
3146 4
4926 1
4927 3
3147 5
4928 1
3148 3
4929 1
3149 1
5791 2
5792 1
5794 1
5796 3
5797 1
5798 1
3600 2
3601 2
3602 1
3604 4
3605 4
3606 3
3608 2
4470 4
4472 2
4473 2
4474 1
4475 1
4478 2
4479 3
8360 1
3150 4
4930 2
3151 1
3152 2
4932 2
3153 3
4933 1
3154 2
3155 2
4935 3
4936 3
3156 2
3157 4
4938 1
3158 5
3159 1
3610 2
3611 2
3612 3
3613 2
3614 4
3615 1
3617 1
3618 4
3619 2
4480 2
4481 2
4483 1
4484 3
4485 1
4486 2
4487 2
4489 1
8374 1
4940 1
3160 1
4941 2
3161 4
3162 1
3163 2
3164 4
4945 2
3165 5
3166 1
3168 2
4949 1
3169 2
3621 1
3622 1
3623 2
3624 2
3625 2
3626 2
3627 3
3628 2
3629 2
7513 1
4490 1
4491 1
4492 1
4493 2
4494 1
4495 3
4496 1
4497 1
4498 1
4499 1
2300 12
8382 1
2301 10
2302 6
2303 6
2304 5
2305 2
2306 8
8388 1
2307 8
2308 9
2309 5
4950 1
3170 2
3171 2
3172 2
4952 3
4953 2
3173 4
3174 2
3175 1
4956 1
3176 3
3177 4
4957 2
4958 1
3178 2
3179 6
7060 1
7069 1
3630 3
3631 6
3632 1
3633 3
3634 3
3635 3
3636 2
3637 4
3638 5
3639 3
7520 1
8391 1
2310 9
8392 1
2311 6
2312 6
2313 5
8395 2
2314 10
2315 4
2316 3
2317 1
2318 6
2319 8
3180 5
-100 1
4961 1
3181 3
3182 1
3183 3
3184 3
4965 2
3185 3
4966 1
3186 1
3187 2
4967 2
4968 1
3188 6
4969 1
7077 1
3640 2
3641 4
3642 1
3644 1
3645 3
3646 2
3647 3
3648 3
3649 2
2320 6
2321 5
2322 6
2323 7
2324 2
6200 1
2325 7
6201 1
2326 5
2327 10
6203 1
2328 4
6204 1
2329 3
6207 1
6208 1
4970 1
3190 2
4971 1
3191 4
4972 2
3192 4
4973 1
3193 2
4974 1
3194 5
3195 1
3196 3
3197 4
4978 2
3198 3
3199 1
3650 3
3652 1
3653 1
3654 2
3655 2
3656 1
3657 2
3658 5
3659 1
7549 1
2330 4
2331 2
2332 6
2333 7
2334 8
6210 1
2335 3
2336 2
2337 4
2338 4
2339 5
6218 1
6219 1
4980 1
4981 2
4982 1
4984 1
4986 2
1000 335
1001 292
-127 1
4988 1
1002 299
4989 1
1003 322
1004 296
1005 324
1006 326
7091 1
1007 320
1008 325
1009 320
7096 1
3660 5
3661 2
3662 4
3663 2
3664 3
3665 1
3666 4
3668 4
3669 3
2341 4
2342 5
2343 5
2344 3
2345 5
6221 1
6222 2
2347 8
100 6417
2348 2
101 6328
6224 1
2349 2
102 6267
103 6057
104 6149
105 6060
106 6176
107 5976
108 5852
-130 1
4991 4
109 5841
4992 1
4994 1
4996 2
1010 301
1011 299
4998 2
1012 292
4999 2
1013 315
1014 306
1015 309
1016 299
2800 1
1017 299
2801 2
1018 256
2802 5
1019 290
2803 5
2804 6
2805 3
2806 6
2807 6
2808 3
2809 7
3671 6
3672 2
3673 3
3674 1
3675 2
3676 2
3677 1
3678 1
3679 4
2350 6
2351 3
2352 9
2353 5
2354 10
6230 1
2355 2
2356 5
2357 5
110 5873
6232 1
111 5816
2358 2
2359 4
112 5631
113 5670
114 5520
115 5356
116 5568
117 5392
118 5348
119 5355
1020 279
1021 289
1022 301
1023 287
1024 306
1025 254
1026 288
1027 251
2810 6
1028 322
2811 5
2812 5
1029 275
2813 2
2814 4
2815 3
2816 5
2817 3
2818 4
2819 5
3680 2
3681 1
3682 2
3683 4
3684 4
3685 2
3686 1
3688 1
3689 3
2360 6
2361 6
2362 7
2363 3
2364 5
2365 8
2366 3
2367 1
120 5248
6243 1
2368 5
121 5097
2369 3
122 5063
123 5049
124 4923
125 4865
126 4850
127 4806
128 4732
129 4682
1030 261
-156 1
1031 280
1032 275
1033 271
1034 251
1035 247
1036 280
2820 1
1037 261
2821 4
1038 264
2822 2
1039 287
2823 6
2824 3
2825 6
2826 3
2827 3
2828 5
2829 2
3690 1
3692 1
3693 2
3694 4
3695 3
3696 2
3697 2
3698 2
3699 4
1500 24
1501 26
1502 25
1503 23
1504 42
1505 25
1506 40
1507 34
1508 32
1509 22
2370 4
2371 7
2372 2
2373 5
2374 3
2375 3
2376 1
2377 5
130 4592
2378 5
131 4706
2379 3
132 4650
6255 1
133 4577
134 4395
135 4351
136 4337
137 4311
138 4333
139 4275
-161 1
1040 261
1041 228
1042 287
1043 268
1044 234
1045 263
1046 263
2830 6
1047 228
2831 6
1048 224
2832 1
1049 253
2833 3
2834 3
2835 3
2836 3
2837 3
2838 5
2839 5
6716 1
6719 1
1510 32
1511 36
1512 43
1513 21
1514 26
1515 33
1516 26
1517 34
1518 21
1519 28
2380 5
2381 5
2382 8
2383 2
2384 4
2385 6
2386 7
2387 2
140 4201
2388 2
141 4170
2389 4
142 4076
143 4044
144 3995
6266 1
145 4039
146 3914
147 3848
148 3883
149 3839
1050 270
1051 254
1052 219
1053 242
1054 247
1055 244
1056 231
2840 3
1057 232
2841 4
1058 212
2842 7
1059 250
2843 9
2844 3
2845 4
2846 3
2847 1
600 1552
2848 8
601 1580
2849 9
602 1620
603 1581
604 1478
605 1518
606 1535
607 1533
608 1587
609 1567
1520 32
1521 25
1522 25
1523 28
1524 20
1525 33
1526 33
1527 22
5403 2
1528 21
5404 1
1529 28
5405 3
5406 3
5407 1
5408 2
5409 4
2390 5
2391 3
2392 4
2393 9
2394 5
2395 9
2396 4
2397 3
150 3708
2398 3
151 3632
2399 2
152 3636
153 3688
6275 1
154 3656
155 3685
156 3544
157 3450
158 3505
159 3493
1060 230
1061 218
1062 211
1063 203
1064 209
1065 192
1066 209
1067 219
2850 6
2851 1
1068 223
1069 208
2852 4
2853 5
2854 5
2855 4
2856 1
610 1564
2857 3
2858 6
611 1544
612 1513
2859 4
6735 1
613 1558
614 1442
615 1519
616 1576
617 1522
618 1448
619 1505
1530 28
1531 24
1532 22
1533 23
1534 33
5410 1
1535 23
1536 26
5412 2
1537 29
5413 3
1538 28
5414 3
1539 21
5416 1
5417 3
5418 3
5419 1
160 3457
161 3397
162 3369
163 3420
164 3407
165 3450
166 3418
167 3263
168 3149
169 3217
1070 201
1071 240
1072 221
1073 249
1074 195
1075 204
1076 219
2860 5
1077 226
2861 6
1078 193
2862 3
1079 213
2863 6
2864 5
2865 4
2866 4
2867 1
620 1531
621 1549
2868 4
622 1437
2869 4
623 1511
624 1505
625 1542
626 1585
627 1501
628 1513
629 1510
1540 24
1541 24
1542 32
1543 28
1544 23
5420 2
1545 28
5421 2
1546 35
5422 3
1547 27
5423 1
1548 18
5424 2
1549 26
5426 4
5427 1
5428 1
5429 1
6291 1
6292 1
170 3169
6293 1
171 3266
172 3197
173 3003
174 3064
175 3062
176 3016
177 3018
178 2992
179 3011
4100 2
4101 2
4103 2
1080 198
4104 1
1081 211
4105 1
1082 181
4106 1
1083 197
1084 203
1085 188
1086 206
2870 4
1087 232
2871 5
1088 207
2872 1
1089 189
2873 2
2874 3
2875 2
2876 4
2877 2
630 1562
2878 5
631 1579
2879 3
632 1484
633 1530
634 1447
635 1498
636 1469
637 1590
638 1533
639 1462
1550 24
1551 29
1552 25
1553 18
1554 20
5430 2
1555 23
5431 3
1556 25
5432 1
1557 23
1558 30
5434 1
1559 31
5435 3
5438 1
180 3032
181 2989
182 2983
183 2890
184 2942
185 2834
186 2816
187 2855
188 2823
189 2818
4110 1
4111 2
4112 2
4113 1
1090 185
1091 198
1092 203
4115 4
4116 3
1093 182
4117 1
1094 162
1095 174
4119 1
1096 200
2880 6
1097 173
2881 3
1098 161
2882 1
1099 167
2883 5
2884 2
6760 1
2885 3
2886 3
2887 1
640 1496
2888 3
641 1555
8007 1
2889 4
642 1504
643 1460
8009 1
644 1485
645 1466
646 1393
647 1461
648 1453
649 1444
1560 34
1561 29
1562 20
1563 33
1564 28
1565 23
5441 2
1566 19
5442 3
1567 24
1568 14
1569 24
5445 1
5446 4
5449 1
190 2819
191 2759
192 2717
193 2686
194 2674
195 2639
196 2657
197 2657
198 2710
199 2576
4120 1
5901 2
4121 1
5902 1
4123 1
5905 1
4125 1
4126 2
4127 1
4128 2
5908 1
4129 4
2890 6
2891 2
2892 7
2893 5
2894 3
2895 3
2896 5
2897 4
650 1396
2898 5
651 1433
2899 3
652 1432
653 1533
8019 1
654 1504
655 1476
656 1446
657 1500
658 1452
659 1435
1570 31
1571 26
1572 18
1573 18
1574 26
5450 1
1575 21
5451 2
1576 21
5452 1
1577 16
5453 2
1578 19
5454 1
1579 18
5455 3
5457 3
5458 2
5459 1
4130 1
4131 2
4134 1
4136 1
5917 2
4137 2
4138 1
5918 2
4139 4
8023 1
660 1398
661 1459
662 1396
663 1440
664 1403
665 1391
666 1392
667 1392
668 1444
669 1420
1580 18
1581 19
1582 22
1583 13
1584 29
5460 1
1585 17
5461 2
1586 17
5462 3
1587 28
5463 3
1588 22
5464 5
1589 20
5465 1
5468 1
5469 1
4140 1
4142 1
4143 1
4144 2
4145 1
5926 1
4146 1
4147 1
4148 1
670 1410
671 1409
672 1383
673 1343
674 1377
6797 1
675 1386
676 1384
677 1300
678 1456
679 1399
4600 3
4601 1
4603 5
4606 2
4607 1
4608 1
4609 2
1590 25
1591 12
1592 16
1593 18
1594 28
5470 2
1595 11
5471 3
1596 15
1597 29
5472 2
5473 1
1598 14
5474 1
1599 19
5475 1
5476 2
5479 2
4150 2
4151 1
4152 3
4153 2
4154 1
4156 2
4158 1
4159 2
8043 1
8044 1
680 1410
8045 1
681 1331
682 1383
683 1388
684 1327
685 1400
686 1348
687 1355
688 1353
689 1332
4611 1
4613 3
4614 2
4615 2
4616 2
4617 3
4618 1
8503 2
5480 1
8504 1
5482 1
8505 1
8507 1
5484 1
8508 2
5486 2
8509 3
5488 2
4161 1
4163 1
4164 1
4165 5
4166 3
4168 3
690 1329
691 1349
692 1412
693 1365
694 1325
695 1310
696 1315
697 1285
698 1345
699 1329
4620 3
4621 1
4622 3
4623 1
4624 1
4625 1
4626 2
4627 3
4628 1
8510 1
8511 2
8512 3
5490 2
8513 3
5491 1
8514 5
5492 2
5493 2
8516 1
8517 2
5495 2
8518 1
8519 2
5496 1
5498 2
3301 2
3302 2
3303 3
3304 2
3305 3
3306 3
3307 4
3308 3
3309 1
4170 2
5951 2
4171 1
4172 4
4173 2
4175 2
4176 2
4177 2
5957 2
4178 2
8062 2
8063 1
4630 5
4631 1
4632 2
4633 3
4634 1
4635 1
4636 1
4637 4
4638 1
4639 1
8520 3
8521 1
8522 2
8523 4
8524 4
8525 5
8526 2
8527 4
8528 6
8529 4
3310 7
3311 1
3312 4
3314 4
3315 4
3317 3
3318 2
3319 6
4180 1
4181 2
5961 1
5963 1
4185 1
5968 1
4189 2
8073 1
4641 3
4642 5
4643 2
4644 1
4645 2
4646 2
4647 1
4648 1
4649 2
8531 7
8532 7
8533 6
8534 4
8535 7
8536 8
8537 8
8538 7
8539 9
3320 2
3321 1
3322 2
3323 2
3324 3
3325 2
3326 3
3327 2
3328 4
3329 1
4191 2
4192 2
5972 1
4193 1
5974 1
5975 1
4195 1
4197 1
2000 6
2001 5
2002 11
2003 12
2004 5
2005 5
8087 1
2006 8
2007 9
8089 1
2008 13
2009 8
4651 2
4652 1
4653 1
4654 2
4655 1
4656 3
4657 1
4658 1
8540 9
8541 6
8542 10
8543 11
8544 11
8545 8
8546 13
8547 17
8548 15
8549 10
3330 1
3331 3
3332 3
3333 2
3334 1
3335 4
3336 3
3337 3
3338 2
3339 2
5980 1
5984 1
2010 9
2011 7
8093 1
2012 11
2013 8
2014 15
2015 4
2016 6
2017 11
2018 5
2019 5
4660 2
4661 2
4662 1
4663 1
4664 1
4665 2
4666 2
4668 2
4669 1
8550 17
8551 11
8552 9
8553 20
8554 7
8555 10
8556 13
8557 4
8558 2
8559 1
3340 2
3341 2
3342 2
3344 2
3346 1
3347 2
3348 3
3349 2
5990 1
5991 1
7236 1
2020 7
3800 6
3801 3
2021 10
3802 1
2022 14
3803 4
2023 8
2024 12
3804 4
2025 5
2026 9
3806 1
3807 3
2027 10
3808 1
2028 6
2029 5
3809 4
4672 1
4673 1
4674 3
4675 2
4676 3
4678 1
4679 3
8560 7
8561 5
8562 6
8563 2
8564 5
8565 4
8567 2
8568 2
8569 1
3350 1
3352 4
3353 2
3354 3
3355 1
3356 2
3357 5
3358 3
3359 5
3810 3
2030 11
3811 1
2031 14
3812 3
2032 9
3813 2
2033 14
2034 11
3815 3
2035 6
2036 7
3816 2
2037 10
3818 2
2038 11
2039 8
3819 1
4680 3
7704 1
4681 4
4682 1
7705 1
7706 1
7707 1
4684 3
4686 1
4687 2
4688 4
4689 3
8572 2
8573 1
8574 2
8575 1
8576 3
8577 2
8579 1
3360 3
3361 1
3362 2
3363 3
3364 2
3365 1
3366 4
3367 2
3368 3
3369 3
7256 1
2040 6
3820 3
3821 2
2041 11
3822 2
2042 15
3823 3
2043 8
3824 1
2044 11
2045 11
3826 2
2046 13
3827 1
2047 10
3828 1
2048 13
2049 6
3829 3
7710 2
7711 1
7712 1
7713 1
4691 2
4692 1
4693 2
4694 2
4695 1
7718 1
4696 2
4697 1
4698 1
4699 3
8581 1
2500 6
2501 1
2502 6
2503 4
2504 5
2505 5
2506 7
2507 4
2508 2
2509 4
3370 6
3371 1
3373 1
3374 1
3375 3
3376 1
3377 4
3378 3
3379 1
2050 11
3830 2
3831 1
2051 17
3832 1
2052 9
3833 1
2053 13
3834 2
2054 7
3835 2
2055 13
2056 8
3837 5
2057 10
2058 11
3839 2
2059 6
7720 1
7721 1
2510 2
2511 7
2512 1
2513 5
2514 3
2515 4
2516 3
2517 2
2518 6
2519 6
3380 2
3381 3
3383 1
3384 2
3385 2
3386 2
3387 1
3388 3
3389 1
3840 1
2060 14
2061 16
3841 4
3842 2
2062 7
3843 1
2063 13
3844 4
2064 9
3845 3
2065 11
2066 9
3846 3
3847 3
2067 5
3848 1
2068 6
3849 1
2069 11
7732 1
2520 4
2521 5
2522 5
2523 6
2524 6
2526 1
2527 6
2528 4
2529 2
6407 1
3390 2
3391 2
3392 2
3393 1
3394 2
3395 2
3396 2
3397 4
3398 1
3399 2
1200 110
1201 117
1202 114
1203 102
-2 2
1204 103
1205 100
-3 1
1206 96
-5 1
1207 104
1208 98
1209 115
-8 1
-9 2
3850 2
2070 6
3851 1
2071 10
2072 12
3853 3
2073 7
3854 2
2074 6
3855 1
2075 10
3856 1
2076 13
3857 3
2077 20
3858 1
2078 13
3859 1
2079 15
7741 1
7746 1
2530 8
2531 3
2532 7
2533 2
2534 2
2535 3
2536 5
2537 3
2538 8
2539 4
1210 97
1211 102
1212 122
1213 95
1214 102
1215 105
1216 93
7298 1
1217 112
1218 111
1219 113
3860 3
2080 8
2081 7
3861 3
3862 2
2082 10
2083 8
3864 1
2084 9
3865 3
2085 12
3866 1
2086 9
3867 3
2087 10
3868 1
2088 9
3869 1
2089 4
7752 1
7754 1
7755 1
7758 1
2540 3
2541 3
2542 3
2543 6
2544 2
2545 7
2546 2
2547 3
300 1958
301 1923
2548 3
302 1919
2549 4
303 1844
304 1803
305 1892
306 1888
307 1816
308 1900
309 1875
1220 98
1221 90
1222 107
1223 100
1224 96
5100 1
1225 110
5101 1
1226 113
5102 3
1227 98
5103 1
1228 87
5104 2
1229 109
5105 4
5106 2
5107 4
5108 2
5109 3
3870 5
2090 13
2091 7
2092 13
3873 1
2093 7
2094 9
3875 3
2095 7
3876 1
2096 11
3877 2
2097 15
3878 1
2098 6
3879 2
2099 9
7765 1
7766 1
7769 1
2550 2
2551 4
2552 3
2553 2
2554 4
2555 3
2556 3
2557 1
310 1901
311 1815
2558 4
2559 6
312 1853
313 1889
314 1930
315 1837
316 1803
317 1866
318 1799
319 1864
1230 101
1231 95
1232 105
1233 79
1234 85
5110 3
1235 82
5111 2
1236 98
5112 4
1237 116
1238 82
5114 2
1239 81
5115 1
5117 2
5118 2
5119 3
3881 2
3882 1
3884 4
3885 2
3886 2
3888 1
3889 1
7770 1
7772 2
7778 1
2560 5
2561 3
2562 1
2563 1
2564 3
6440 1
2565 3
2567 8
320 1757
2568 5
321 1866
2569 2
322 1887
323 1845
324 1796
325 1796
326 1779
327 1842
328 1809
329 1815
1240 100
1241 85
10 3
1242 100
11 1
1243 90
12 3
1244 105
6900 1
5120 1
1245 83
14 3
5121 1
1246 114
5122 1
15 3
1247 90
5123 1
1248 93
16 4
17 3
1249 100
5125 3
18 4
6906 1
5126 2
19 4
6907 1
5127 4
6908 1
5128 2
5129 3
3891 2
3892 2
3895 3
3896 2
3899 1
1700 11
7782 1
1701 17
1702 23
1703 10
1704 12
1705 21
1706 8
1707 16
1708 16
1709 11
2570 1
2571 3
2572 3
2573 2
2574 4
2575 2
2576 3
2577 5
330 1825
2578 3
331 1788
2579 4
332 1804
333 1806
334 1719
335 1682
336 1763
337 1752
338 1770
339 1766
1250 79
1251 102
1252 101
20 4
21 2
1253 93
22 4
1254 70
23 8
1255 93
5131 2
24 6
1256 105
6912 1
25 6
5132 1
1257 93
5133 1
1258 75
26 11
5134 2
6914 1
1259 83
27 12
28 14
5136 2
29 11
5138 3
5139 2
1710 17
7792 1
1711 9
1712 13
1713 11
7795 1
1714 18
1715 10
1716 15
1717 19
7799 1
1718 12
1719 8
2580 1
2581 1
2582 3
2583 2
2584 2
2585 7
2586 2
340 1769
2587 2
341 1727
2588 5
2589 2
342 1711
343 1629
344 1751
345 1682
346 1706
347 1794
348 1848
349 1769
1260 81
1261 94
1262 88
30 6
1263 97
31 16
1264 81
32 16
5140 2
1265 73
33 17
5141 1
1266 91
34 27
5142 5
1267 72
35 32
800 925
5143 2
1268 79
36 36
801 893
5144 4
1269 97
37 74
802 898
5145 1
38 88
803 857
39 180
804 863
6927 1
5147 4
805 865
5148 2
806 924
807 880
5149 9
808 894
809 875
1720 14
1721 14
1722 10
1723 14
1724 15
5600 2
1725 12
1726 12
1727 13
1728 8
5604 1
1729 11
5605 1
5606 2
5607 2
5608 1
2590 1
2591 4
2592 1
2593 1
2594 5
2595 2
2596 6
350 1741
2597 4
2598 2
351 1743
352 1719
2599 4
353 1812
354 1775
355 1665
356 1614
357 1634
358 1740
359 1664
1270 68
1271 85
1272 88
40 246
1273 71
41 425
1274 75
42 589
5150 3
1275 75
43 954
6931 1
1276 76
44 1353
810 903
6932 3
5152 2
1277 75
45 1694
5153 1
811 894
1278 79
46 2263
5154 1
812 836
1279 70
47 2664
5155 1
813 918
48 3215
5156 4
814 843
49 3813
5157 2
815 864
6938 1
816 815
5158 3
5159 1
817 834
818 856
819 875
1730 13
1731 13
1732 12
1733 14
1734 12
5610 1
1735 12
5611 1
1736 15
1737 15
5612 1
5613 1
1738 11
1739 9
5615 1
5616 1
5617 1
5619 1
360 1688
361 1632
362 1694
363 1722
364 1656
365 1630
366 1650
367 1617
368 1649
369 1694
1280 95
1281 79
1282 95
50 4330
1283 56
51 4854
1284 72
52 5479
5160 1
1285 81
53 5834
1286 80
54 6323
6942 1
5162 1
1287 65
55 6631
820 864
6943 3
5163 2
1288 77
56 7259
821 839
5164 2
1289 68
57 7680
822 839
5165 3
58 7729
823 851
5166 2
59 8285
824 843
5167 1
825 852
5168 2
826 844
827 848
828 810
829 803
1740 10
1741 7
1742 14
1743 13
1744 10
5620 1
1745 10
1746 15
5622 1
1747 10
5623 1
1748 15
1749 13
5625 1
5627 2
5628 1
370 1650
371 1681
372 1608
373 1623
374 1623
375 1666
376 1525
377 1639
378 1685
379 1667
4300 3
4302 1
4305 2
4306 1
4307 1
4308 2
4309 1
1290 74
1291 64
1292 67
60 8278
1293 80
61 8613
1294 82
62 8540
5170 3
1295 65
63 8719
5171 4
1296 68
64 8732
5172 1
1297 75
65 8547
830 841
5173 1
1298 64
66 8441
831 787
5174 1
1299 78
67 8474
832 840
5175 5
68 8544
833 817
5176 6
69 8472
834 785
5177 1
835 782
5178 4
836 804
5179 2
837 827
838 735
839 759
1750 13
1751 16
1752 14
1753 13
1754 5
5630 1
1755 16
5631 1
1756 13
5632 1
1757 8
1758 11
5634 1
1759 12
5635 4
5637 1
5638 1
380 1557
381 1659
382 1611
383 1630
384 1655
385 1610
386 1670
387 1665
388 1670
389 1645
4310 1
4311 2
4312 2
4314 2
4315 2
4316 2
4318 2
4319 1
70 8229
71 8239
72 8212
5180 1
73 8223
5181 2
74 8051
5182 1
75 8145
840 759
5183 4
76 7978
841 754
5184 2
77 7858
842 791
6965 1
5185 1
78 7648
843 787
5186 2
79 7843
844 737
845 720
5188 2
846 785
5189 1
847 773
848 746
849 735
1760 8
1761 9
1762 12
1763 12
1764 14
5640 1
1765 17
1766 11
5642 3
1767 17
5643 1
1768 12
1769 12
5645 2
5646 1
5647 2
5649 1
390 1626
391 1549
392 1615
393 1605
394 1589
395 1646
396 1496
397 1605
398 1628
399 1597
4320 2
4325 2
4326 4
4327 1
4328 4
4329 3
80 7632
81 7506
82 7458
5190 3
83 7484
5191 5
84 7404
5192 2
8215 1
850 730
85 7312
851 740
5193 1
86 7089
5194 2
852 776
87 7079
853 728
5195 3
88 6984
854 750
89 6787
855 715
5198 4
6978 1
856 693
857 688
5199 4
858 731
859 726
3000 3
3001 1
3002 3
3003 3
3004 3
3005 4
3006 2
3007 3
3008 2
3009 1
1770 13
1771 12
1772 10
1773 12
1774 9
1775 16
5650 1
5651 1
1776 12
5652 3
1777 9
1778 14
5654 1
1779 10
5656 1
5657 2
5659 1
4330 1
4331 1
4332 2
4334 2
4336 2
4337 1
4338 2
4339 2
8220 1
90 6881
91 6898
92 6843
93 6732
94 6600
95 6521
860 692
96 6666
861 692
97 6518
862 707
98 6564
863 738
8229 1
99 6426
864 649
865 710
866 687
867 635
868 669
869 649
3010 2
3011 4
3012 3
3013 2
3014 4
3015 3
3016 3
3017 4
3018 3
3019 6
1780 8
1781 13
1782 17
1783 14
1784 16
5660 1
1785 15
5661 3
1786 14
1787 11
5663 2
1788 7
5664 1
1789 10
5665 1
5666 1
5667 3
5668 2
5669 1
4340 2
4341 2
4342 2
4343 1
4345 2
4347 2
4348 2
4349 3
870 643
871 654
872 670
873 677
874 734
875 630
876 640
877 670
878 637
879 632
3020 3
3021 3
3022 2
4802 1
4803 2
3023 2
3024 2
3025 2
4805 2
3026 3
4806 3
4807 1
3027 2
4808 1
3028 2
3029 7
1790 12
1791 9
1792 5
1793 8
1794 13
5670 1
1795 7
1796 8
5672 1
1797 7
5673 1
1798 9
5674 1
1799 12
5678 2
5679 1
4350 2
4351 1
4352 2
4353 2
4354 2
4355 2
4356 1
4358 3
880 659
881 575
882 624
883 646
884 623
885 641
886 621
887 634
888 602
889 558
4810 4
3030 1
4811 3
3031 4
4812 3
3032 3
3033 8
4814 1
3034 4
4815 1
3035 3
3036 3
3037 5
3038 5
3039 5
4819 4
5680 1
5682 1
5683 1
5687 1
5688 1
4360 3
4361 1
4362 2
4364 2
4366 2
4367 1
4368 1
4369 2
890 619
8255 1
891 589
892 629
8258 1
893 605
894 617
895 600
896 557
897 569
898 599
899 597
3040 4
3041 5
4821 3
4822 1
3042 3
4823 4
3043 4
4824 3
3044 3
3045 3
4826 1
3046 2
3047 1
4827 2
4828 1
3048 2
3049 3
4829 1
5692 1
5693 1
5694 3
5695 1
5699 1
3500 5
3501 3
3502 6
3503 2
3504 1
3505 1
3506 2
3507 2
3508 4
3509 2
4371 1
4372 2
4374 4
4375 1
4376 1
4378 2
4379 2
8261 1
4830 1
3050 1
3051 6
3052 4
3053 6
3054 2
4834 1
4835 1
3056 6
3057 1
4838 1
3058 2
3059 3
3510 1
3511 2
3512 3
3513 4
3514 2
3515 3
3516 3
3517 5
3518 3
3519 1
4383 2
4384 4
4385 1
4386 2
4387 2
4388 2
4389 3
8278 1
8279 1
3060 2
4840 2
3061 4
4842 1
3062 2
4844 1
3064 1
3065 3
3066 6
4846 1
3067 6
4847 1
3068 2
4848 2
3069 2
3520 3
3521 4
3522 2
3523 4
3524 1
3525 2
3526 4
3527 3
3528 3
3529 1
7411 1
4390 3
4391 1
4393 1
4394 2
4396 2
4397 1
4398 1
4399 1
2200 11
2201 6
2202 14
2203 12
2204 11
2205 8
2206 6
2207 5
2208 6
2209 7
4850 2
3070 3
3071 3
4851 1
4852 1
3072 2
4853 2
3073 5
3074 2
4854 2
4855 1
3075 2
4856 1
3076 4
3077 1
4858 1
3079 4
4859 3
3530 1
3531 3
3532 3
3533 3
3534 3
3535 2
3537 2
3538 2
3539 1
8290 1
2210 9
2211 7
2212 6
2213 11
2214 9
2215 8
2216 5
2217 13
2218 6
2219 8
4860 3
3080 2
3081 2
4862 2
3082 2
3083 3
4863 1
4864 2
3084 3
4865 2
4866 1
3086 3
4867 1
3087 2
3088 4
4869 1
3089 1
3540 4
3541 3
3542 1
3543 1
3544 3
3545 4
3546 2
3547 4
3548 2
3549 2
2220 15
2221 8
2222 5
2223 8
2224 5
2225 7
2226 5
2227 10
2228 5
6103 1
2229 9
4870 1
3090 3
3091 4
3092 2
4872 1
4873 2
3093 3
3094 1
4874 1
4875 3
3095 1
3096 2
4877 1
4878 1
3098 2
3099 6
3550 2
3551 3
3552 1
3553 2
3554 1
3555 2
3556 1
3558 3
3559 3
7442 1
2230 9
2231 4
2232 6
2233 2
2234 8
2235 10
2236 7
2237 8
2238 9
2239 11
6117 1
4880 1
4881 1
7907 1
4887 1
4889 3
3560 2
3561 4
3562 1
3563 2
3565 2
3566 2
3567 3
3568 3
3569 2
2240 7
2241 9
2242 9
2243 5
2244 11
2245 12
2246 6
2247 8
2248 7
2249 11
6125 1
7911 1
7913 1
4890 1
7914 1
4892 1
4894 1
4897 1
4898 1
4899 2
2700 2
2701 3
2702 3
2703 3
2704 3
2705 3
2706 5
2707 3
2708 2
2709 4
3570 1
3571 2
3572 3
3573 4
3575 4
3576 3
3577 2
3578 2
3579 1
7465 1
2250 6
2251 11
2252 7
2253 5
2254 8
2255 2
2256 6
2257 11
2258 6
2259 8
6135 1
7924 1
7928 1
2710 5
2711 2
2712 1
2713 6
2714 7
2715 10
2716 4
2717 2
2718 5
2719 4
3580 4
3581 2
3582 3
3583 3
3584 2
3585 5
3586 5
3587 3
3589 7
7477 1
2260 7
2261 8
2262 5
2263 5
2264 5
6140 1
2265 5
2266 4
2267 6
2268 6
2269 3
6149 1
7933 1
7934 1
7937 1
2720 3
2721 3
2722 6
2723 3
2725 2
2726 2
2727 1
2728 4
2729 3
3590 6
3591 3
3592 3
3593 3
3595 2
3596 4
3597 1
3598 4
3599 3
1400 48
1401 48
1402 48
1403 47
1404 49
1405 42
1406 45
1407 49
1408 62
1409 45
2270 4
2271 6
2272 8
2273 5
2274 9
2275 6
2276 9
2277 6
6153 1
2278 5
2279 4
6154 1
6155 1
6156 1
7941 1
6158 1
7944 1
2730 1
2731 3
2732 5
2733 2
2734 4
2735 2
2736 3
2737 3
2738 7
2739 4
6618 1
1410 47
1411 42
1412 41
1413 53
1414 49
1415 50
1416 34
1417 45
1418 43
1419 44
2280 4
2281 4
2282 2
2283 8
2284 9
2285 6
2286 3
2287 5
6162 1
2288 1
2289 6
6165 1
6168 1
2740 1
2741 2
2742 4
2743 3
2744 5
2745 2
2746 6
2747 1
500 1611
6623 1
501 1667
2748 5
2749 4
502 1555
503 1537
504 1567
505 1615
506 1633
507 1509
508 1558
509 1494
1420 46
1421 38
1422 55
1423 41
1424 39
5300 2
1425 39
1426 37
5302 2
1427 43
5303 3
1428 51
5304 3
1429 51
5305 3
5306 2
5307 3
5308 2
5309 1
2290 9
2291 2
2292 7
2293 6
2294 3
6170 1
2295 4
2296 6
2297 2
6173 1
2298 10
6174 1
2299 3
6175 1
7960 1
6178 1
7963 2
2750 2
2751 2
2752 3
2753 5
2754 4
2755 3
2756 7
2757 9
510 1589
2758 4
511 1549
2759 6
512 1578
513 1595
514 1541
515 1502
6638 1
516 1522
517 1590
518 1602
519 1583
1430 49
1431 47
1432 39
1433 44
1434 49
5310 3
1435 35
5311 1
1436 35
5312 1
1437 48
5313 4
1438 54
5314 2
1439 47
5315 1
5316 1
5317 2
5318 2
5319 2
6185 1
7970 1
6189 1
7976 1
7977 1
7979 1
2760 1
2761 2
2762 6
2763 4
2764 4
2765 5
2766 1
2767 2
520 1559
2768 3
521 1561
2769 2
522 1597
523 1568
524 1550
525 1570
526 1558
527 1561
528 1550
529 1553
1440 33
1441 36
1442 38
1443 41
1444 31
5320 3
1445 37
5321 1
1446 34
1447 46
5323 1
1448 41
5324 2
1449 45
5325 3
5326 3
5327 1
5328 1
6191 2
6192 1
6194 1
6195 1
6196 1
1900 9
1901 5
1902 13
1903 8
1904 13
4000 1
1905 6
4001 2
1906 11
1907 11
4002 3
4003 2
1908 12
1909 12
4004 1
4005 3
4006 2
4007 2
4009 2
2770 4
2771 6
2772 3
2773 3
2774 1
2775 2
2776 2
530 1522
2778 2
531 1622
532 1584
2779 5
533 1583
534 1540
535 1523
536 1613
537 1587
538 1623
539 1560
1450 33
1451 51
1452 33
1453 39
1454 43
5330 1
1455 31
5331 1
1456 40
1457 30
5333 1
1458 34
5334 1
1459 33
5335 2
5336 1
5337 1
5338 2
5339 1
7991 1
1910 10
1911 12
7993 1
1912 9
1913 10
7995 1
1914 13
4010 2
1915 5
1916 14
1917 12
4013 1
1918 14
4014 1
1919 7
4015 2
4016 2
4018 1
4019 1
2781 3
2782 2
2783 2
2784 9
2785 4
2786 8
540 1572
2787 4
541 1510
2788 2
2789 2
542 1612
543 1555
544 1512
545 1598
546 1527
547 1574
548 1586
549 1531
1460 35
1461 40
1462 37
1463 38
1464 30
5340 1
1465 27
5341 3
1466 48
5342 1
1467 37
1468 34
5344 2
1469 34
5345 1
5346 3
5347 2
5348 2
5349 1
1920 8
1921 4
1922 6
1923 9
1924 7
4020 1
1925 7
5800 2
4021 2
5801 1
1926 11
4022 2
1927 11
4023 2
1928 9
5804 1
4024 3
1929 11
4026 1
4027 1
5807 1
5808 1
4028 2
5809 3
2790 4
2791 4
2792 5
2793 6
2794 3
2795 3
2796 5
2797 2
550 1582
2798 5
551 1637
2799 8
552 1553
553 1628
554 1594
555 1592
556 1558
557 1558
558 1568
559 1567
1470 32
1471 28
1472 40
1473 42
1474 35
5350 4
1475 30
5351 1
1476 29
1477 38
5353 1
1478 27
5354 2
1479 37
5355 2
5356 3
5357 1
5358 4
5359 2
1930 8
1931 14
1932 11
1933 14
1934 11
5810 1
1935 12
4031 2
1936 9
4032 1
1937 11
5813 2
1938 7
1939 14
5815 1
4037 2
5819 1
4039 5
560 1637
561 1496
562 1651
563 1577
564 1629
565 1544
566 1541
567 1677
568 1606
569 1604
1480 31
1481 42
1482 42
1483 29
1484 25
5360 2
1485 36
1486 30
5362 3
1487 41
5363 4
1488 35
5364 1
1489 27
5365 2
5367 1
5368 2
5369 1
1940 21
1941 8
1942 7
1943 10
1944 6
4040 1
1945 11
4041 1
5821 1
1946 14
5822 1
4042 1
1947 15
5823 1
1948 8
4044 1
1949 12
5824 3
4045 1
5825 2
5826 2
4046 4
5827 1
4048 1
5829 3
4049 4
570 1598
571 1574
572 1536
573 1557
574 1578
575 1563
576 1549
577 1562
578 1510
579 1584
4500 3
4501 1
4502 1
4503 3
4504 3
4505 2
4506 3
4507 1
4508 1
4509 1
1490 42
1491 43
1492 31
1493 33
1494 31
5370 1
1495 28
1496 38
5372 3
1497 29
5373 2
1498 29
1499 20
5374 2
5375 1
5376 1
5377 2
5378 2
1950 3
1951 9
1952 7
1953 8
1954 11
5830 1
1955 10
4051 2
1956 7
1957 9
4052 3
5833 2
1958 7
4053 3
4054 1
1959 8
4056 1
4057 1
5837 1
4058 2
5839 4
4059 2
580 1514
581 1556
582 1535
583 1570
584 1512
585 1546
586 1617
587 1578
588 1555
589 1563
4510 1
4511 2
4512 3
4513 3
4514 1
4516 1
4517 1
4518 1
4519 2
8402 1
5380 2
8403 1
5382 2
5383 4
5386 1
5387 1
5388 2
5389 2
1960 5
1961 10
1962 13
1963 11
1964 10
4060 1
5840 2
1965 10
1966 6
4061 2
4062 2
1967 12
4063 2
1968 10
5844 1
4064 2
1969 8
4065 5
4067 2
5847 2
5848 1
4069 3
590 1575
591 1551
592 1589
593 1564
594 1571
595 1525
596 1508
597 1532
598 1614
599 1629
4520 1
4521 2
4522 1
4523 1
4524 2
4525 4
4526 1
4527 1
4529 3
5390 1
5391 2
5392 1
5393 4
5398 1
5399 1
3200 2
3201 4
3202 1
3203 3
3204 5
3205 2
3206 2
3207 2
3208 7
3209 3
1970 11
1971 6
1972 16
1973 8
1974 5
1975 17
5851 1
4071 2
1976 9
5852 2
1977 6
4072 2
5853 1
1978 12
4073 2
5854 1
1979 11
4074 2
5855 1
4075 1
4077 3
4078 2
5858 2
4530 1
4532 1
4533 2
4535 1
4536 1
4537 1
4538 3
8425 1
3210 3
3211 3
3212 1
3213 3
3214 6
3215 1
3217 2
3218 3
3219 4
1980 7
1981 11
1982 2
1983 8
1984 8
4080 3
1985 6
4081 1
5861 1
1986 10
4082 2
1987 11
5863 1
1988 12
4083 2
4084 2
1989 8
4085 1
5867 1
4088 1
4089 1
4540 2
4542 1
4543 2
4545 3
4546 2
4547 4
4548 2
4549 2
8430 1
8432 1
8436 1
3220 1
3221 2
3222 1
3223 1
3225 3
3226 3
3227 2
3228 3
3229 2
1990 9
1991 7
1992 6
1993 11
1994 8
5870 1
4090 1
1995 13
5871 1
1996 8
5872 1
1997 7
1998 9
4094 1
5874 1
1999 10
7118 1
5878 2
4099 2
4550 3
4551 1
4552 1
4553 1
4556 8
4558 2
4559 5
8440 1
8444 1
8445 1
8449 1
3230 1
3231 2
3233 2
3234 2
3235 3
3236 1
3237 1
3238 1
3239 3
7121 1
5880 2
5883 1
5884 2
7128 1
7129 1
4560 3
4561 1
4564 3
4565 4
4566 1
4568 2
4569 2
8451 1
8456 2
8457 1
8458 1
8459 1
3240 3
3241 3
3242 2
3244 4
3245 1
3246 6
3247 1
3248 4
3249 1
7132 1
5891 1
5893 1
5897 1
3700 3
3701 1
3702 2
3703 2
3704 3
3705 1
3706 3
3707 2
3708 1
3709 5
4570 1
4572 2
4574 1
4576 1
4577 4
8466 1
8467 2
3250 2
3251 3
3253 1
3254 1
3255 5
3257 1
3258 1
3259 1
3710 4
3711 4
3712 2
3713 3
3714 6
3715 1
3716 1
3717 1
3718 2
3719 1
4581 1
4582 1
4584 7
4585 1
4586 1
4587 1
8472 1
8474 2
8475 2
8477 1
8479 2
3260 2
3261 1
3262 2
3263 5
3264 1
3265 3
3267 1
3268 2
3269 2
7152 1
3720 5
3721 2
3722 2
3723 5
3724 4
3725 4
3726 1
3727 3
3728 1
3729 3
4590 1
4591 2
4592 2
4593 3
4594 3
4595 2
4596 2
4598 3
4599 2
2400 4
8481 2
8482 1
2401 6
8483 1
2402 2
2403 3
8485 2
2404 5
2405 6
2406 6
8488 2
2407 3
2408 2
2409 3
3271 4
3272 1
3273 1
3274 4
3275 1
3276 1
3277 2
3279 1
7168 3
7169 1
3730 3
3731 3
3732 1
3733 4
3734 3
3735 2
3736 5
-10 1
3737 1
3738 3
-12 2
-13 1
-15 1
8490 1
8491 2
2410 2
8492 1
2411 9
2412 3
2413 4
2414 7
8496 2
2415 8
2416 3
2417 3
8499 2
2418 8
2419 8
3280 4
3281 4
3282 2
3283 3
3284 3
3285 1
3286 4
3287 1
3288 2
3289 4
7177 1
3740 5
3741 3
3742 8
3743 1
3744 2
3745 1
3746 4
-20 1
3747 1
3748 3
3749 6
-25 1
-27 2
7637 1
2420 3
2421 3
2422 4
2423 8
2424 1
2425 3
2426 3
2427 3
2428 2
6304 1
2429 2
3290 2
3291 1
3292 1
3293 4
3294 2
3295 3
3296 1
3297 2
3298 3
3299 1
1100 201
1101 173
7183 1
1102 182
1103 154
1104 172
1105 163
1106 157
1107 173
1108 198
1109 167
3750 2
3751 1
3752 3
3754 3
3755 2
3756 4
3757 3
3758 2
3759 1
-32 1
-35 1
2430 2
2431 2
2432 8
2433 5
2434 7
2435 4
2436 7
2437 2
2438 3
2439 3
1110 164
1111 164
1112 173
7194 1
1113 172
1114 166
1115 161
1116 161
1117 182
1118 143
1119 164
3760 3
3761 2
3762 2
3763 2
3764 3
3765 1
3766 1
3767 2
-40 1
-41 1
3768 3
3769 1
-42 1
-43 1
2440 2
2441 4
2442 2
2443 6
2444 4
2445 1
2446 8
2447 2
200 2670
2448 4
201 2737
2449 3
202 2566
6325 1
203 2543
204 2530
205 2507
206 2554
207 2466
208 2532
209 2521
2900 3
1120 154
2901 3
1121 155
2902 4
1122 170
2903 3
1123 167
2904 4
1124 154
2905 5
5000 1
1125 160
5001 1
2906 1
1126 144
5002 1
2907 7
1127 155
2908 4
1128 169
5004 3
2909 4
1129 170
5005 4
5007 2
5008 1
3771 3
3772 2
3773 1
3774 1
3775 2
3777 1
-54 1
7660 1
7664 1
2450 9
2451 3
2452 2
2453 5
2454 4
2455 7
2456 4
2457 6
210 2370
2458 6
211 2360
2459 4
212 2429
213 2465
6336 1
214 2478
215 2487
216 2481
217 2522
218 2528
219 2458
2910 3
1130 144
2911 5
1131 145
2912 5
1132 160
2913 2
1133 146
2914 2
1134 167
2915 1
5010 4
1135 167
2916 2
5011 2
1136 144
5012 1
2917 3
1137 156
2918 8
5013 3
1138 146
2919 1
1139 144
5015 2
5016 5
5017 1
5018 1
5019 1
3780 1
3782 2
3783 1
3784 3
3785 3
3786 3
3788 5
-61 2
-62 1
7678 1
2460 6
2461 2
2462 6
2463 3
2464 4
2465 1
6340 1
2466 7
2467 3
220 2387
221 2319
2468 6
222 2307
2469 5
223 2303
224 2352
225 2356
226 2306
227 2365
228 2310
229 2336
2920 2
1140 128
1141 122
2921 5
1142 153
2922 4
2923 2
1143 142
2924 2
1144 155
2925 1
5020 5
1145 142
5021 3
1146 144
2926 4
2927 4
1147 138
2928 7
1148 141
2929 5
5024 3
1149 142
5025 2
5027 4
5028 2
5029 1
3790 3
3791 4
3792 2
3794 5
3796 3
3797 3
3798 2
3799 1
-73 1
1600 16
1601 25
7683 1
1602 24
1603 18
1604 19
7686 1
1605 23
1606 24
7688 1
1607 21
1608 28
1609 23
2470 6
2471 2
2472 3
2473 3
2474 6
2475 7
2476 5
2477 5
230 2259
231 2290
2478 4
2479 1
232 2327
233 2276
234 2268
235 2248
236 2243
237 2263
238 2338
239 2306
2930 3
1150 144
2931 6
1151 131
2932 4
1152 143
2933 3
1153 124
2934 7
1154 145
6810 1
5030 2
2935 3
1155 140
2936 1
1156 115
5032 1
2937 2
1157 138
2938 7
1158 135
5034 1
2939 3
1159 134
5035 2
5036 2
5037 2
5038 3
-84 1
1610 24
1611 20
1612 19
1613 22
7695 3
1614 25
7696 1
1615 21
1616 20
7698 1
1617 22
1618 27
1619 27
2480 2
2481 7
2482 11
2483 6
2484 2
2485 4
2486 2
2487 3
240 2266
2488 2
241 2251
2489 6
242 2302
6365 1
243 2274
6366 1
244 2193
245 2247
246 2210
247 2198
248 2205
249 2184
2940 6
1160 140
2941 1
1161 139
2942 8
1162 132
2943 1
1163 138
2944 2
1164 130
2945 2
1165 139
2946 3
5041 4
1166 125
2947 3
1167 130
700 1316
5043 1
2948 2
1168 125
701 1222
2949 3
5044 2
1169 147
702 1314
5045 2
703 1362
704 1284
6827 1
705 1324
5048 2
706 1372
707 1269
708 1291
709 1313
1620 23
1621 19
1622 24
1623 25
1624 22
5500 2
1625 24
5501 3
1626 18
5502 2
1627 19
5503 2
1628 17
5504 2
1629 11
5505 1
5506 1
5508 2
5509 1
2490 3
2491 5
2492 2
2493 6
2494 2
2495 3
2496 3
2497 6
250 2130
2498 4
251 2120
2499 4
252 2148
253 2272
6376 1
254 2178
255 2139
256 2140
257 2069
258 2089
259 2177
2950 2
1170 121
2951 4
1171 126
2952 4
1172 123
2953 2
1173 147
2954 6
1174 120
5050 3
2955 3
1175 143
5051 2
2956 5
1176 101
5052 1
2957 4
1177 124
710 1273
2958 1
1178 128
711 1349
5054 2
2959 5
1179 141
712 1316
5055 2
713 1178
5056 2
714 1304
715 1236
5058 1
716 1291
5059 3
717 1263
718 1283
719 1298
1630 10
1631 17
1632 12
1633 18
1634 17
5510 1
1635 19
1636 18
1637 19
5513 2
1638 13
5514 1
1639 17
5516 1
5517 2
5519 1
260 1984
6383 1
261 2059
6384 1
262 2158
263 2079
264 2117
265 2094
266 2038
267 2024
268 2069
269 2082
1180 125
2960 4
1181 137
2961 5
2962 2
1182 122
2963 3
1183 131
2964 3
1184 109
5060 2
1185 107
2965 6
2966 2
1186 136
2967 1
5062 2
1187 133
720 1268
2968 6
1188 111
721 1278
5064 1
1189 140
722 1278
2969 4
5065 1
723 1265
5066 1
724 1193
725 1290
5068 1
726 1197
5069 2
727 1197
728 1224
729 1185
1640 14
1641 19
1642 19
1643 16
1644 26
5520 2
1645 15
5521 3
1646 16
5522 1
1647 21
1648 8
5524 7
1649 18
5527 1
5528 3
5529 4
270 2100
271 2085
6394 1
272 2052
273 2067
274 2041
275 2006
276 1995
6399 1
277 1985
278 2045
279 2078
4201 2
4202 1
4203 1
4204 1
4205 3
4206 2
2970 4
1190 113
2971 3
1191 104
2972 1
1192 118
2973 3
1193 115
2974 5
1194 112
2975 5
1195 105
5071 1
2976 2
1196 112
5072 2
730 1240
2977 3
1197 125
6853 1
731 1146
2978 5
1198 89
5074 4
2979 3
732 1172
6854 1
1199 105
5075 1
733 1212
5076 2
734 1219
5077 1
735 1157
736 1216
737 1150
5079 2
738 1119
739 1226
1650 16
1651 22
1652 12
1653 20
1654 20
1655 18
5531 1
1656 16
5532 2
1657 17
5533 1
1658 18
5534 3
1659 15
5535 3
5536 1
5537 3
5538 1
5539 1
280 2075
281 1947
282 2075
283 2061
284 2020
285 2029
286 1970
287 1918
288 1979
289 1887
4210 1
4212 2
4214 3
4215 1
4216 3
4218 2
2980 1
2981 4
8100 1
2982 4
2983 3
2984 2
5080 2
2985 5
5081 2
2987 2
740 1156
5083 1
2988 7
6863 1
741 1200
2989 4
742 1150
743 1149
744 1113
745 1068
5088 1
746 1094
5089 1
747 1147
748 1153
749 1166
1660 24
1661 22
1662 25
1663 18
1664 19
1665 14
1666 19
1667 17
5543 2
1668 18
5544 1
1669 11
5545 1
5547 2
5549 1
290 1945
291 1992
292 1946
293 2041
294 1972
295 1945
296 1861
297 1949
298 1919
299 1941
4220 1
4221 3
4222 2
4223 1
4224 3
4225 1
4227 1
4228 2
2990 5
2991 4
2992 3
8111 1
2993 1
2994 2
5090 2
2995 2
5091 1
2996 2
2997 2
750 1123
2998 4
5093 3
751 1130
2999 2
6874 1
5094 3
752 1149
8118 1
5095 1
753 1144
5096 1
754 1111
755 1191
5098 2
756 1059
757 1127
758 1135
759 1068
1670 15
1671 19
1672 13
1673 18
1674 17
5550 2
1675 17
5551 1
1676 17
1677 13
5553 1
1678 13
5554 1
1679 16
5555 2
5556 3
5557 4
5558 3
5559 1
4233 1
4234 1
4235 2
4236 1
4237 1
8121 1
760 1157
6883 1
761 1054
762 1076
763 1132
764 1066
765 1046
6888 1
766 1063
767 1009
768 1067
769 1111
1680 17
1681 18
1682 18
1683 9
1684 12
1685 12
5561 3
1686 15
1687 15
5562 1
5563 1
1688 15
1689 10
5565 2
5566 1
5567 2
5569 1
4240 1
4242 2
4245 4
4248 3
4249 1
770 1039
771 992
772 1037
773 1050
774 1021
775 1036
776 1047
777 974
6899 1
778 1038
779 1037
4700 1
4701 3
4702 2
4703 1
4705 1
4706 4
4707 2
4708 1
4709 1
1690 17
1691 11
1692 10
1693 13
1694 15
5570 1
1695 13
1696 14
5572 1
1697 16
1698 18
5574 4
1699 13
5576 4
5578 2
5579 1
4250 2
4251 2
4252 4
4253 1
4254 4
4255 1
4256 2
4257 1
4258 2
4259 2
780 1000
8146 1
781 968
8147 1
782 988
783 1039
784 993
785 1040
786 987
787 994
788 968
789 967
4713 2
4715 1
4717 1
4718 1
4719 1
8600 1
5581 2
5582 2
5584 3
5585 2
5586 1
5588 3
5589 1
4260 4
4261 2
4263 1
4264 1
4265 1
4266 2
4267 1
4268 3
4269 1
8150 1
790 938
791 909
792 998
793 969
794 989
795 977
796 978
797 942
798 934
799 925
4720 2
4721 1
4722 1
4723 1
4724 2
4726 1
4728 4
5590 3
5593 3
5594 1
5595 3
5596 1
5598 1
5599 1
3400 1
3401 3
3402 1
3403 1
3404 2
3406 2
3407 3
3409 1
4270 1
4271 4
4272 2
4273 1
4274 2
4277 1
4278 2
4279 1
8164 1
4730 1
4731 6
4732 3
4733 1
4734 2
4736 1
4738 2
4739 1
3410 2
3411 2
3412 3
3413 4
3414 2
3415 2
3416 4
3418 1
3419 1
4280 3
4281 1
4282 1
4284 1
4285 2
4286 1
4740 4
4741 2
4743 1
4744 1
4745 3
4746 1
4747 1
4748 2
4749 2
3420 7
3422 4
3423 1
3424 4
3425 5
3426 6
3427 6
3428 1
3429 1
4290 4
4292 1
4293 1
4294 2
4295 2
4296 3
4297 1
4298 1
4299 2
2100 14
2101 11
2102 11
2103 14
2104 10
2105 9
2106 7
2107 8
2108 11
2109 10
4750 3
4752 1
4753 3
4754 1
4756 2
4757 1
4758 1
4759 2
3430 6
3431 2
3432 4
3433 3
3435 4
3436 1
3437 3
3438 2
3439 2
2110 9
2111 10
2112 15
2113 6
2114 14
2115 9
8196 1
2116 12
2117 6
2118 9
2119 11
4761 1
4763 1
4764 1
4765 2
4766 1
4767 1
4768 2
4769 1
3440 3
3441 1
3442 3
3443 5
3444 2
3445 5
3448 2
3449 2
3900 2
2120 17
3901 1
2121 9
3902 1
2122 7
3903 2
2123 9
3904 2
2124 8
3905 2
2125 13
2126 5
3906 3
2127 14
6003 1
2128 10
3909 2
2129 5
4770 2
4771 2
4774 2
4775 3
4776 1
4777 2
4778 1
3451 3
3452 5
3453 2
3454 3
3455 3
3456 2
3457 1
3458 2
3459 3
3910 2
2130 14
2131 9
3911 2
2132 5
3912 1
3913 2
2133 7
3914 2
2134 15
2135 8
3916 2
2136 11
3917 1
2137 7
3918 1
2138 5
3919 4
2139 11
4780 2
4781 1
7805 1
7806 1
4784 1
4785 2
4786 1
4788 3
3460 5
3461 1
3462 2
3464 5
3465 1
3466 5
3467 2
3468 1
3469 2
3920 4
2140 14
2141 11
3921 1
3922 1
2142 4
3923 2
2143 16
3924 2
2144 5
3925 2
2145 7
6021 1
2146 8
2147 4
3928 4
2148 10
3929 1
2149 10
7812 1
4790 3
4791 3
4792 2
4794 1
4795 1
4796 1
4799 1
2600 2
2601 3
2602 4
2603 4
2605 4
2606 1
2607 4
2608 6
2609 4
3470 3
3471 2
3473 4
3474 3
3475 2
3476 3
3477 2
3478 2
3479 1
2150 13
2151 7
2152 7
3933 2
2153 9
2154 9
3934 2
2155 14
3936 2
2156 13
3937 2
2157 6
2158 9
3939 4
2159 12
7821 1
6039 1
7823 1
7826 1
7828 1
2610 3
2611 2
2612 4
2613 4
2614 4
2615 5
2616 6
2617 4
2618 2
2619 7
3480 1
3481 1
3482 3
3483 6
3484 2
3485 3
3486 3
3487 1
3488 3
3489 1
3940 1
2160 6
3941 3
2161 7
3942 1
2162 4
2163 1
3943 2
3944 1
2164 5
3945 1
2165 9
2166 16
3947 1
2167 8
2168 15
6044 1
3949 2
2169 10
7833 1
7834 1
2620 3
