2621 30
2622 17
2623 23
2624 39
2625 29
2626 39
2627 20
6503 1
2628 22
2629 22
3490 7
3491 14
3492 9
3493 8
3494 13
3495 9
3496 8
3497 12
3498 12
3499 8
1300 228
1301 197
1302 223
1303 201
1304 233
7386 1
1305 224
1306 199
1307 193
1308 205
1309 215
3950 9
2170 53
3951 10
2171 58
3952 8
2172 68
3953 5
2173 55
3954 3
2174 60
3955 6
2175 59
0 1
3956 10
2176 54
1 2
3957 6
2177 67
6053 1
2 2
3958 13
2178 58
6054 2
3 1
3959 6
2179 45
4 2
6 2
7840 2
6058 1
7 2
6059 1
7843 1
7845 1
2630 31
2631 33
2632 26
2633 32
2634 32
2635 30
2636 38
2637 32
2638 27
2639 34
7391 1
1310 207
1311 200
1312 215
1313 197
1314 221
1315 179
1316 210
7398 1
1317 191
1318 205
1319 189
3960 5
2180 58
3961 8
2181 59
2182 50
3962 6
3963 4
2183 58
3964 9
2184 62
3965 13
2185 66
6061 1
3966 7
2186 51
6062 1
3967 7
2187 56
3968 6
2188 62
2189 68
3969 8
6069 1
2640 26
2641 31
2642 34
2643 30
2644 55
6520 1
2645 40
2646 37
2647 33
400 1353
6523 1
2648 26
401 1310
2649 35
402 1383
403 1356
404 1365
405 1332
406 1377
407 1261
408 1384
409 1344
1320 183
1321 211
1322 198
1323 200
1324 183
1325 172
5201 4
1326 185
5202 2
1327 178
5203 3
1328 182
5204 3
1329 188
5205 4
5206 6
5207 3
5208 2
5209 2
3970 6
2190 53
3971 3
2191 56
3972 10
2192 56
3973 10
2193 48
2194 65
3974 7
6070 1
3975 5
2195 50
6071 1
3976 7
2196 53
3977 10
2197 62
6073 1
3978 6
2198 62
3979 9
2199 54
7862 1
7868 1
7869 1
2650 29
2651 33
2652 33
2653 31
2654 28
2655 35
2656 32
410 1333
2657 33
411 1308
2658 38
6534 1
2659 27
412 1232
413 1317
414 1349
415 1325
6538 1
416 1341
417 1308
418 1346
419 1321
1330 198
1331 203
1332 164
1333 186
1334 171
5210 2
1335 176
5211 2
1336 190
5212 1
1337 167
5213 7
1338 171
5214 4
1339 188
5215 2
5216 7
5217 1
5218 2
5219 2
3980 6
3981 8
3982 9
3983 5
3984 7
3985 5
3986 7
3987 12
6082 2
3988 7
3989 6
6085 1
6086 1
6088 1
6089 1
7874 1
7875 1
7876 1
7877 1
2660 40
2661 41
2662 33
2663 39
2664 42
2665 29
6541 1
2666 31
420 1300
2667 19
421 1324
2668 47
2669 36
422 1324
423 1354
424 1296
6547 1
425 1282
426 1306
427 1283
428 1320
429 1287
1340 162
1341 167
1342 184
1343 170
1344 171
1345 176
5221 2
1346 191
5222 8
1347 195
5223 3
1348 159
5224 4
1349 166
5225 1
5226 3
5227 1
5228 1
5229 3
3990 7
3991 10
3992 4
3993 7
3994 9
3995 7
3996 4
3997 7
6093 1
3998 8
3999 7
6095 1
7880 1
6098 1
1800 67
1801 80
1802 84
1803 94
7885 2
1804 61
1805 62
1806 86
1807 74
1808 64
7889 1
1809 71
2670 38
2671 40
2672 43
2673 36
2674 35
2675 32
2676 34
6552 1
2677 24
430 1270
2678 30
431 1324
2679 40
432 1350
6555 1
433 1290
434 1258
435 1368
436 1327
6559 1
437 1311
438 1397
439 1321
1350 147
1351 169
1352 151
1353 175
1354 162
5230 3
1355 142
5231 2
1356 158
5232 3
1357 156
5233 2
1358 178
5234 1
1359 151
5235 7
5236 4
5237 3
5238 3
5239 2
1810 80
7892 1
1811 74
1812 65
1813 71
7895 1
1814 75
1815 80
1816 69
1817 64
1818 59
1819 72
2680 33
2681 33
2682 30
2683 44
2684 33
2685 34
2686 28
6562 1
2687 44
440 1294
6563 1
2688 35
441 1380
2689 26
442 1252
443 1337
6566 1
444 1279
445 1232
446 1313
447 1323
448 1334
449 1257
1360 178
1361 190
1362 143
1363 176
1364 168
5240 2
1365 156
5241 1
1366 167
5242 3
1367 144
900 614
5243 3
1368 155
901 631
1369 172
902 572
5245 4
903 642
5246 1
904 634
5247 1
905 636
5248 3
906 597
5249 5
907 631
908 585
909 617
1820 64
1821 86
1822 74
1823 69
1824 65
5700 2
1825 71
1826 70
1827 64
5703 2
1828 59
5704 1
1829 65
5705 1
5706 2
5707 2
5708 4
2690 44
2691 25
2692 32
2693 41
2694 35
2695 35
6571 2
2696 27
2697 33
450 1336
6573 1
451 1286
2698 38
452 1319
2699 31
453 1325
454 1338
6577 1
455 1252
456 1324
6579 1
457 1316
458 1348
459 1239
1370 165
1371 166
1372 157
1373 158
1374 160
5250 4
1375 148
5251 4
1376 139
5252 1
1377 170
910 618
5253 1
1378 159
911 593
5254 1
1379 167
912 604
5255 1
913 638
5256 2
914 549
5257 2
915 598
5258 1
916 545
5259 1
917 612
918 577
919 611
1830 77
1831 76
1832 67
1833 68
1834 62
5710 1
1835 62
5711 1
1836 65
5712 2
1837 61
5713 1
1838 71
1839 64
5716 1
5718 2
5719 2
460 1392
461 1301
462 1266
463 1313
464 1229
465 1311
466 1337
6589 1
467 1330
468 1291
469 1293
1380 147
1381 158
1382 139
1383 153
1384 141
5260 2
1385 150
5261 2
1386 125
5262 1
920 600
1387 163
5263 2
921 548
1388 144
5264 4
922 583
1389 138
5265 3
923 586
5266 3
924 576
5267 3
925 577
5268 3
926 617
927 567
5269 5
928 577
929 580
1840 82
1841 69
1842 70
1843 56
1844 85
1845 57
5721 2
1846 78
5722 2
1847 62
1848 62
5724 1
1849 57
5725 3
5727 1
5729 2
470 1291
471 1242
472 1380
473 1286
474 1289
475 1328
476 1357
477 1325
478 1282
479 1345
4400 6
4401 1
4402 5
4403 5
4404 5
4405 8
4406 8
4407 6
4408 4
4409 6
1390 158
1391 190
1392 161
1393 163
1394 143
5270 2
1395 136
5271 1
1396 153
930 563
5272 5
1397 134
5273 4
931 545
1398 147
932 538
1399 148
5275 1
933 505
5276 1
934 542
5277 4
935 522
5278 3
936 544
5279 1
937 549
938 566
939 531
1850 66
1851 71
1852 47
1853 58
1854 60
5730 1
1855 69
1856 66
1857 63
1858 62
1859 67
5735 2
5737 2
5739 2
480 1321
481 1299
482 1295
483 1253
484 1246
485 1294
486 1278
487 1314
488 1264
489 1372
4410 5
4411 9
4412 4
4413 5
4414 4
4415 6
4416 3
4417 6
4418 7
4419 7
5280 2
5281 7
5282 2
940 536
5283 3
941 512
8307 1
5284 3
942 537
5285 5
943 565
5286 1
944 528
5287 4
945 496
5288 4
946 530
5289 3
947 511
948 519
949 499
1860 57
1861 57
1862 45
1863 55
1864 64
1865 57
5741 1
1866 50
5742 1
1867 60
5743 1
1868 58
1869 57
5746 1
5748 2
5749 2
490 1370
491 1303
492 1257
493 1307
494 1265
495 1296
496 1265
497 1261
498 1277
499 1282
4420 2
4421 7
4422 10
4423 5
4424 5
4425 4
4426 4
4427 5
4428 6
4429 3
5290 1
8314 1
5291 2
8315 1
950 512
951 536
952 490
5295 4
953 503
5296 1
954 502
5297 4
955 511
5298 1
956 512
5299 2
957 474
958 529
959 550
3100 6
3101 7
3102 12
3103 10
3104 14
3105 7
3106 15
3107 10
3108 20
3109 10
1870 61
1871 53
1872 50
1873 62
1874 62
1875 47
5751 3
1876 53
1877 56
5753 2
1878 66
1879 61
5756 1
5758 1
5759 2
4430 9
4431 7
4432 6
4433 6
4434 5
4435 2
4436 3
4437 2
4438 9
4439 1
960 483
961 498
962 474
8328 1
963 502
964 503
965 466
966 509
967 490
968 447
969 441
3110 11
3111 10
3112 11
3113 11
3114 10
3115 10
3116 11
3117 10
3118 11
3119 11
1880 46
1881 41
1882 47
1883 55
7002 1
1884 60
1885 48
5761 2
1886 46
5762 2
1887 67
1888 69
1889 60
5765 1
5767 1
5768 1
5769 1
4440 5
4441 7
4442 8
4443 7
4444 5
4445 1
4446 4
4447 7
4448 4
4449 6
8333 2
970 447
971 440
972 438
8337 2
973 451
974 438
975 431
976 459
977 446
978 426
979 434
4900 1
3120 11
4901 3
3121 11
4902 6
3122 9
4903 1
3123 11
4904 2
3124 8
4905 3
3125 13
4906 1
3126 14
4907 3
3127 17
4908 4
3128 14
3129 15
4909 5
1890 45
1891 55
1892 54
1893 54
1894 52
5770 1
1895 57
5771 2
1896 51
5772 4
1897 54
1898 49
7017 1
5774 1
1899 53
5775 3
5776 1
5778 1
5779 1
4450 6
4451 8
4452 4
4453 6
4454 6
4455 6
4456 4
4457 5
4458 5
4459 6
980 471
8346 2
981 458
982 473
983 513
984 428
985 447
986 401
987 436
988 439
989 447
4910 2
3130 14
4911 3
3131 16
4912 5
3132 14
4913 3
3133 15
4914 1
3134 20
3135 18
3136 10
4917 2
3137 23
3138 15
4918 6
3139 11
4919 5
5780 2
5782 1
5783 1
5784 2
5785 2
5786 6
5787 1
5789 1
4460 5
4461 8
4462 4
4463 4
4464 8
4465 5
4466 9
4467 4
4468 3
4469 6
990 463
991 401
8357 2
992 410
993 455
994 421
995 421
996 416
997 396
998 410
999 451
3140 14
4920 5
4921 1
3141 18
3142 22
4922 5
4923 3
3143 20
3144 16
4924 4
4925 3
3145 17
3146 24
4926 4
4927 6
3147 10
4928 1
3148 16
3149 21
4929 2
5791 2
5792 1
5793 1
5794 3
5795 1
7039 1
5796 2
5797 1
5799 1
3600 6
3601 8
3602 9
3603 4
3604 5
3605 7
3606 1
3607 9
3608 6
3609 8
4470 1
4471 4
4472 6
4473 6
4474 7
4475 6
4476 2
4477 4
4478 5
4479 9
8368 1
8369 1
3150 15
4931 8
3151 28
4932 1
3152 18
4933 4
3153 30
4934 1
3154 18
4935 2
3155 21
4936 2
3156 18
3157 26
4938 6
3158 29
4939 4
3159 14
7041 1
3610 6
3611 4
3612 11
3613 8
3614 9
3615 8
3616 6
3617 9
3618 8
3619 5
7501 1
4480 5
4481 4
4482 4
4483 4
4484 3
4485 5
4486 4
4487 4
4488 4
4489 6
8370 1
8371 1
8378 1
8379 1
4940 1
3160 11
4941 3
3161 16
4942 1
3162 20
4943 5
3163 23
3164 14
4944 6
3165 30
4946 1
3166 28
4947 3
3167 19
3168 21
4948 3
4949 2
3169 24
7053 1
7054 1
7058 1
3620 6
3621 6
3622 12
3623 6
3624 10
3625 11
3626 13
3627 8
3628 12
3629 9
4490 5
4491 6
4492 3
4493 3
4494 7
4495 2
4496 5
4497 5
4498 1
4499 9
2300 49
2301 48
8383 1
2302 52
2303 40
2304 29
8386 1
2305 41
8387 1
2306 36
2307 40
2308 42
2309 38
4950 1
3170 16
4951 1
3171 24
4952 2
3172 28
4953 4
3173 21
3174 27
4954 2
4955 3
3175 27
4956 4
3176 15
4957 2
3177 23
4958 1
3178 24
4959 1
3179 23
7069 1
3630 12
3631 11
3632 8
3633 9
3634 7
3635 10
3636 13
3637 11
3638 10
3639 6
7525 1
2310 39
8392 1
2311 44
2312 36
2313 39
2314 37
2315 43
2316 30
2317 39
2318 45
2319 36
4960 1
3180 26
4961 3
3181 17
4962 3
3182 24
-102 1
4963 2
3183 21
4964 1
3184 18
3185 15
4965 1
4966 1
-105 1
3186 25
4967 2
3187 15
4968 1
3188 16
4969 1
3189 20
7075 1
3640 7
3641 5
3642 9
3643 5
3644 8
3645 15
3646 8
3647 6
3648 11
3649 12
7534 1
2320 33
2321 36
2322 39
2323 35
2324 38
2325 35
6201 4
2326 41
6202 2
2327 34
2328 31
2329 34
6206 1
6209 2
4970 2
3190 26
4971 2
3191 21
3192 20
3193 13
4973 1
4974 1
3194 31
4975 3
3195 15
4976 2
3196 35
4977 2
3197 19
4978 2
3198 17
3199 22
7085 1
7087 1
3650 12
3651 13
3652 5
3653 10
3654 10
3655 8
3656 9
3657 11
3658 14
3659 10
2330 33
2331 33
2332 41
2333 33
2334 28
2335 27
6211 1
2336 36
2337 36
6213 2
2338 34
2339 41
6218 1
4980 5
4981 3
4982 3
4984 2
4985 1
4986 3
1000 414
4987 5
1001 428
4988 1
1002 409
4989 5
1003 398
1004 388
1005 393
1006 381
1007 414
1008 422
1009 401
7094 1
7095 2
7096 1
3660 8
3661 16
3662 16
3663 13
3664 10
3665 7
3666 16
3667 21
3668 14
3669 16
2340 33
2341 39
2342 30
2343 25
2344 31
6220 1
2345 31
6221 1
2346 32
100 6041
2347 37
101 5932
2348 41
102 5990
2349 46
103 6053
104 5863
105 5749
106 5927
107 5706
4990 3
108 5712
-130 1
4991 4
109 5505
4992 2
4993 2
4994 2
4995 2
4996 2
1010 410
4997 1
1011 453
4998 3
1012 395
4999 2
1013 459
1014 416
1015 374
1016 367
2800 36
1017 386
2801 21
1018 406
2802 24
1019 403
2803 27
2804 20
2805 22
2806 28
2807 25
2808 31
2809 20
3670 17
3671 11
3672 18
3673 18
3674 13
3675 9
3676 17
3677 14
3678 20
3679 13
2350 44
2351 29
2352 32
2353 39
2354 31
6230 1
2355 36
2356 34
6232 1
110 5559
2357 38
111 5462
2358 33
2359 27
112 5389
113 5418
114 5197
6237 1
115 5341
6238 2
116 5047
117 4962
118 4891
119 4975
1020 392
1021 393
1022 408
-148 1
1023 374
1024 360
1025 380
1026 362
2810 19
1027 395
2811 25
1028 343
1029 401
2812 23
2813 27
2814 17
2815 28
2816 20
2817 15
2818 24
2819 26
3680 14
3681 12
3682 10
3683 14
3684 11
3685 18
3686 17
3687 10
3688 15
3689 19
7579 1
2360 20
2361 43
2362 33
2363 23
2364 33
2365 38
2366 24
2367 29
120 4714
2368 31
6243 2
121 4812
2369 29
122 4682
123 4763
124 4606
125 4490
126 4576
127 4371
128 4397
129 4293
1030 416
1031 383
1032 371
1033 336
1034 374
1035 365
1036 349
2820 24
1037 400
2821 29
1038 357
2822 20
1039 358
2823 20
2824 29
2825 25
2826 30
2827 29
2828 28
2829 14
6705 1
6709 1
3690 11
3691 22
3692 19
3693 14
3694 20
3695 15
3696 20
3697 13
3698 13
3699 17
1500 91
1501 98
7583 1
1502 83
1503 97
1504 106
1505 91
1506 101
1507 100
1508 90
1509 99
2370 33
2371 30
2372 28
2373 24
2374 29
2375 36
2376 27
2377 27
130 4166
2378 31
131 4181
2379 29
132 4163
133 4151
134 4079
135 4041
6258 1
136 3913
137 4005
138 3874
139 3778
-163 1
-164 1
1040 348
1041 361
1042 350
1043 336
1044 384
1045 334
1046 349
2830 18
1047 355
2831 23
1048 346
2832 20
1049 339
2833 26
2834 21
2835 11
2836 22
2837 21
2838 20
2839 16
6716 1
1510 103
1511 96
1512 120
1513 107
7595 1
1514 93
1515 92
7597 1
1516 96
1517 103
7599 1
1518 96
1519 100
2380 25
2381 32
2382 31
2383 30
2384 28
6260 1
2385 29
2386 36
140 3808
2387 30
141 3777
2388 29
6264 1
142 3668
2389 22
143 3714
144 3553
6267 1
145 3462
146 3556
147 3520
148 3469
149 3385
1050 344
-176 1
1051 329
1052 333
1053 337
1054 365
1055 351
1056 310
2840 23
1057 344
2841 33
1058 380
2842 19
1059 367
2843 35
2844 33
2845 21
6721 1
2846 17
2847 23
600 1999
2848 27
601 1947
2849 23
602 1993
6725 1
603 1896
6726 1
604 1979
605 1949
606 2004
607 1978
608 1968
609 1945
1520 87
1521 74
1522 101
1523 81
1524 90
5400 2
1525 94
1526 84
5402 6
1527 95
5403 2
1528 87
5404 3
1529 111
5405 1
5407 3
5409 3
2390 17
2391 33
2392 33
2393 28
2394 25
2395 29
2396 27
2397 31
150 3477
151 3380
2398 22
6274 1
2399 20
152 3375
153 3338
154 3181
155 3207
156 3194
157 3117
158 3203
159 3035
1060 353
1061 347
1062 343
1063 338
1064 359
1065 336
1066 359
1067 347
2850 22
1068 416
2851 27
2852 15
1069 370
2853 20
2854 27
2855 23
6731 1
2856 30
2857 22
610 1892
6733 1
2858 17
611 1883
2859 23
612 1871
613 1897
614 1996
615 1893
616 1882
617 1820
618 1872
619 1857
1530 89
1531 100
1532 82
1533 95
1534 64
5410 1
1535 84
5411 2
1536 87
5412 1
1537 108
5413 2
1538 89
5414 5
1539 111
5415 2
5416 1
5418 1
5419 2
6280 1
160 3062
161 3087
6284 1
162 2959
6285 1
163 2989
164 3033
165 2930
166 2898
167 2872
168 2867
169 2899
1070 412
1071 437
1072 456
1073 468
1074 475
1075 494
1076 539
2860 24
1077 510
2861 18
1078 540
2862 15
1079 554
2863 23
2864 21
6740 1
2865 22
2866 22
2867 20
620 1762
621 1789
2868 21
622 1813
2869 24
623 1823
6746 1
624 1811
625 1806
626 1806
627 1750
628 1782
629 1741
1540 84
1541 79
1542 92
1543 80
1544 78
5420 4
1545 96
5421 1
1546 93
1547 89
5423 2
1548 89
5424 3
1549 91
5425 2
5427 2
5428 2
5429 4
6291 1
170 2849
171 2786
172 2715
173 2632
174 2758
175 2651
176 2654
177 2678
178 2587
179 2584
4100 5
4101 2
4102 3
4103 3
1080 583
4104 6
1081 597
4105 5
1082 526
4106 4
1083 555
4107 3
1084 553
4108 3
1085 589
4109 4
1086 528
2870 12
1087 552
2871 16
1088 564
2872 22
1089 597
2873 15
2874 15
2875 9
2876 14
2877 23
630 1758
2878 14
631 1793
6754 1
2879 17
632 1771
633 1775
634 1728
635 1806
636 1771
637 1703
638 1659
639 1685
1550 89
1551 88
1552 87
1553 114
1554 75
1555 99
5431 1
1556 104
5432 2
1557 103
5433 2
1558 89
5434 2
1559 73
5435 1
5436 1
5437 1
5438 3
180 2649
181 2489
182 2554
183 2576
184 2507
185 2484
186 2424
187 2498
188 2471
189 2480
4110 4
4111 6
4112 4
4113 8
1090 564
4114 7
1091 563
1092 533
4115 7
4116 5
1093 558
4117 4
1094 611
4118 5
1095 553
4119 4
1096 540
2880 20
1097 543
2881 25
1098 520
2882 18
1099 540
2883 20
2884 19
2885 19
8004 1
2886 17
6762 1
2887 19
640 1666
8006 1
2888 19
641 1656
2889 15
642 1645
643 1699
644 1731
645 1661
646 1727
647 1693
648 1654
649 1628
1560 75
1561 77
1562 79
1563 87
1564 86
5440 1
1565 69
5441 3
1566 75
5442 3
1567 81
5443 2
1568 70
5444 2
1569 90
5446 1
5448 2
190 2279
191 2424
192 2313
193 2341
194 2357
195 2330
196 2327
197 2279
198 2249
199 2267
5900 1
4120 5
5901 1
4121 6
4122 2
5902 1
5903 1
4123 8
5904 1
4124 8
5905 1
4125 2
4126 7
4127 3
5907 2
5908 1
4128 9
4129 5
5909 2
2890 17
2891 28
2892 19
2893 13
2894 21
2895 15
6771 1
2896 20
6772 1
2897 19
650 1615
651 1660
2898 18
8017 1
2899 25
652 1588
8018 1
653 1617
654 1560
655 1606
656 1585
657 1550
658 1581
659 1623
1570 65
1571 80
1572 89
1573 78
1574 100
5450 1
1575 86
5451 1
1576 92
5452 3
1577 95
5453 3
1578 90
5454 1
1579 88
5456 2
5457 2
5458 1
5459 4
5910 1
4130 8
5911 1
4131 4
5912 1
4132 5
4133 1
5913 2
4134 4
5914 2
5915 2
4135 6
4137 4
4138 2
5919 1
4139 6
8024 1
6782 1
8025 1
660 1575
8026 1
661 1581
662 1573
6785 1
663 1489
8029 1
664 1506
665 1546
666 1543
667 1527
668 1505
669 1533
1580 93
1581 103
1582 125
1583 113
1584 112
5460 1
1585 143
1586 152
5462 1
1587 158
5463 2
1588 155
5464 1
1589 153
5465 1
5467 3
5468 1
5469 1
4140 4
5921 1
4141 5
4142 2
4143 3
5923 2
4144 3
5924 1
4145 4
4146 6
4147 10
4148 6
5929 1
8030 1
8032 1
670 1531
671 1509
672 1563
6795 1
673 1441
674 1399
675 1408
676 1542
677 1470
678 1494
679 1472
4600 4
4601 5
4602 2
4603 3
4604 6
4605 7
4606 2
4607 2
4608 5
4609 5
1590 184
1591 166
1592 161
1593 166
1594 152
5470 2
1595 170
5471 2
1596 200
5472 2
1597 171
5473 2
1598 190
5474 1
1599 186
5475 2
5477 1
5478 1
5479 1
5930 2
4150 7
5931 2
4151 6
4152 4
4153 3
5933 1
5934 1
4154 3
4155 8
5935 1
4156 5
5937 1
4157 9
5938 1
4158 4
5939 1
4159 8
8040 1
8043 1
8045 1
680 1518
681 1487
682 1400
683 1401
684 1469
685 1421
686 1418
687 1429
688 1396
689 1428
4610 6
4611 4
4612 3
4613 2
4614 3
4615 8
4616 2
4617 7
4618 2
4619 4
8500 5
8501 5
8502 5
5480 4
8503 5
5481 3
8504 6
5482 1
8505 12
5483 2
8506 9
8507 8
5485 2
8508 9
5486 3
8509 11
5487 1
5488 5
4160 7
4161 11
5942 1
4162 7
4163 5
4164 8
4165 14
4166 4
4167 7
4168 3
5949 1
4169 3
690 1373
691 1427
692 1389
693 1429
694 1425
695 1343
696 1461
697 1368
698 1375
699 1403
4620 4
4621 4
4622 3
4624 5
4625 6
4626 6
4627 3
4628 5
4629 2
8510 8
8511 4
8512 6
8513 7
5491 1
8514 8
5492 3
8515 9
8516 10
5494 3
8517 6
8518 8
5495 4
8519 2
5498 1
5499 2
3300 13
3301 15
3302 15
3303 15
3304 17
3305 12
3306 18
3307 14
3308 19
3309 16
4170 4
5951 1
4171 6
4172 5
4173 6
5954 1
4174 6
4175 9
5956 1
4176 10
4177 4
4178 7
5959 1
4179 7
4630 1
4631 4
4632 2
4633 5
4634 4
4635 1
4637 1
4638 2
4639 2
8520 3
8521 10
8522 9
8523 4
8524 5
8525 5
8526 8
8527 3
8528 9
8529 4
3310 12
3311 12
3312 16
3313 12
3314 12
3315 13
3316 12
3317 14
3318 17
3319 12
5960 1
4180 6
4181 6
4182 13
4183 6
4184 12
4185 7
5966 1
4186 9
5967 1
4187 10
4188 8
4189 13
8070 1
8072 1
4640 4
4641 5
4642 2
4643 7
4644 3
4646 4
4647 3
4648 4
4649 6
8530 6
8531 3
8532 9
8533 6
8534 5
8535 7
8536 11
8537 5
8538 10
8539 4
3320 20
3321 12
3322 17
3323 16
3324 17
3325 14
3326 16
3327 25
3328 11
3329 12
7211 1
4190 8
4191 7
4192 8
4193 10
7217 1
4194 9
5974 2
7218 1
4195 7
4196 7
5977 1
4197 6
4198 8
4199 14
8080 1
8081 1
2000 42
2001 41
2002 40
2003 39
2004 39
2005 39
8087 1
2006 55
2007 39
2008 48
2009 46
4650 4
4651 3
4652 5
4653 4
4654 1
4655 2
4656 2
4657 2
4658 2
4659 2
8540 6
8541 10
8542 7
8543 11
8544 7
8545 5
8546 9
8547 5
8548 9
8549 15
3330 16
3331 14
3332 10
3333 12
3334 10
3335 17
3336 14
3337 15
3338 10
3339 12
7223 1
5980 3
5983 2
7227 1
5986 1
5987 1
2010 41
2011 40
2012 37
2013 41
2014 28
2015 42
2016 47
2017 42
2018 41
2019 35
4660 3
4661 3
4662 2
4663 4
4664 4
4665 3
4666 5
4667 2
4668 4
4669 5
8550 7
8551 7
8552 8
8553 12
8554 8
8555 4
8556 3
8557 11
8558 4
8559 5
3340 14
3341 15
3342 15
3343 17
3344 13
3345 20
3346 13
3347 15
3348 16
3349 15
5992 1
5994 2
5997 1
5999 1
2020 41
3800 8
3801 13
2021 49
2022 40
3802 9
2023 37
3803 9
3804 7
2024 33
3805 10
2025 60
2026 34
3806 23
3807 11
2027 42
2028 45
3808 7
3809 14
2029 50
4670 4
4671 5
4672 4
4673 7
4674 1
4675 1
4676 1
4677 2
4678 2
4679 4
8560 7
8562 3
8563 3
8564 4
8565 1
8566 4
8568 2
3350 19
3351 14
3352 14
3353 16
3354 10
3355 15
3356 16
3357 13
3358 9
3359 19
7244 1
3810 7
2030 38
3811 15
2031 36
3812 13
2032 33
3813 13
2033 34
3814 8
2034 42
3815 13
2035 36
3816 13
2036 39
3817 17
2037 44
3818 10
2038 38
3819 9
2039 51
7700 2
4680 11
7704 1
4681 6
7705 1
4682 6
4683 3
4684 3
4685 3
7709 1
4686 4
4687 8
4688 2
4689 2
8570 3
8571 2
8572 2
8573 1
8574 2
8575 1
8577 1
8578 2
3360 12
3361 13
3362 16
3363 14
3364 14
3365 15
3366 19
3367 11
3368 13
3369 15
7254 1
7256 1
3820 11
2040 39
3821 11
2041 43
3822 9
2042 39
3823 10
2043 42
3824 9
2044 26
3825 12
2045 31
3826 7
2046 39
3827 10
2047 36
3828 8
2048 44
2049 39
3829 18
7710 1
7712 1
4690 3
4691 4
7715 1
4692 7
7716 1
4693 2
4694 3
7718 1
4695 4
4696 5
4697 5
4698 10
4699 4
2500 21
2501 18
8582 2
2502 19
2503 12
2504 21
2505 12
8587 1
2506 20
2507 21
2508 16
2509 18
3370 11
3371 14
3372 15
3373 15
3374 12
3375 10
3376 12
3377 8
3378 13
3379 11
7261 2
2050 38
3830 17
2051 37
3831 16
3832 8
2052 43
3833 11
2053 37
3834 15
2054 37
3835 13
2055 40
3836 15
2056 46
3837 12
2057 41
3838 11
2058 34
3839 12
2059 37
7721 1
7725 1
7729 1
2510 19
2511 20
2512 15
2513 12
2514 22
2515 18
2516 15
2517 20
2518 23
2519 15
3380 13
3381 11
3382 12
3383 18
3384 14
3385 16
3386 15
3387 13
3388 13
3389 10
7272 1
7279 1
3840 10
2060 45
3841 15
2061 36
3842 11
2062 39
2063 41
3843 13
2064 38
3844 12
3845 10
2065 27
2066 33
3846 14
3847 8
2067 40
3848 9
2068 29
3849 11
2069 34
7732 1
7736 1
7739 1
2520 8
2521 17
2522 19
2523 15
2524 18
2525 18
2526 20
2527 24
6403 1
2528 15
2529 21
6409 1
3390 15
3391 12
3392 5
3393 15
3394 15
3395 13
3396 10
3397 14
3398 9
3399 14
-319 1
1200 304
1201 301
1202 292
1203 274
-2 2
1204 278
-3 1
1205 280
1206 294
-5 1
7288 1
1207 285
-6 1
1208 308
-7 1
1209 283
3850 4
2070 48
3851 15
2071 40
3852 9
2072 39
3853 11
2073 33
3854 7
2074 39
3855 10
2075 28
3856 10
2076 44
3857 10
2077 36
3858 11
2078 52
3859 14
2079 36
7742 1
7743 1
7749 1
2530 16
2531 17
2532 17
2533 19
2534 21
2535 18
6411 1
2536 10
2537 21
2538 13
2539 28
6415 1
1210 292
1211 327
1212 273
1213 296
1214 319
1215 270
1216 313
1217 305
1218 269
1219 296
3860 11
2080 33
3861 8
2081 38
3862 9
2082 34
3863 22
2083 30
3864 7
2084 32
3865 13
2085 29
3866 9
2086 30
3867 14
2087 52
3868 12
2088 36
3869 11
2089 44
7752 1
7758 1
2540 19
2541 15
2542 17
2543 10
2544 22
2545 13
2546 19
2547 10
300 1581
301 1670
2548 19
6424 1
302 1613
2549 22
303 1610
304 1577
305 1573
306 1633
6429 1
307 1648
308 1624
309 1505
1220 297
1221 280
1222 292
1223 283
1224 260
5100 3
1225 281
5101 1
1226 263
5102 2
1227 257
5103 2
1228 270
1229 284
5106 3
5107 4
5108 3
5109 3
3870 6
2090 37
3871 8
2091 41
3872 8
2092 41
3873 12
2093 42
3874 11
2094 46
3875 11
2095 41
3876 6
2096 53
3877 11
2097 51
3878 7
2098 68
3879 11
2099 62
7761 1
7762 1
7765 1
7768 1
7769 1
2550 19
2551 24
2552 20
2553 20
2554 11
2555 18
2556 15
310 1639
2557 10
6433 1
311 1580
2558 13
6434 1
312 1576
2559 18
313 1559
314 1663
315 1612
316 1564
6439 1
317 1527
318 1491
319 1515
1230 284
1231 278
1232 262
1233 265
1234 289
5110 2
1235 285
5111 3
1236 263
5112 2
1237 272
5113 2
1238 276
5114 1
1239 281
5115 3
5116 1
5117 3
5118 3
5119 1
3880 14
3881 6
3882 27
9001 1
3883 11
3884 10
9003 1
3885 5
3886 5
3887 7
3888 9
3889 14
9009 1
7773 1
7774 1
7777 1
7779 2
2560 14
2561 12
2562 21
2563 13
2564 15
2565 14
6441 1
2566 19
2567 17
320 1524
2568 21
321 1500
2569 16
322 1542
323 1530
324 1537
325 1525
326 1540
327 1579
328 1559
329 1618
1240 268
1241 278
10 2
1242 259
1243 251
12 3
1244 278
5120 2
13 3
1245 251
14 3
6901 1
5121 3
1246 268
6902 1
15 1
5122 4
1247 245
5123 3
16 3
1248 231
6904 1
5124 2
17 2
1249 242
18 3
5125 2
5126 6
19 5
6907 1
5127 1
5128 6
5129 1
3890 5
3891 6
3892 9
3893 6
3894 6
3895 6
9014 1
3896 5
3897 5
3898 9
3899 9
7780 1
1700 89
1701 90
1702 99
1703 89
1704 112
1705 96
1706 115
7788 1
1707 122
7789 1
1708 96
1709 98
2570 19
2571 17
2572 15
2573 19
2574 22
2575 20
2576 18
2577 18
330 1566
2578 16
331 1458
2579 11
332 1578
333 1492
334 1588
335 1556
336 1462
337 1525
338 1478
339 1514
1250 255
1251 251
20 4
1252 261
1253 247
21 7
1254 219
22 10
23 3
5130 2
6910 1
1255 246
5131 5
24 4
1256 290
5132 3
25 6
1257 223
5133 2
1258 225
26 6
5134 2
27 5
6914 1
1259 240
6915 1
5135 4
28 5
5136 5
29 6
5137 2
6918 1
5138 3
5139 7
6919 1
9020 1
9023 1
9024 1
7791 1
1710 98
7792 1
1711 107
1712 101
1713 116
1714 100
1715 101
1716 100
1717 116
7799 1
1718 88
1719 101
2580 14
2581 23
2582 23
2583 15
2584 16
2585 14
6461 1
2586 18
340 1509
2587 23
341 1466
2588 20
2589 11
342 1482
343 1497
344 1447
345 1585
6468 1
346 1416
347 1456
348 1473
349 1446
1260 251
1261 231
30 9
1262 220
31 12
1263 238
32 9
1264 251
5140 6
1265 226
33 20
34 25
6921 1
5141 2
1266 219
6922 1
5142 2
1267 239
35 43
800 961
6923 1
5143 5
1268 233
36 50
801 939
5144 3
1269 243
37 106
802 928
5145 4
38 156
803 940
5146 2
39 229
804 979
5147 4
805 973
5148 2
806 922
5149 2
807 946
808 949
809 897
1720 101
1721 102
1722 86
1723 79
1724 104
5600 1
1725 99
5601 1
1726 101
5602 2
1727 103
5603 2
1728 116
5604 2
1729 105
5606 2
5608 1
5609 2
2590 23
2591 14
2592 24
2593 22
2594 11
2595 21
2596 16
350 1434
2597 25
2598 18
351 1473
6474 1
352 1452
2599 15
353 1412
354 1426
355 1437
356 1454
357 1374
358 1443
359 1425
1270 240
1271 225
1272 209
40 369
1273 221
41 572
1274 250
42 823
5150 3
6930 1
1275 218
43 1135
5151 4
6931 1
1276 232
44 1558
5152 3
810 961
1277 245
45 1981
811 940
5153 2
1278 225
46 2508
812 945
5154 2
1279 234
47 2969
813 902
5155 5
48 3616
5156 4
814 947
49 4168
5157 2
815 908
5158 1
816 947
5159 2
817 912
818 899
819 897
9044 1
9045 1
1730 94
1731 106
1732 92
1733 74
1734 86
1735 95
5611 3
1736 81
5612 2
1737 89
5613 1
1738 90
5614 2
1739 95
5615 2
5616 2
5617 1
5618 2
5619 1
6482 1
360 1438
361 1407
362 1447
363 1377
6486 1
364 1418
365 1471
6488 1
366 1453
367 1361
368 1341
369 1405
-394 1
1280 218
1281 228
1282 230
50 4775
1283 189
51 5257
1284 229
52 5745
5160 4
1285 211
53 6470
6941 1
5161 3
1286 244
54 6791
6942 1
5162 2
1287 211
55 7508
820 922
5163 3
1288 233
56 7686
821 965
5164 4
1289 220
57 8375
822 885
6945 1
5165 4
58 8758
823 892
5166 2
59 8999
824 890
825 800
5168 2
6948 2
826 884
5169 2
827 846
828 852
829 841
9052 1
1740 88
1741 77
1742 100
1743 89
1744 94
1745 101
5621 1
1746 83
5622 1
1747 75
5623 1
1748 95
5624 1
1749 86
5626 1
5627 3
5628 6
5629 1
6492 1
370 1361
6493 1
371 1444
6494 1
372 1391
373 1416
374 1383
375 1442
376 1376
377 1440
378 1361
379 1442
4300 3
4301 6
4302 8
4303 9
4304 5
4305 4
4306 6
4307 5
4308 6
4309 6
1290 209
1291 224
1292 219
60 9105
1293 201
61 9208
1294 219
62 9264
5170 1
1295 238
63 9384
5171 3
1296 197
64 9321
5172 3
1297 234
65 9066
830 877
5173 2
1298 206
66 9123
831 834
5174 2
6954 1
1299 223
67 8855
832 859
5175 1
68 8973
833 879
6956 1
5176 3
69 8625
834 813
5177 2
835 829
5178 4
836 855
5179 6
837 833
838 858
839 868
9068 1
1750 82
1751 83
1752 92
1753 90
1754 93
5630 2
1755 88
5631 3
1756 82
5632 1
1757 77
5633 1
1758 84
5634 1
1759 85
5635 3
5636 4
5639 2
380 1340
381 1420
382 1415
9528 1
383 1386
384 1356
385 1372
386 1394
387 1408
388 1312
389 1400
4310 9
4311 8
4312 7
4313 9
4314 4
4315 4
4316 7
4317 8
4318 3
4319 3
70 8708
71 8670
72 8562
5180 2
73 8443
5181 3
74 8501
5182 3
75 8181
840 842
5183 4
76 8217
841 854
5184 1
77 8006
842 773
5185 3
8208 1
78 8107
843 822
8209 2
5186 5
79 7815
844 825
5187 1
845 819
5188 2
846 833
5189 4
847 779
848 812
849 777
1760 85
1761 92
1762 78
1763 93
1764 84
5640 1
1765 79
5641 2
1766 76
1767 85
5643 2
1768 75
5644 2
1769 98
5645 3
5646 1
5647 1
5648 3
5649 1
390 1403
9536 1
391 1370
392 1392
393 1421
394 1371
395 1343
396 1365
397 1429
398 1374
399 1258
4320 10
4321 5
4322 9
4323 8
4324 7
4325 10
4326 8
4327 11
4328 1
4329 7
8210 1
80 7983
81 7614
82 7613
5190 1
83 7478
5191 3
6971 1
84 7494
5192 2
850 817
85 7476
8216 1
5193 2
851 800
86 7339
5194 1
852 767
87 7173
6975 2
5195 2
853 798
88 7114
5196 3
854 814
89 7027
5197 4
855 772
5198 2
856 744
5199 2
857 770
858 753
859 728
3000 11
3001 12
3002 9
3003 14
3004 11
3005 15
3006 12
3007 19
3008 9
3009 15
1770 76
1771 87
1772 81
1773 74
1774 97
1775 98
5651 1
1776 71
1777 78
5653 2
1778 75
5654 2
1779 75
5655 2
5656 3
5659 3
4330 5
4331 7
4332 5
4333 2
4334 5
4335 4
4336 6
4337 5
4338 10
4339 4
8220 2
90 6880
91 6816
92 6681
93 6710
94 6533
95 6446
860 753
96 6478
861 711
97 6353
862 722
98 6369
863 721
99 6260
864 739
865 702
866 756
867 734
868 664
869 752
3010 11
3011 13
3012 13
3013 12
3014 10
3015 11
3016 10
3017 14
3018 18
3019 13
1780 63
1781 63
1782 73
1783 91
1784 89
1785 89
1786 76
1787 71
5663 3
1788 81
1789 68
5665 2
5666 1
5667 4
5669 3
4340 4
4341 6
4342 3
4343 4
4344 8
4345 4
4346 5
4347 5
4348 3
4349 4
870 711
8235 3
871 714
8236 1
872 712
873 725
6996 1
874 732
875 685
6998 1
876 652
877 677
878 667
879 712
4800 4
3020 13
3021 6
4801 2
4802 2
3022 16
3023 9
4803 1
4804 3
3024 19
3025 18
3026 12
4806 4
4807 2
3027 14
4808 2
3028 13
4809 6
3029 11
1790 80
1791 67
1792 74
1793 71
1794 63
5670 1
1795 66
1796 66
5672 1
1797 84
5673 2
1798 77
1799 77
5675 3
5677 1
5679 4
4350 9
4351 8
4352 1
4353 5
4354 6
4355 10
4356 8
4357 5
4358 9
4359 9
8243 1
880 714
8246 1
881 647
882 707
883 752
8249 1
884 679
885 688
886 692
887 689
888 648
889 678
4810 6
3030 14
3031 14
4811 5
3032 2
4812 5
3033 10
4813 4
4814 5
3034 14
4815 1
3035 11
4816 1
3036 14
4817 1
3037 16
3038 10
4818 7
3039 12
4819 4
5681 2
5682 2
5683 1
5684 4
5685 2
5686 3
4360 9
4361 5
4362 8
4363 9
4364 10
4365 10
4366 9
4367 8
4368 8
4369 4
8252 1
8254 1
890 681
891 667
892 642
893 644
8259 1
894 671
895 664
896 649
897 711
898 651
899 640
4820 2
3040 15
4821 4
3041 16
4822 4
3042 8
3043 12
4823 3
4824 3
3044 11
4825 4
3045 15
4826 3
3046 16
4827 1
3047 13
4828 4
3048 8
4829 2
3049 8
5690 2
5692 2
5693 1
5694 3
5696 2
5698 1
3500 10
3501 13
3502 6
3503 10
3504 9
3505 12
3506 14
3507 8
3508 12
3509 9
4370 7
4371 5
4372 4
4373 6
4374 6
4375 9
4376 7
4377 11
4378 4
4379 5
8266 1
4830 4
3050 11
3051 11
4831 2
3052 11
4832 3
4833 6
3053 5
4834 2
3054 11
4835 3
3055 9
4836 3
3056 14
3057 14
4837 4
3058 14
4838 4
4839 3
3059 16
3510 9
3511 9
3512 7
3513 10
3514 8
3515 10
3516 11
3517 7
3518 9
3519 14
7401 1
4380 13
4381 5
4382 3
4383 8
4384 12
4385 7
4386 8
4387 5
4388 5
4389 9
8270 1
8274 2
8278 1
8279 1
4840 2
3060 16
4841 5
3061 6
3062 13
4843 2
3063 15
3064 8
4844 3
4845 7
3065 14
4846 5
3066 7
4847 5
3067 6
4848 3
3068 12
4849 4
3069 11
3520 7
3521 10
3522 10
3523 10
3524 11
3525 6
3526 6
3527 10
3528 12
3529 4
7411 1
4390 9
4391 5
7415 1
4392 6
4393 3
4394 11
4395 12
4396 3
7419 1
4397 4
4398 14
4399 5
2200 64
2201 57
8283 1
2202 60
2203 65
2204 58
2205 52
2206 53
2207 55
2208 59
2209 51
4850 2
3070 8
4851 3
3071 7
3072 11
4852 3
4853 3
3073 13
4854 1
3074 15
4855 6
3075 16
4856 2
3076 11
4857 2
3077 14
3078 11
3079 4
4859 6
3530 12
3531 5
3532 8
3533 5
3534 8
3535 14
3536 14
3537 12
3538 4
3539 12
8291 1
2210 39
2211 45
2212 60
2213 47
2214 43
2215 47
8297 1
2216 58
2217 43
2218 53
2219 45
4860 3
3080 5
4861 4
3081 10
3082 17
4862 2
4863 4
3083 13
4864 2
3084 10
4865 3
3085 13
4866 1
3086 13
4867 4
3087 17
4868 3
3088 9
3089 8
4869 2
3540 8
3541 7
3542 15
3543 4
3544 12
3545 13
3546 15
3547 14
3548 11
3549 5
7431 1
2220 45
2221 60
2222 50
2223 42
2224 51
6100 1
2225 48
2226 59
2227 42
2228 57
2229 48
4870 1
3090 15
3091 14
3092 9
4873 2
3093 6
4874 5
3094 15
4875 3
3095 8
4876 2
3096 13
3097 6
4877 7
4878 2
3098 7
3099 10
4879 3
3550 5
3551 9
3552 4
3553 6
3554 9
3555 9
3556 5
3557 11
3558 8
3559 10
2230 54
2231 43
2232 60
2233 43
2234 56
6110 1
2235 47
6111 1
2236 39
2237 50
2238 34
6114 1
2239 45
6115 1
6116 4
7900 1
7901 2
6119 1
7902 1
7903 3
4880 5
4881 1
4882 4
4883 4
4884 3
4885 2
4887 6
4888 4
4889 1
3560 8
3561 12
3562 6
3563 8
3564 8
3565 8
3566 10
3567 3
3568 9
3569 7
7457 1
2240 40
2241 55
2242 63
2243 35
2244 52
2245 35
6121 2
2246 47
2247 46
2248 42
6124 1
2249 39
6126 1
6127 1
7910 1
6128 1
7913 1
4891 1
4892 2
4893 4
4894 5
4895 2
4896 1
4897 5
4898 4
4899 6
2700 38
2701 22
2702 26
2703 24
2704 31
2705 40
2706 35
2707 31
2708 30
2709 29
3570 12
3571 7
3572 10
3573 5
3574 7
3575 9
3576 9
3577 6
3578 9
3579 6
7462 1
2250 50
2251 40
2252 50
2253 53
2254 54
2255 29
2256 38
6132 1
2257 44
2258 42
6134 1
2259 44
6137 1
7921 1
6139 2
7924 1
7925 1
2710 38
2711 30
2712 25
2713 27
2714 20
2715 27
2716 33
8798 1
2717 31
2718 30
2719 27
3580 7
3581 3
3582 10
3583 6
3584 11
3585 5
3586 8
3587 6
3588 11
3589 7
7474 1
2260 56
2261 54
2262 47
2263 43
2264 36
2265 42
6141 1
2266 37
6142 1
2267 63
6143 2
2268 50
2269 33
6145 1
6146 1
6149 2
7937 1
2720 28
2721 18
2722 19
2723 31
2724 32
2725 31
2726 28
6602 1
2727 37
2728 31
2729 31
6606 1
3590 9
3591 4
3592 4
3593 10
3594 8
3595 6
3596 4
3597 6
3598 8
3599 7
1400 149
1401 137
1402 144
1403 126
1404 143
1405 133
1406 128
1407 142
1408 127
1409 125
2270 46
2271 41
2272 49
2273 40
2274 52
2275 30
2276 40
2277 46
2278 31
2279 41
6155 2
6158 1
7942 1
6159 1
7944 1
7947 1
2730 34
2731 27
2732 39
2733 35
2734 22
2735 40
2736 30
2737 24
2738 29
2739 36
1410 137
1411 153
1412 145
1413 145
1414 145
1415 135
1416 123
7498 1
1417 135
7499 1
1418 128
1419 129
2280 31
2281 36
2282 39
2283 51
2284 40
6160 1
2285 39
6161 1
2286 35
6162 3
2287 42
6163 1
2288 52
2289 40
6166 1
6169 2
2740 20
2741 27
2742 31
2743 28
2744 22
2745 32
2746 25
2747 28
500 1346
6623 1
2748 35
501 1327
502 1308
2749 31
503 1351
504 1316
6627 1
505 1266
506 1304
507 1322
508 1294
509 1266
1420 128
1421 125
1422 123
1423 117
1424 109
5300 1
1425 116
5301 3
1426 148
5302 2
1427 139
5303 3
1428 142
5304 1
1429 125
5305 2
5306 5
5307 4
5308 1
5309 1
2290 43
2291 33
2292 41
2293 47
2294 32
6170 2
2295 36
2296 52
2297 40
2298 30
2299 29
6179 1
7967 1
2750 23
2751 25
2752 30
2753 30
2754 25
2755 27
2756 32
2757 26
510 1305
6633 1
2758 28
511 1324
2759 27
512 1322
513 1310
514 1325
6637 1
515 1258
6638 1
516 1259
517 1353
518 1271
519 1356
1430 126
1431 110
1432 128
1433 117
1434 135
5310 1
1435 137
1436 115
5312 2
1437 131
5313 4
1438 97
5314 1
1439 114
5315 7
5316 4
5317 2
5318 1
5319 2
6181 1
6183 1
6185 2
6186 2
7970 1
6187 1
7971 1
6189 2
7978 1
2760 27
2761 23
2762 39
2763 23
2764 26
6640 1
2765 26
2766 21
6642 2
2767 16
520 1262
6643 1
2768 32
521 1368
6644 1
2769 26
522 1316
523 1371
524 1272
525 1318
526 1308
527 1342
528 1267
529 1340
1440 133
1441 124
1442 125
1443 136
1444 111
5320 4
1445 125
5321 2
1446 114
5322 2
1447 116
5323 5
1448 125
5324 2
1449 122
5325 2
5326 1
5327 2
5328 3
5329 1
6193 1
6194 1
6195 2
6196 1
1900 59
6199 1
1901 39
1902 48
1903 65
1904 62
4000 4
1905 49
1906 61
4001 7
4002 7
1907 37
1908 33
4003 11
4004 6
1909 52
4005 5
4006 11
4007 2
4008 10
4009 14
2770 27
2771 29
2772 28
2773 26
2774 29
2775 35
2776 20
6652 1
530 1307
2777 36
2778 24
531 1304
2779 23
532 1357
6655 1
533 1340
534 1340
535 1339
6658 1
536 1394
537 1353
538 1284
539 1370
1450 125
1451 134
1452 126
1453 140
1454 125
5330 3
1455 113
1456 123
5332 5
1457 119
1458 118
5334 1
1459 104
5335 2
5336 3
5337 1
5338 5
5339 1
1910 52
1911 67
1912 44
7994 1
1913 67
1914 40
7996 1
1915 38
4010 16
4011 9
1916 53
4012 4
1917 54
4013 5
1918 70
4014 5
1919 47
4015 5
4016 8
4017 7
4018 8
4019 3
2780 22
2781 23
2782 25
2783 19
2784 27
2785 30
2786 31
6662 1
540 1324
2787 25
541 1317
2788 27
542 1242
2789 29
6665 1
543 1306
544 1328
545 1253
546 1328
547 1316
548 1346
549 1338
1460 131
1461 90
1462 121
1463 97
1464 110
5340 3
1465 116
5341 2
1466 111
5342 1
1467 117
5343 3
1468 108
5344 3
1469 132
5345 2
5346 6
5347 2
5349 2
1920 53
1921 44
1922 56
1923 64
1924 69
4020 7
5800 3
1925 56
5801 1
4021 8
1926 64
4022 4
5802 1
1927 39
5803 2
4023 7
1928 51
4024 4
1929 48
5805 2
4025 5
4026 6
4027 4
5808 1
4028 5
4029 8
2790 21
2791 25
2792 33
2793 35
2794 24
2795 27
2796 24
6672 1
2797 27
550 1400
2798 30
551 1421
2799 29
552 1360
6675 1
553 1442
554 1433
555 1560
556 1518
557 1603
558 1621
559 1716
1470 114
1471 109
1472 95
1473 108
1474 117
5350 3
1475 106
5351 1
1476 122
5352 2
1477 113
5353 2
1478 96
5354 3
1479 102
5355 2
5356 1
5357 2
5358 4
5359 5
1930 44
1931 50
1932 48
1933 53
1934 51
5810 1
4030 7
1935 53
5811 2
1936 45
4031 12
4032 11
5812 1
1937 50
5813 2
4033 9
1938 58
5814 1
4034 4
1939 42
5815 1
4035 4
5816 1
4036 5
4037 5
4038 6
5819 1
4039 8
560 1748
561 1764
562 1794
6685 1
563 1878
6686 1
564 1934
565 1880
566 2071
567 2058
568 2042
569 2124
1480 117
1481 95
1482 108
1483 93
1484 105
5360 1
1485 120
5361 2
1486 96
5362 1
1487 93
5363 1
1488 104
5364 1
1489 113
5365 1
5366 1
5368 3
1940 42
1941 46
1942 59
1943 49
1944 34
5820 1
4040 6
1945 38
5821 1
4041 6
1946 51
4042 7
1947 44
4043 6
1948 49
4044 4
1949 53
4045 6
5826 1
4046 6
4047 6
5828 1
4048 3
4049 10
570 2205
571 2233
572 2240
573 2186
574 2166
575 2212
576 2222
577 2259
578 2187
579 2123
4500 3
4501 6
4502 5
4503 7
4504 4
4505 3
4506 5
4507 5
4508 5
4509 3
1490 89
1491 103
1492 112
1493 107
1494 98
5370 3
1495 106
5371 1
1496 111
5372 1
1497 111
5373 2
1498 86
5374 2
1499 100
5375 2
5376 3
5377 2
5378 1
5379 4
1950 41
1951 45
1952 45
1953 44
1954 43
4050 8
1955 46
5831 1
4051 8
1956 52
4052 5
1957 43
4053 8
1958 39
5834 1
4054 2
1959 47
5835 3
4055 6
4056 4
5837 1
4057 3
5838 1
4058 5
4059 6
580 2118
581 2114
582 2152
583 2134
584 2030
585 2055
586 2107
587 2101
588 2115
589 2131
4510 6
4511 5
4512 4
4513 5
4514 5
4516 4
4517 1
4518 3
8402 2
8403 1
5380 1
5382 2
8406 1
5383 2
5384 1
8407 1
5385 2
5387 3
5388 1
5389 2
1960 51
1961 36
1962 46
1963 43
1964 45
5840 1
4060 6
1965 38
5841 1
4061 5
1966 44
4062 8
1967 49
5843 1
4063 3
1968 44
5844 4
4064 6
1969 39
4065 3
5846 2
4066 6
4067 6
5847 2
5848 1
4068 5
5849 1
4069 5
590 2112
591 2059
592 2075
593 2053
594 2059
595 2082
596 2158
597 2051
598 2015
599 2049
4520 3
4521 5
4522 3
4523 7
4524 2
4525 6
4526 5
4527 5
4528 8
4529 4
8410 1
8411 2
5390 3
8414 1
5391 1
5392 2
5393 1
8416 2
5394 1
5395 1
5396 3
5398 5
5399 3
3200 16
3201 27
3202 14
3203 28
3204 19
3205 20
3206 22
3207 24
3208 22
3209 28
1970 45
1971 50
1972 51
1973 49
1974 43
4070 6
1975 45
5850 2
4071 5
1976 40
4072 4
5852 2
1977 45
5853 2
1978 39
4073 5
5854 1
4074 6
1979 42
4075 2
5856 1
4076 7
4077 7
5857 2
5858 1
4078 6
5859 1
4079 3
4530 5
4531 5
4532 2
4533 11
4534 7
4535 7
4536 6
4537 4
4538 3
4539 3
8423 1
8424 1
8425 1
8426 2
8427 1
8428 1
3210 17
3211 24
3212 24
3213 30
3214 27
3215 16
3216 25
3217 18
3218 24
3219 21
1980 52
1981 56
7100 1
1982 50
1983 32
1984 37
4080 5
1985 47
5861 1
4081 1
1986 31
4082 5
1987 58
4083 1
1988 39
5864 1
4084 5
1989 35
4085 7
4086 5
5866 1
4087 7
4088 4
5868 2
4089 4
4540 5
4541 3
4542 1
4543 3
4544 2
4545 1
4546 4
4547 8
4548 11
4549 5
8430 1
8434 2
8438 2
8439 2
3220 24
3221 20
3222 22
3223 21
3224 23
3225 22
3226 20
3227 19
3228 25
3229 24
1990 26
1991 49
1992 41
1993 53
1994 38
7112 1
4090 5
5870 1
1995 57
4091 6
5871 1
1996 46
7115 1
4092 4
1997 44
4093 6
1998 39
7116 1
5874 1
4094 6
1999 46
4095 6
5876 2
4096 7
4097 3
5877 3
5878 1
4098 4
5879 1
4099 4
4550 2
4551 7
4552 5
4553 5
4554 3
4555 6
4556 5
4557 5
4558 8
4559 2
8440 1
8444 2
8447 1
8448 1
8449 3
3230 15
3231 20
3232 17
3233 22
3234 26
3235 16
3236 18
3237 16
3238 18
3239 18
5880 2
5882 1
5883 1
5885 1
5886 2
5887 1
5888 2
4560 4
4561 6
4562 7
4563 7
4565 6
4566 7
4567 5
4568 3
4569 3
8453 1
8455 3
8457 2
8459 1
3240 23
3241 19
3242 24
3243 18
3244 15
3245 14
3246 24
3247 22
3248 24
3249 22
7131 1
7132 1
8912 1
5890 3
5891 1
5892 1
7135 1
5893 1
5894 3
5895 2
5896 2
3700 17
3701 9
3702 18
3703 10
3704 17
3705 14
3706 20
3707 18
3708 18
3709 17
4570 5
4571 5
4572 4
4573 4
4574 3
4575 3
4576 6
4577 2
4578 4
4579 5
8460 4
8462 1
8463 2
8464 2
8465 3
8466 2
8467 1
8468 2
8469 1
3250 25
3251 21
3252 21
3253 24
3254 18
3255 22
3256 27
3257 16
3258 15
3259 24
7142 1
7143 1
7145 1
3710 20
3711 11
3712 18
3713 9
3714 12
3715 12
3716 11
3717 16
3718 20
3719 17
7600 1
4580 1
4581 1
7604 1
4582 7
4583 3
7607 1
4584 4
4585 4
4586 5
4587 6
4588 6
4589 5
8470 3
8471 5
8472 1
8473 1
8474 2
8477 3
8478 2
8479 3
3260 15
3261 22
3262 20
3263 14
3264 20
3265 19
3266 22
3267 18
3268 10
3269 19
7151 1
7158 1
3720 23
3721 16
3722 14
3723 12
3724 14
3725 17
3726 20
3727 12
3728 7
3729 16
4590 1
4591 5
4592 4
4593 4
4594 7
4595 3
4596 4
4597 1
4598 2
4599 3
8480 2
2400 24
8481 1
8482 2
2401 33
8483 3
2402 35
8484 1
2403 23
8485 1
2404 24
8486 1
2405 23
8487 3
2406 27
8488 3
2407 32
8489 2
2408 18
2409 23
3270 20
3271 20
3272 17
3273 17
3274 18
3275 23
3276 15
3277 18
3278 13
3279 22
3730 13
3731 16
3732 7
3733 18
3734 17
3735 23
3736 14
3737 17
3738 15
-12 1
3739 12
-14 1
-15 1
-16 1
7621 1
7625 1
8490 3
2410 28
8491 6
8492 8
2411 23
8493 3
2412 33
8494 3
2413 23
2414 23
8495 6
2415 19
8496 7
8497 4
2416 23
8498 8
2417 32
8499 5
2418 32
2419 31
3280 12
3281 19
3282 16
3283 22
3284 11
3285 15
3286 19
3287 12
3288 20
3289 15
8954 1
7175 1
3740 14
3741 11
3742 9
3743 17
3744 13
3745 15
3746 19
3747 21
-21 2
3748 17
3749 15
-26 1
7632 1
-27 1
-28 1
-29 3
2420 27
2421 32
2422 25
2423 21
2424 29
6300 1
2425 32
2426 28
2427 27
2428 36
2429 34
6306 1
3290 24
3291 14
3292 20
3293 14
3294 20
3295 20
3296 19
3297 20
3298 23
3299 13
1100 556
1101 528
1102 488
1103 518
1104 501
1105 489
1106 484
1107 499
1108 495
1109 489
3750 17
3751 15
3752 13
3753 17
3754 11
3755 19
3756 15
3757 9
3758 10
3759 17
7643 1
-39 1
7648 1
7649 1
2430 22
2431 24
2432 21
2433 25
2434 26
2435 27
6311 1
2436 25
2437 29
2438 15
6314 1
2439 16
6316 1
1110 504
1111 477
1112 507
1113 452
1114 480
1115 521
1116 466
1117 477
1118 486
1119 500
3760 11
3761 10
3762 16
3763 13
3764 7
3765 12
3766 10
3767 18
3768 8
3769 8
7656 2
2440 21
2441 31
2442 26
2443 21
2444 25
6320 1
2445 24
6321 1
2446 26
2447 26
200 2272
6323 1
2448 24
201 2270
2449 26
202 2169
203 2194
204 2141
6327 1
205 2218
206 2255
6329 1
207 2211
208 2232
209 2165
-237 1
2900 18
1120 482
8982 1
2901 23
1121 489
2902 17
1122 501
2903 18
1123 440
2904 20
1124 449
5000 3
2905 14
1125 482
2906 10
5001 3
1126 425
5002 6
2907 15
1127 467
5003 2
2908 18
1128 475
5004 2
2909 16
1129 436
5005 3
5006 3
5007 2
5008 3
5009 1
3770 16
3771 11
3772 20
3773 14
3774 15
3775 9
3776 16
3777 12
3778 16
3779 13
7664 1
7669 1
2450 24
2451 24
2452 30
2453 20
2454 17
2455 18
2456 23
2457 22
210 2155
2458 22
211 2163
2459 27
212 2123
6335 2
213 2130
214 2086
215 2038
216 2080
217 2104
218 2064
219 2148
2910 14
1130 437
2911 17
1131 443
2912 15
1132 420
2913 18
1133 446
2914 17
1134 421
5010 2
8996 1
2915 25
1135 457
5011 7
2916 19
1136 480
5012 3
2917 14
1137 434
5013 2
2918 17
1138 430
5014 1
2919 16
1139 456
5016 3
5017 4
5018 1
5019 5
3780 10
3781 15
3782 16
3783 15
3784 14
3785 8
3786 14
3787 22
3788 13
3789 15
2460 21
2461 27
2462 26
2463 20
2464 26
2465 23
2466 22
220 2065
2467 29
6343 1
221 1989
2468 26
222 2078
2469 24
223 2085
6346 1
224 2029
6347 1
225 2051
226 2009
227 1981
228 2006
229 2024
2920 16
1140 402
1141 423
2921 24
2922 11
1142 415
2923 16
1143 440
2924 12
1144 412
6800 1
5020 3
2925 16
1145 385
5021 2
2926 21
1146 416
1147 372
2927 17
5023 3
1148 382
2928 19
2929 12
5024 2
1149 443
5025 5
5026 1
5027 2
5028 3
5029 2
3790 7
3791 12
3792 13
3793 12
3794 17
3795 12
3796 12
3797 11
3798 13
3799 11
-76 1
7681 1
1600 185
7682 1
1601 187
1602 185
1603 159
1604 193
1605 164
1606 199
1607 171
1608 174
1609 163
2470 17
2471 25
2472 23
2473 21
2474 21
2475 21
2476 16
2477 16
230 1980
2478 21
231 1941
2479 16
232 2017
233 1941
6356 1
234 1970
235 1977
236 1918
6359 1
237 1937
238 1906
239 1875
-262 1
2930 14
1150 422
2931 12
1151 437
2932 23
1152 407
2933 22
1153 429
2934 13
1154 379
5030 2
2935 16
1155 383
2936 8
5031 3
1156 388
5032 2
2937 18
1157 398
2938 20
1158 399
2939 12
5034 5
1159 392
5035 3
6815 1
5036 3
5037 5
5038 1
5039 2
7691 1
1610 173
7692 1
1611 171
1612 173
1613 186
1614 186
1615 172
1616 201
1617 145
1618 165
1619 159
2480 24
2481 18
2482 13
2483 17
2484 16
6360 1
2485 31
2486 17
2487 23
240 1874
6363 1
2488 18
241 1927
2489 18
242 1910
6365 1
243 1866
244 1922
245 1858
246 1855
6369 1
247 1802
248 1866
249 1776
2940 8
1160 364
2941 21
1161 398
2942 19
1162 416
2943 7
1163 376
2944 16
1164 354
5040 2
2945 19
1165 348
2946 8
5041 1
1166 366
2947 11
5042 4
1167 364
700 1385
5043 6
2948 13
1168 329
701 1344
5044 2
2949 12
1169 355
702 1361
6825 1
5045 3
703 1358
5046 1
704 1358
5047 3
705 1336
706 1377
5049 3
707 1361
708 1315
709 1336
1620 137
1621 153
1622 137
1623 156
1624 155
5500 3
1625 156
5501 3
1626 157
5502 3
1627 156
1628 164
5504 2
1629 157
5505 1
5506 1
5507 2
5509 2
2490 19
2491 26
2492 19
2493 17
2494 25
2495 22
2496 37
2497 17
250 1949
2498 12
251 1938
2499 25
252 1780
253 1850
254 1862
6377 1
255 1882
256 1781
6379 1
257 1796
258 1770
259 1795
2950 23
1170 372
2951 19
1171 387
2952 16
1172 324
2953 12
1173 310
2954 17
1174 320
5050 2
2955 11
1175 314
5051 3
2956 16
1176 334
2957 15
5052 3
1177 336
710 1361
5053 1
2958 20
1178 342
711 1361
5054 5
2959 17
1179 363
712 1250
6835 1
5055 3
713 1355
5056 2
714 1360
715 1290
5058 3
6838 1
716 1329
5059 2
717 1340
718 1356
719 1229
1630 172
1631 135
1632 150
1633 143
1634 134
5510 1
1635 155
5511 1
1636 160
5512 2
1637 128
5513 1
1638 148
5514 2
1639 139
5515 2
5516 3
5517 4
5518 1
6380 1
260 1788
261 1748
262 1755
263 1752
264 1766
265 1797
6388 1
266 1785
267 1720
268 1800
269 1782
2960 11
1180 322
2961 7
1181 313
2962 16
1182 350
2963 12
1183 314
2964 14
1184 290
1185 336
2965 17
2966 14
1186 308
5062 3
2967 14
1187 306
720 1316
2968 28
5063 2
1188 313
721 1337
5064 4
2969 14
1189 335
722 1265
5065 1
723 1256
5066 4
724 1231
5067 3
725 1236
6848 1
5068 2
726 1290
5069 1
727 1238
728 1261
729 1193
1640 160
1641 133
1642 160
1643 144
1644 147
5520 3
1645 134
1646 130
1647 146
5523 2
1648 134
1649 162
5525 2
5526 2
6390 1
6391 2
270 1747
6393 1
271 1723
272 1722
6395 1
273 1687
274 1726
275 1824
276 1697
277 1693
278 1787
279 1674
4200 3
4201 9
4202 6
4203 5
4204 7
4205 8
4206 8
4207 3
4208 5
4209 9
2970 14
1190 337
2971 13
1191 341
2972 18
1192 316
2973 16
1193 302
2974 14
1194 320
2975 15
5070 4
1195 283
2976 15
5071 4
1196 317
2977 10
730 1264
5072 5
1197 302
5073 2
2978 8
731 1249
1198 329
5074 3
2979 15
732 1230
1199 338
5075 2
733 1279
5076 3
734 1268
5077 1
735 1219
736 1178
5079 2
737 1298
738 1271
739 1224
1650 148
1651 129
1652 151
1653 126
1654 130
5530 2
1655 114
1656 150
5532 4
1657 131
5533 1
1658 149
5534 1
1659 136
5535 4
5536 2
5537 1
5539 1
280 1759
281 1684
282 1706
283 1673
284 1727
285 1731
286 1677
287 1660
288 1651
289 1723
4210 6
4211 11
4212 8
4213 6
4214 3
4215 9
4216 10
4217 9
4218 13
4219 13
2980 16
2981 15
2982 21
2983 17
2984 9
5080 1
2985 10
2986 11
5081 4
2987 13
740 1268
5083 1
2988 10
6863 1
741 1250
5084 1
2989 14
742 1195
743 1176
5086 4
744 1234
5087 5
745 1137
5088 3
746 1201
5089 2
747 1198
748 1221
749 1214
1660 134
1661 135
1662 132
1663 135
1664 119
5540 2
1665 139
1666 101
5542 2
1667 133
5543 3
1668 133
5544 1
1669 116
5545 2
5546 1
5547 2
5548 2
5549 1
290 1647
291 1671
292 1643
293 1570
294 1645
295 1656
296 1693
297 1647
298 1656
299 1666
4220 4
4221 6
4222 8
4223 13
4224 8
4225 5
4226 5
4227 9
4228 11
4229 12
2990 7
2991 14
8110 1
2992 12
2993 14
2994 12
5090 2
2995 18
6870 1
2996 11
6871 2
5091 2
6872 1
5092 2
2997 14
750 1154
5093 1
6873 1
2998 18
751 1127
2999 13
5094 2
752 1153
8117 3
5095 3
753 1163
5096 5
754 1164
755 1136
5098 1
756 1153
5099 1
757 1181
758 1154
759 1170
1670 108
1671 118
1672 124
1673 123
1674 126
5550 1
1675 111
1676 114
5552 1
1677 106
1678 102
5554 1
1679 134
5556 5
5557 4
5558 1
5559 3
4230 14
4231 11
4232 9
4233 10
4234 4
4235 6
4236 7
4237 7
4238 12
4239 8
8123 1
760 1141
6883 1
761 1180
762 1146
763 1105
764 1152
6887 1
765 1184
766 1109
767 1078
768 1084
769 1079
1680 96
1681 94
1682 109
1683 144
1684 102
5560 3
1685 110
5561 5
1686 111
5562 1
1687 97
5563 3
1688 92
5564 3
1689 113
5565 2
5566 1
5567 4
4240 13
4241 6
4242 8
4243 9
4244 9
4245 12
4246 13
4247 11
4248 8
4249 10
770 1097
6892 1
6893 1
771 1085
772 1089
773 1044
6895 1
774 1050
775 1067
776 1018
777 1048
778 1052
779 1028
4700 6
4701 9
4702 5
4703 2
4704 7
4705 2
4706 6
4707 2
4708 5
4709 3
1690 94
1691 117
1692 98
1693 97
1694 88
5570 1
1695 100
1696 118
1697 113
5573 1
1698 92
5574 3
1699 96
5575 2
5576 1
5577 1
5578 1
4250 11
4251 8
4252 9
4253 7
4254 5
4255 5
4256 9
4257 8
4258 12
4259 5
8141 2
8143 1
8144 2
780 1030
781 1023
8147 1
782 1019
783 1076
784 1056
785 1047
786 1072
787 972
788 972
789 1008
4710 2
4711 4
4712 1
4713 4
4714 4
4715 6
4716 5
4717 4
4718 5
4719 4
8601 1
5580 2
8603 1
5581 3
5583 2
5584 2
5585 2
5588 1
5589 1
4260 13
4261 13
4262 9
4263 7
4264 2
4265 7
4266 7
4267 9
4268 8
4269 9
790 1050
791 1016
792 996
793 1024
794 896
795 957
796 998
797 1016
798 988
799 986
4720 8
4721 4
4722 9
4723 4
4724 3
4725 4
4726 3
4727 5
4728 3
4729 5
5590 2
5591 3
5592 2
5594 2
5596 1
3400 16
3401 9
3402 16
3403 16
3404 15
3405 12
3406 14
3407 11
3408 14
3409 11
4270 13
4271 9
4272 9
4273 8
4274 5
4275 10
4276 6
4277 12
4278 5
4279 7
8161 1
8163 1
8164 1
4730 1
4731 1
4732 2
4733 4
4734 5
4735 4
4736 2
4737 8
4738 3
4739 6
8626 1
3410 9
3411 12
3412 11
3413 12
3414 9
3415 11
3416 15
3417 14
3418 13
3419 16
4280 5
7304 1
4281 4
4282 6
4283 4
4284 9
4285 7
4286 11
4287 4
4288 3
4289 8
8170 1
8175 1
8177 1
4740 3
4741 4
4742 1
4743 2
4744 2
4745 7
4746 3
4747 3
4748 4
4749 3
3420 17
3421 15
3422 11
3423 11
3424 13
3425 6
3426 14
3427 6
3428 12
3429 14
4290 6
4291 9
4292 12
4293 6
4294 7
4295 12
4296 9
4297 7
4298 9
4299 11
2100 59
2101 53
2102 67
2103 71
8185 1
2104 73
8186 2
2105 64
8187 1
2106 61
2107 70
2108 69
2109 81
4750 2
4751 3
4752 5
4753 2
4754 8
4755 6
4756 3
4757 1
4758 4
4759 4
3430 16
3431 18
3432 13
3433 16
3434 8
3435 15
3436 8
3437 11
3438 10
3439 12
7323 1
2110 71
8192 1
2111 75
2112 79
2113 79
2114 69
8196 1
2115 63
8197 2
2116 75
2117 78
2118 77
2119 91
4760 2
4761 3
4762 3
4763 2
4765 4
4766 4
4767 3
4768 7
4769 6
3440 14
3441 9
3442 13
3443 9
3444 14
3445 14
3446 16
3447 10
3448 13
3449 8
3900 8
2120 66
3901 11
2121 84
3902 9
2122 63
3903 10
2123 68
3904 8
2124 82
3905 8
2125 79
6001 1
3906 7
2126 62
3907 10
2127 80
6003 1
3908 7
2128 70
6004 1
3909 11
2129 72
6008 1
4770 4
4771 4
4772 3
4773 6
4774 2
4775 2
4776 4
4777 2
4778 4
4779 5
3450 19
3451 7
3452 16
3453 15
3454 11
3455 12
3456 8
3457 9
3458 12
3459 9
7345 2
2130 63
3910 8
3911 9
2131 79
3912 11
2132 70
3913 12
2133 59
3914 7
2134 73
6010 1
3915 8
2135 95
3916 7
6011 2
2136 68
3917 8
2137 67
3918 5
2138 77
6014 1
3919 7
2139 80
6017 1
7800 3
6019 2
4781 1
7804 2
4782 2
4783 3
4784 3
4785 1
4786 2
4787 5
4788 6
3460 11
3461 9
3462 8
3463 10
3464 11
3465 15
3466 10
3467 15
3468 12
3469 10
7357 1
3920 11
2140 85
3921 11
2141 76
3922 5
2142 78
3923 12
2143 69
3924 12
2144 75
2145 70
3925 6
3926 6
2146 69
3927 11
2147 77
3928 9
2148 62
3929 14
2149 58
6025 1
6027 1
6029 2
4790 3
4791 2
4792 7
7816 1
4793 4
4794 4
7817 2
7818 1
4795 4
4796 2
4797 2
4798 8
4799 2
2600 13
2601 13
2602 21
2603 25
2604 22
2605 24
2606 15
2607 18
2608 14
2609 15
3470 11
3471 15
3472 6
3473 10
3474 9
3475 9
3476 7
3477 14
3478 8
3479 9
7362 1
3930 7
2150 65
3931 11
2151 74
3932 9
2152 70
3933 6
2153 65
3934 10
2154 57
3935 4
2155 78
3936 10
2156 63
3937 8
2157 60
3938 9
2158 60
3939 6
2159 68
6037 1
6038 1
7823 1
7824 1
7825 1
2610 27
2611 19
2612 26
2613 23
2614 18
2615 27
2616 22
2617 35
2618 18
2619 21
3480 6
3481 11
3482 12
3483 14
3484 14
3485 5
3486 12
3487 14
3488 6
3489 9
7378 1
3940 5
2160 63
3941 6
2161 60
3942 3
2162 68
3943 7
2163 77
3944 9
2164 70
3945 13
2165 67
6041 1
3946 13
2166 70
3947 10
2167 62
3948 4
2168 73
3949 5
2169 70
6047 2
6049 1
7838 1
2620 26
