2621 7
2623 7
2624 2
2625 4
2626 9
2627 4
2628 5
6504 1
2629 9
6505 1
3490 3
3491 1
3492 4
3493 1
3494 2
3495 1
3496 4
3497 2
3498 1
3499 6
1300 83
1301 93
1302 93
1303 75
1304 55
1305 71
1306 69
1307 64
1308 81
1309 66
3950 2
2170 11
3951 3
2171 10
3952 2
2172 9
3953 1
2173 12
3954 2
2174 6
3955 1
2175 11
0 1
2176 12
3956 6
3957 2
1 1
2177 13
6053 1
2178 14
3 4
2179 7
6 1
7840 1
7 2
8 2
9 3
7844 1
7847 1
2630 7
2631 1
2632 10
2633 6
2634 6
2635 1
6511 1
2636 4
2637 7
2638 5
2639 7
1310 74
1311 75
1312 80
1313 75
1314 70
1315 74
1316 67
1317 84
1318 72
1319 84
3960 2
2180 17
2181 9
3961 1
3962 2
2182 13
2183 11
3964 2
2184 12
2185 16
3965 3
3966 1
2186 13
2187 8
3967 7
3968 2
2188 15
3969 1
2189 13
7850 1
7855 1
7856 2
7857 1
2640 5
2641 2
2642 4
2643 10
2644 2
2645 6
2646 3
2647 5
400 1594
2648 3
401 1578
2649 4
402 1620
403 1660
404 1615
405 1593
406 1600
407 1599
408 1555
409 1519
1320 74
1321 57
1322 80
1323 67
1324 67
5200 3
1325 64
5201 4
1326 89
1327 81
5203 3
1328 65
5204 4
1329 64
5205 2
5206 2
5207 3
5208 1
5209 2
3970 2
2190 11
3971 6
2191 10
2192 9
3973 2
2193 8
3974 4
2194 11
3975 2
2195 14
6071 1
2196 10
6072 1
2197 13
2198 5
3978 3
3979 1
2199 11
7868 1
2650 6
2651 9
2652 2
2653 5
2654 6
2655 3
2656 7
2657 3
410 1616
2658 4
411 1584
2659 6
412 1607
413 1526
414 1635
415 1644
416 1618
417 1610
418 1543
419 1544
1330 59
1331 63
1332 72
1333 60
1334 70
5210 1
1335 76
5211 4
1336 73
5212 1
1337 58
5213 1
1338 75
1339 53
5216 3
5217 3
5218 2
5219 2
3980 3
3981 3
3982 1
3983 1
3984 5
3985 2
3987 2
3989 1
7876 2
7879 1
2660 3
2661 4
2662 4
2663 7
2664 6
2665 2
2666 2
420 1608
2667 6
2668 1
421 1543
422 1551
2669 5
6545 1
423 1526
424 1609
425 1495
426 1645
427 1530
428 1603
429 1587
1340 56
1341 64
1342 61
1343 64
1344 61
5220 1
1345 69
5221 2
1346 59
1347 55
5223 1
1348 57
5224 1
1349 55
5225 2
5226 4
5227 3
5228 2
5229 5
3990 4
3991 2
3992 3
3993 3
3994 2
3995 3
3996 1
6093 1
3998 1
6094 2
3999 1
1800 20
1801 16
1802 13
1803 11
1804 14
1805 12
1806 14
1807 10
1808 10
1809 6
2670 7
2671 3
2672 5
2673 3
2674 4
2675 7
2676 3
2677 4
430 1591
2678 5
431 1593
2679 8
432 1605
433 1516
434 1657
435 1529
436 1586
6559 1
437 1556
438 1554
439 1529
1350 56
1351 58
1352 65
1353 72
1354 64
5230 2
1355 57
5231 2
1356 60
5232 3
1357 59
5233 4
1358 60
5234 2
1359 45
5235 1
5236 3
5237 3
5238 4
7891 1
1810 13
1811 9
1812 10
1813 16
1814 9
1815 13
1816 15
7898 1
1817 16
1818 7
1819 17
2680 5
2681 9
2682 2
2683 5
2684 2
2685 1
2686 5
6562 1
2687 4
440 1552
2688 2
441 1555
2689 4
442 1593
443 1592
444 1659
445 1636
446 1638
447 1555
448 1603
449 1627
-475 1
1360 56
1361 46
1362 62
1363 66
1364 54
5240 1
1365 50
5241 2
1366 67
5242 1
1367 57
900 491
5243 3
1368 58
901 507
5244 1
1369 53
902 568
5245 3
903 534
5246 2
904 537
5247 4
905 486
5248 1
906 533
5249 1
907 537
908 483
909 488
1820 10
1821 10
1822 13
1823 10
1824 8
5700 2
1825 10
5701 1
1826 13
5702 2
1827 8
1828 9
5704 2
1829 16
5706 1
5709 2
2690 6
2691 7
2692 5
2693 7
2694 7
2695 4
2696 5
450 1622
2697 5
451 1545
2698 4
452 1597
2699 6
453 1570
454 1593
455 1551
456 1551
457 1580
458 1560
459 1531
-482 1
1370 54
1371 56
1372 73
1373 66
1374 48
5250 2
1375 65
1376 50
1377 62
910 509
5253 2
1378 53
911 477
1379 56
912 479
5255 1
913 518
5256 2
914 513
5257 3
915 491
5258 1
916 464
5259 3
917 482
918 494
919 511
1830 13
1831 15
1832 12
1833 11
1834 14
1835 11
5711 3
1836 18
5712 1
1837 11
5713 1
1838 13
1839 10
5715 1
5716 1
5717 2
6580 1
460 1582
461 1490
462 1537
463 1537
464 1566
465 1649
466 1538
467 1540
468 1564
469 1567
1380 54
1381 67
1382 58
1383 68
1384 55
5260 4
1385 54
5261 2
1386 50
5262 2
920 481
1387 43
5263 3
921 502
1388 42
5264 2
922 492
1389 45
5265 2
923 484
924 442
5266 4
5267 2
925 427
5268 3
926 419
5269 1
927 462
928 440
929 465
1840 19
1841 17
1842 7
1843 11
1844 11
5720 3
1845 13
1846 15
1847 12
5723 1
1848 11
1849 12
5726 1
5727 2
5728 2
5729 1
470 1550
471 1566
472 1488
473 1623
474 1538
475 1548
476 1625
477 1572
478 1557
479 1570
4400 1
4401 3
4402 2
4404 4
4405 1
4407 1
4408 1
4409 1
1390 55
1391 46
1392 38
1393 54
1394 61
5270 6
1395 35
5271 2
1396 42
930 422
1397 55
5273 2
931 480
1398 42
5274 1
932 427
1399 40
5275 1
933 456
5276 2
934 452
5277 6
935 415
936 427
5278 3
5279 5
937 457
938 418
939 424
1850 11
1851 17
1852 13
1853 9
1854 12
5730 1
1855 13
1856 5
5732 1
1857 7
5733 1
1858 9
5734 1
1859 5
5735 1
5736 1
5737 1
5738 1
5739 3
480 1629
481 1570
482 1572
483 1588
484 1566
485 1592
486 1540
487 1644
488 1569
489 1500
4410 3
4411 4
4412 2
4414 3
4415 1
4416 2
4417 7
4418 4
4419 4
5280 2
5282 2
940 433
5283 2
941 414
5284 1
942 413
5285 2
943 424
5286 2
944 414
5287 2
945 405
5288 1
946 392
5289 1
947 411
948 434
949 413
1860 5
1861 10
1862 15
1863 10
1864 11
1865 10
1866 10
5742 2
1867 16
5743 1
1868 13
5744 1
1869 14
5746 1
5748 1
5749 3
490 1588
491 1557
492 1556
493 1596
494 1535
495 1553
496 1548
497 1575
498 1642
499 1569
4420 1
4421 2
4422 1
4423 2
4424 3
4425 1
4426 2
4427 1
4428 4
4429 1
5290 3
5291 1
8314 1
5292 3
950 371
8316 1
5293 3
951 387
5294 2
952 427
953 363
5296 1
954 361
5297 2
955 388
5298 2
956 385
5299 3
957 397
958 401
959 392
3100 2
3101 2
3102 3
3103 3
3104 2
3105 1
3106 4
3107 6
3108 2
3109 1
1870 5
1871 7
1872 15
1873 8
1874 12
1875 7
5751 1
1876 9
5752 1
1877 9
5753 1
1878 14
5754 1
1879 8
5757 2
4430 5
4431 2
4432 4
4433 3
4434 2
4435 1
4436 4
4437 1
4438 2
4439 2
8324 1
960 329
961 362
962 401
963 339
964 361
965 373
966 371
967 359
968 394
969 347
3110 4
3111 2
3112 1
3113 4
3114 5
3116 1
3117 3
3118 3
3119 2
1880 9
1881 10
1882 10
1883 15
1884 5
1885 10
7004 1
1886 11
5762 1
1887 14
1888 7
5763 1
5764 1
1889 10
5765 1
5769 1
4440 5
4441 1
4442 3
4443 1
4445 2
4446 4
4447 2
4449 1
970 337
971 331
972 361
973 351
974 343
975 363
976 364
977 345
978 318
979 354
3120 1
4901 2
4902 2
3122 4
3123 3
3124 2
3125 5
4906 2
3126 2
4907 1
3127 2
3128 2
4908 5
3129 4
1890 4
1891 12
1892 11
1893 10
1894 8
5770 1
1895 17
5771 1
1896 5
5772 2
1897 8
1898 5
5774 3
1899 6
5776 1
5778 2
4450 1
4451 3
4452 2
4453 1
4454 1
4455 1
4456 2
4457 4
4458 4
4459 2
980 347
981 317
982 319
8348 1
983 327
8349 2
984 315
985 345
986 303
987 334
988 336
989 352
3130 2
4910 3
4911 1
3131 4
3132 3
4913 2
3133 6
4914 1
3134 9
4915 1
3135 5
3136 4
3137 4
4918 1
3138 2
4919 2
3139 5
7024 1
5783 1
5787 1
4460 2
4461 2
4462 5
4463 1
4464 5
4465 4
4466 3
4467 4
4468 3
4469 3
8350 1
8355 1
990 323
991 313
992 331
8358 1
993 317
8359 1
994 318
995 302
996 295
997 292
998 293
999 291
3140 4
3141 4
4921 2
3142 7
3143 5
4924 3
3144 3
3145 2
4925 2
3146 4
3147 6
4928 2
3148 4
3149 5
7031 1
7033 1
7035 1
5792 2
5797 2
5798 1
5799 1
3600 3
3601 3
3602 4
3603 1
3604 2
3605 8
3606 3
3607 2
3608 5
3609 3
4470 1
4471 2
4473 4
4474 1
4475 2
4476 3
4477 1
4478 3
4479 3
8360 1
8361 1
8363 1
3150 3
3151 3
4931 3
3152 5
3153 4
4933 2
4934 1
3154 3
3155 3
4936 1
3156 7
3157 3
4937 2
4938 2
3158 2
4939 2
3159 2
7043 1
7045 2
7049 1
3610 7
3611 2
3613 5
3614 2
3615 4
3616 1
3617 5
3618 2
3619 2
4480 7
4482 3
4483 3
7507 1
4484 3
4485 3
4486 2
4487 2
4488 2
4489 3
8373 1
8374 1
8375 1
8379 1
4940 1
3160 6
4941 1
3161 3
4942 2
3162 4
4943 2
3163 1
4944 1
3164 2
3165 1
3166 2
3167 7
4947 1
4948 3
3168 3
4949 2
3169 5
7052 1
3620 3
3621 1
3622 3
3623 3
3624 4
3625 3
3626 4
3627 1
3628 4
3629 3
4490 1
4492 1
7515 1
4493 1
4494 2
4496 4
4497 3
4498 4
4499 2
2300 3
2301 7
2302 8
2303 6
2304 8
2305 5
2306 8
2307 9
2308 8
2309 9
4950 2
3170 7
4951 4
3171 2
3172 4
4953 1
3173 9
4954 1
3174 5
3175 3
4956 2
3176 5
4957 2
3177 6
3178 3
4959 2
3179 4
7060 1
7062 1
7063 1
3630 2
3631 2
3632 1
3633 1
3634 2
3635 3
3636 3
3637 5
3638 1
3639 1
2310 6
2311 5
8393 1
2312 4
2313 7
2314 4
2315 9
2316 10
8398 1
2317 7
2318 4
2319 10
3180 5
3181 2
4961 2
3182 3
4962 2
4963 2
3183 5
4964 1
3184 2
3185 7
4965 2
3186 6
4967 1
3187 3
3189 3
3640 3
3641 3
3642 1
3643 3
3644 2
3645 3
3646 7
3647 2
3648 4
3649 3
7530 1
2320 5
2321 8
2322 6
2323 5
2324 6
2325 5
2326 6
2327 5
2328 10
2329 5
6206 1
6207 1
3190 6
4970 2
4971 1
3191 5
4972 1
3192 1
4973 1
3193 5
4974 1
3194 1
4975 1
3195 3
3196 6
4977 3
3197 4
4978 5
3198 9
-118 1
4979 3
3199 4
7086 1
3650 2
3651 2
3652 5
3653 7
3654 6
3655 4
3656 3
3658 3
3659 4
7544 1
2330 6
2331 5
2332 8
2333 10
2334 6
2335 9
2336 3
6211 2
2337 7
2338 5
2339 8
6215 1
6216 1
6218 2
6219 1
4981 2
4982 1
4984 2
4985 2
4986 1
1000 309
4987 2
1001 287
4988 2
1002 297
4989 3
1003 308
1004 304
1005 285
1006 279
1007 290
1008 266
1009 280
7096 1
3660 3
3661 2
3662 2
3663 3
3664 6
3665 3
3666 1
3667 6
3668 5
3669 4
2340 9
2341 6
2342 4
2343 4
2344 6
6220 1
2345 3
2346 4
100 6328
2347 5
6223 2
101 6344
2348 7
102 6237
2349 6
103 6170
104 6075
105 6170
106 6059
107 5953
4990 2
108 5839
109 5830
4994 2
4995 1
4996 1
1010 280
1011 274
4998 3
1012 285
1013 310
1014 276
1015 275
1016 272
2800 4
1017 263
2801 7
1018 264
2802 2
1019 293
2803 2
2804 6
2805 5
2806 1
2807 5
2808 2
2809 2
3670 3
3671 4
3672 7
3673 4
3674 4
3675 4
3676 3
3677 2
3678 5
3679 4
2350 10
2351 8
2352 7
2353 4
2354 7
6230 1
2355 4
2356 4
110 5768
2357 10
111 5727
2358 5
2359 3
6234 1
112 5726
113 5545
114 5733
115 5309
116 5405
117 5471
118 5406
119 5286
1020 315
1021 272
1022 274
1023 279
1024 258
1025 256
1026 263
2810 5
1027 234
1028 247
2811 4
2812 7
1029 265
2813 5
2814 6
2815 2
2816 3
2817 8
2818 6
2819 7
3680 5
3681 9
3682 6
3683 2
3684 2
3685 3
3686 1
3687 6
3688 5
3689 6
2360 9
2362 6
2363 10
2364 3
2365 6
2366 7
2367 6
120 5290
2368 6
121 5034
2369 5
122 5083
123 5132
6246 1
124 5080
125 4815
126 4870
127 4658
128 4807
129 4648
1030 228
1031 262
1032 281
1033 232
1034 274
1035 275
1036 235
2820 6
1037 203
2821 4
1038 241
2822 3
1039 236
2823 1
2824 3
2825 5
2826 5
2827 2
2828 2
2829 4
6709 1
3690 5
3691 4
3692 5
3693 4
3694 6
3696 6
3697 5
3698 5
3699 4
1500 33
7582 1
1501 30
1502 26
1503 30
1504 37
1505 41
1506 31
1507 27
1508 34
1509 42
2370 7
2371 7
2372 5
2373 4
2374 3
2375 4
2376 5
2377 8
130 4645
2378 3
6253 1
131 4518
2379 7
132 4480
133 4543
134 4595
135 4377
6258 1
136 4431
137 4292
138 4338
139 4241
1040 281
1041 242
1042 197
1043 217
1044 226
1045 254
1046 210
2830 5
1047 237
2831 2
1048 193
2832 2
1049 212
2833 4
2834 2
2835 6
2836 4
6712 1
2837 5
6713 1
2838 3
2839 2
1510 42
1511 31
1512 35
1513 30
1514 44
1515 28
1516 39
1517 31
1518 23
1519 30
2380 4
2381 9
2382 5
2383 3
2384 6
2385 4
2386 6
2387 3
140 4139
2388 7
141 4080
142 4013
2389 5
143 4117
144 4032
145 3942
146 3894
147 3939
148 3866
149 3812
1050 220
1051 236
1052 179
1053 244
1054 213
1055 207
1056 208
2840 5
1057 207
2841 3
1058 255
2842 9
1059 185
2843 3
2844 2
2845 5
2846 4
2847 5
600 1625
2848 4
601 1515
2849 3
602 1589
6725 1
603 1596
604 1544
605 1515
606 1613
607 1490
608 1573
609 1552
1520 22
1521 26
1522 29
1523 24
1524 36
5400 1
1525 20
5401 4
1526 35
5402 2
1527 14
5403 3
1528 30
5404 3
1529 41
5405 2
5406 1
5407 1
5408 2
5409 3
2390 5
2391 2
2392 7
2393 4
2394 3
6270 1
2395 7
2396 3
150 3788
2397 6
2398 8
151 3737
2399 5
152 3698
153 3646
154 3571
155 3521
156 3551
6279 1
157 3521
158 3562
159 3496
1060 222
1061 197
1062 229
1063 206
1064 202
1065 181
1066 225
1067 218
2850 5
2851 1
1068 210
1069 202
2852 5
2853 6
2854 4
2855 3
6731 1
2856 6
610 1587
2857 2
2858 3
611 1581
2859 2
612 1568
613 1629
614 1534
615 1548
616 1547
617 1608
618 1515
619 1540
1530 28
1531 32
1532 38
1533 40
1534 28
5410 1
1535 25
5411 2
1536 28
5412 5
1537 21
5413 2
1538 27
5414 3
1539 29
5415 3
5416 3
5417 3
5418 2
5419 1
6281 1
160 3434
161 3433
162 3412
163 3482
6286 1
164 3379
165 3189
6288 2
166 3308
167 3249
168 3234
169 3122
1070 208
1071 197
1072 200
1073 205
1074 199
1075 202
1076 192
2860 4
1077 201
2861 3
1078 220
2862 1
1079 180
2863 1
2864 4
2865 2
2866 6
2867 1
620 1531
2868 3
621 1521
2869 2
622 1577
623 1506
624 1591
625 1570
626 1556
627 1550
628 1521
629 1484
1540 29
1541 28
1542 24
1543 22
1544 25
5420 2
1545 20
5421 5
1546 17
5422 4
1547 21
5423 4
1548 12
1549 27
5425 1
5426 3
5427 2
170 3170
171 3152
172 3057
173 3156
6296 1
174 3149
175 3059
176 3123
177 3090
178 3065
179 3061
4100 1
4101 2
4102 1
4103 2
1080 222
4104 3
1081 202
4105 1
1082 186
4106 2
1083 189
4107 1
1084 204
4108 2
1085 195
4109 1
1086 201
2870 4
1087 186
2871 7
1088 203
2872 4
1089 198
2873 1
2874 3
2875 3
2876 2
2877 1
630 1564
2878 5
631 1523
2879 11
632 1493
633 1563
634 1481
635 1516
636 1523
637 1526
638 1502
639 1460
1550 28
1551 23
1552 22
1553 20
1554 29
5430 5
1555 28
5431 2
1556 38
5432 1
1557 23
5433 3
1558 29
5434 1
1559 26
5435 2
5436 1
5437 2
5439 1
180 3045
181 3034
182 2934
183 2946
184 2878
185 2862
186 2888
187 2812
188 2835
189 2847
4110 1
4111 2
4112 3
1090 209
4114 2
1091 199
4115 1
1092 211
4116 3
1093 185
4117 2
1094 176
4118 1
1095 163
1096 160
2880 3
1097 182
2881 3
1098 190
2882 3
1099 191
2883 3
2884 3
2885 4
2886 4
2887 3
640 1499
2888 4
641 1489
2889 4
642 1480
643 1456
644 1505
645 1497
6768 3
646 1547
6769 1
647 1509
648 1381
649 1521
1560 23
1561 27
1562 29
1563 26
1564 24
1565 29
5441 2
1566 39
1567 33
5443 1
1568 20
1569 23
5445 4
5446 2
5447 1
5448 3
5449 2
190 2761
191 2849
192 2760
193 2746
194 2685
195 2625
196 2710
197 2714
198 2602
199 2673
4120 2
5901 1
4121 2
4123 2
5905 2
4126 2
4127 3
4129 4
2890 6
2891 5
2892 4
2893 1
8011 1
2894 4
8013 2
2895 4
2896 5
2897 3
650 1437
651 1490
2898 7
2899 3
652 1472
653 1440
6776 1
654 1490
6777 1
655 1447
6778 1
656 1466
657 1494
658 1434
659 1401
1570 16
1571 34
1572 21
1573 20
1574 22
5450 1
1575 21
5451 1
1576 19
5452 3
1577 24
5453 1
1578 19
5454 1
1579 25
5455 4
5456 1
5458 2
5459 3
4130 3
5911 1
4131 2
4132 1
4134 3
4135 2
5916 1
4136 2
5917 1
4137 2
5918 1
4139 1
5919 1
660 1535
661 1414
8027 1
662 1398
663 1454
664 1440
6787 1
665 1414
666 1412
667 1449
668 1376
669 1345
1580 25
1581 22
1582 31
1583 22
1584 23
5460 3
1585 20
5461 3
1586 23
1587 32
5463 2
1588 24
1589 23
5465 1
5466 2
5467 4
5468 1
5469 2
4140 1
5920 1
4141 1
5922 1
5923 1
4143 1
4144 2
4145 2
4146 1
4147 1
4148 1
5929 1
8031 1
6790 1
670 1457
671 1471
672 1389
673 1359
8039 1
674 1383
675 1383
676 1373
677 1405
678 1409
679 1359
4600 5
4601 1
4602 1
4603 1
4604 1
4605 1
4606 4
4607 3
4608 1
4609 1
1590 29
1591 29
1592 24
1593 25
1594 32
1595 30
5470 2
1596 23
5472 4
1597 19
5473 2
1598 23
5474 2
1599 25
5478 3
5479 4
4150 3
5930 2
4151 3
4152 1
4153 3
4154 1
5934 2
4155 1
4156 2
5937 1
5939 2
8040 1
680 1394
681 1326
8047 1
682 1376
683 1383
684 1431
685 1371
686 1392
687 1351
688 1305
689 1391
4611 1
4613 2
4614 2
4615 3
4616 2
4617 3
4618 2
4619 2
8500 4
8501 2
8502 3
5480 1
8503 4
5481 1
8504 4
8505 3
5483 1
8506 3
5484 1
8507 7
8508 3
5485 2
8509 5
5486 2
5487 1
5488 3
5489 1
4160 2
5940 1
4161 2
4162 1
4163 2
4164 1
4166 1
4167 3
4168 3
4169 1
5949 1
690 1345
691 1345
692 1356
693 1399
694 1319
695 1331
696 1379
697 1304
698 1314
699 1319
4620 2
4621 3
4622 2
4624 3
4625 2
4626 3
4627 2
4628 3
4629 2
8510 3
8511 2
8512 4
5490 2
8513 6
5491 1
8514 8
5492 1
8515 9
5493 1
8516 5
5494 1
8517 6
8518 4
5496 3
8519 4
5497 5
5498 3
5499 2
3300 2
3301 8
3303 4
3304 5
3305 2
3306 2
3307 4
3308 2
3309 6
4171 2
4172 1
4173 1
5953 2
4174 1
4175 4
4176 6
4177 3
4178 3
5959 1
4179 2
8061 1
8067 1
4630 2
4631 1
4632 3
4633 1
4634 1
4635 3
4636 1
4637 3
4638 1
8520 7
8521 10
8522 8
8523 1
8524 10
8525 9
8526 6
8527 10
8528 6
8529 7
3310 5
3311 1
3312 5
3313 3
3314 5
3315 5
3316 3
3317 2
3318 3
3319 1
7205 2
4182 5
4183 2
4184 3
4185 1
4186 3
4187 2
5968 1
4188 3
4189 4
8071 1
8074 1
4640 1
4641 1
4642 1
4643 1
4644 2
4645 2
4646 1
4647 2
4648 2
4649 3
8530 9
8531 9
8532 6
8533 8
8534 9
8535 11
8536 5
8537 6
8538 10
8539 14
3320 1
3321 1
3322 3
3323 4
3324 2
3325 3
3326 2
3327 5
3328 2
3329 2
4190 1
7213 1
7214 1
4191 3
5972 2
4192 2
4193 2
4194 4
4196 1
5976 1
4197 2
5978 1
4198 5
4199 2
2000 9
2001 19
2002 9
2003 6
2004 10
2005 10
2006 7
2007 11
2008 10
2009 10
4651 4
4652 1
4653 2
4654 2
4655 1
4656 1
4658 4
8540 7
8541 6
8542 8
8543 11
8544 12
8545 6
8546 7
8547 4
8548 3
8549 6
3330 3
3331 4
3332 2
3333 1
3334 2
3335 2
3336 2
3337 4
3338 1
3339 1
5980 1
5983 1
7227 1
2010 7
2011 14
2012 6
2013 9
2014 6
8096 1
2015 16
2016 13
2017 6
2018 13
2019 10
4660 1
4661 2
4662 1
4663 1
4664 3
4665 3
4667 3
4669 2
8550 2
8551 5
8552 1
8553 5
8554 1
8556 4
8557 1
3340 2
3341 3
3342 4
3343 4
3344 3
3345 2
3346 5
3347 3
3348 2
3349 3
5991 1
5994 1
5995 1
2020 13
3800 2
2021 8
3801 3
3802 2
2022 13
3803 1
2023 11
3804 2
2024 16
3805 2
2025 15
3806 6
2026 7
3807 2
2027 10
3808 2
2028 8
3809 2
2029 11
4670 4
4671 2
4672 2
4673 2
4674 3
4675 1
4679 2
8562 2
8563 1
8564 1
3350 5
3351 2
3352 2
3353 1
3354 2
3355 3
3356 4
3357 2
3358 2
3359 4
7240 1
7245 1
3810 1
2030 10
3811 3
2031 5
3812 4
2032 16
3813 2
2033 16
2034 10
3814 4
3815 1
2035 5
3816 3
2036 10
2037 9
3818 4
2038 10
3819 1
2039 14
4680 1
4681 1
4682 2
4683 3
4684 4
4685 1
7709 1
4686 6
4688 1
4689 1
8571 1
3360 7
3361 1
3362 1
3363 3
3364 1
3366 4
3367 2
3368 4
3369 2
7251 1
7255 1
3820 3
2040 14
2041 17
3822 6
2042 16
3823 1
2043 7
3824 3
2044 9
3825 5
2045 9
3826 2
2046 9
3827 2
2047 17
3828 4
2048 11
3829 4
2049 7
7712 1
7713 1
4690 1
4691 3
7715 1
4692 2
4693 2
7717 1
4694 3
4695 1
4696 1
7719 4
4697 1
4698 3
2500 5
2501 7
2502 5
2503 4
2504 3
2505 4
2506 3
2507 3
2508 5
2509 3
3370 2
3371 3
3372 1
3374 4
3375 3
3377 5
3378 1
3379 1
3830 2
2050 8
3831 4
2051 10
3832 4
2052 10
3833 4
2053 11
3834 4
2054 11
3835 3
2055 5
3836 4
2056 9
3837 4
2057 14
3838 2
2058 12
3839 1
2059 12
7721 1
7724 1
7725 1
7728 1
2510 4
2511 5
2512 1
2513 4
2514 1
2515 5
2516 5
2517 6
2518 4
2519 5
3380 2
3381 2
3382 3
3383 6
3384 2
3385 3
3386 3
3387 2
3388 2
3389 3
7274 1
3840 5
2060 11
3841 4
2061 7
3842 5
2062 11
3843 2
2063 16
3844 3
2064 10
3845 4
2065 10
3846 2
2066 10
2067 6
3847 9
2068 9
3848 4
2069 4
3849 5
7732 1
2520 4
2521 1
2522 6
2523 3
2524 2
2525 8
2526 6
2527 6
2528 6
6404 1
2529 7
6406 1
6407 1
6408 1
3390 5
-310 1
3391 3
3392 1
3393 6
3396 1
3398 3
3399 1
7280 1
1200 102
1201 124
1202 118
-1 1
1203 117
-2 2
1204 104
-3 1
1205 109
1206 117
-5 1
1207 120
1208 112
-7 2
1209 107
-9 1
3850 1
2070 11
3851 1
2071 6
3852 3
2072 16
3853 1
2073 9
3854 3
2074 6
3855 1
2075 14
3856 1
2076 9
3857 3
2077 9
3858 2
2078 12
3859 2
2079 9
7740 2
7746 1
7749 3
2530 8
2531 6
2532 1
2533 3
2534 4
2535 4
6410 1
2536 6
6412 1
2537 5
2538 3
2539 3
6417 1
6418 1
-328 1
1210 95
1211 115
1212 105
1213 115
7295 1
1214 104
1215 108
1216 117
1217 101
1218 105
1219 104
2080 9
3860 2
3861 3
2081 10
3862 2
2082 10
3863 4
2083 18
3864 5
2084 11
3865 1
2085 10
3866 3
2086 9
3867 2
2087 8
3868 4
2088 9
3869 6
2089 10
7752 1
7754 1
7756 1
2540 3
2541 5
2542 3
2543 7
2544 6
2545 7
2546 6
300 1922
2547 3
2548 2
301 1966
302 1922
6424 1
2549 1
303 1879
304 1953
305 1880
306 1857
307 1945
308 1884
309 1800
1220 93
1221 105
1222 97
1223 115
1224 110
5100 1
1225 97
5101 1
1226 116
5102 1
1227 104
5103 4
1228 108
5104 1
1229 104
5105 2
5106 1
5107 4
5108 2
5109 1
3870 1
2090 7
3871 1
2091 4
3872 3
2092 12
3873 2
2093 16
3874 4
2094 15
3875 6
2095 8
3876 6
2096 13
3877 2
2097 13
2098 15
3879 4
2099 12
7760 1
2550 4
2551 7
2552 5
2553 1
2554 10
2555 2
2556 2
2557 1
310 1792
2558 1
311 1911
2559 6
312 1938
313 1832
314 1867
315 1852
316 1766
317 1801
318 1906
319 1881
-345 1
1230 93
1231 102
1232 115
1233 121
1234 87
5110 3
1235 106
5111 4
1236 115
5112 1
1237 108
5113 2
1238 92
5114 1
1239 93
5115 2
5116 2
5117 2
5118 3
5119 1
3880 4
3881 1
3882 3
3883 4
3884 1
3885 8
3886 3
3887 1
3888 3
3889 2
7775 1
7776 1
2560 4
2561 4
2562 5
2563 5
2564 2
2565 4
2566 3
6441 1
2567 1
320 1882
2568 3
321 1811
2569 2
322 1769
323 1823
324 1734
325 1859
6448 1
326 1750
327 1770
328 1800
329 1806
1240 95
1241 81
1242 96
1243 91
12 2
1244 98
13 1
5120 4
1245 96
5121 3
1246 88
14 2
15 1
5122 1
1247 86
5123 1
1248 89
16 5
5124 2
6904 1
17 3
1249 84
18 1
5125 1
5126 1
19 2
5127 3
5128 2
5129 2
3890 3
3891 1
3892 1
3893 1
3894 2
3895 4
3896 2
3897 1
3898 3
7781 1
1700 14
1701 22
1702 19
1703 15
1704 18
1705 17
7787 1
1706 19
1707 18
7789 1
1708 11
1709 19
2570 2
2571 3
2572 2
2573 8
2574 4
2575 3
2576 4
2577 2
330 1837
2578 2
331 1836
2579 1
332 1794
333 1791
334 1729
335 1717
336 1734
337 1745
338 1712
339 1760
1250 92
1251 89
20 2
1252 103
1253 107
21 4
22 7
1254 89
1255 96
23 2
5131 4
1256 90
24 8
25 2
5132 1
6912 1
1257 98
5133 2
1258 84
26 9
5134 2
1259 99
27 4
5135 3
28 17
5136 2
6916 1
29 11
5137 1
6918 1
5138 3
1710 16
1711 17
1712 15
7794 2
1713 14
1714 15
1715 21
1716 17
1717 10
1718 18
1719 28
2580 3
2581 3
2582 2
2583 4
2584 4
6460 1
2585 1
2586 5
340 1746
2587 4
341 1752
2588 6
342 1845
2589 4
343 1785
344 1752
345 1787
346 1730
347 1721
348 1779
349 1738
1260 101
1261 97
1262 90
30 14
1263 75
31 12
1264 91
32 16
5140 1
1265 88
33 14
6921 1
1266 85
34 9
1267 80
35 35
800 851
6923 1
5143 3
1268 78
36 28
801 929
5144 2
1269 82
37 53
802 909
5145 2
38 103
803 863
5146 2
6926 2
39 168
804 916
5147 1
805 873
806 893
807 842
808 845
809 817
1720 16
1721 13
1722 16
1723 23
1724 11
5600 2
1725 7
5601 3
1726 13
5602 1
1727 10
1728 14
5604 1
1729 14
5605 3
5606 1
5609 3
2590 4
2591 7
2592 3
2593 4
2594 3
2595 6
2596 2
350 1722
2597 3
2598 1
351 1705
2599 5
352 1678
353 1683
354 1689
355 1725
356 1706
357 1709
358 1705
359 1626
1270 81
1271 100
1272 96
40 290
1273 78
41 394
1274 82
42 640
5150 2
1275 73
43 1008
5151 4
1276 86
44 1338
5152 1
810 839
1277 87
45 1742
5153 3
811 871
1278 69
46 2263
5154 4
812 839
1279 74
47 2730
813 853
48 3266
5156 2
814 837
49 3808
815 837
5157 2
6938 1
816 825
817 837
5159 4
818 810
819 823
9046 1
1730 20
1731 18
1732 17
1733 16
1734 12
5610 1
1735 14
5611 3
1736 11
5612 1
1737 13
5613 3
1738 15
1739 16
5616 2
5617 2
5618 2
5619 1
360 1784
361 1757
362 1703
363 1739
364 1676
365 1601
366 1662
6489 1
367 1693
368 1699
369 1682
1280 79
1281 79
1282 88
50 4291
1283 80
51 4923
1284 78
52 5443
5160 1
1285 79
53 5983
5161 1
1286 87
54 6245
6942 1
5162 3
1287 89
55 6903
820 844
5163 1
1288 74
56 7314
821 786
5164 3
1289 70
57 7570
822 826
5165 1
58 7964
823 808
5166 3
59 8472
824 807
5167 2
825 774
5168 5
826 816
5169 3
827 838
828 777
829 745
1740 12
1741 13
1742 9
1743 18
1744 16
5620 1
1745 18
5621 1
1746 18
5622 1
1747 14
5623 1
1748 15
1749 13
370 1698
371 1602
6494 1
372 1685
373 1662
374 1639
375 1683
376 1624
377 1680
378 1671
379 1637
4300 4
4301 3
4302 3
4303 1
4304 5
4305 3
4306 2
4307 1
4308 1
4309 5
1290 72
1291 72
1292 78
60 8492
1293 86
61 8788
1294 66
62 8835
6950 1
1295 88
63 8700
5171 1
1296 84
64 8868
6952 1
1297 75
65 8915
830 788
1298 71
66 8676
831 783
5174 3
1299 56
67 8846
832 784
5175 3
68 8636
833 772
5176 2
69 8569
834 758
5177 2
835 769
5178 3
836 754
6959 1
837 706
838 758
839 699
1750 14
1751 17
1752 12
1753 12
1754 11
5630 2
1755 8
5631 3
1756 8
5632 1
1757 14
5633 1
1758 18
5634 2
1759 16
5635 3
5636 2
5638 1
5639 1
380 1651
381 1694
382 1606
383 1575
384 1617
385 1578
386 1610
387 1629
388 1613
389 1579
4310 4
4311 5
4312 3
4313 6
4314 2
4315 2
4316 4
4317 2
4318 4
4319 2
70 8593
71 8314
72 8324
5180 1
73 8408
5181 1
74 8217
6962 1
5182 3
75 8257
840 678
5183 6
76 8281
841 728
8207 1
5184 3
77 7978
842 720
5185 1
78 7990
843 719
6965 1
5186 3
79 7761
844 724
5187 1
845 697
6967 1
5188 2
846 717
5189 2
847 672
848 700
849 716
1760 9
1761 18
1762 15
1763 15
1764 17
1765 12
5641 2
1766 11
5642 2
1767 11
1768 15
5644 2
1769 14
5645 2
5647 1
5648 1
5649 2
390 1590
391 1697
392 1597
393 1590
394 1646
395 1613
396 1609
397 1584
398 1554
399 1625
4320 3
4321 3
4322 2
4323 2
4324 6
4325 1
4326 2
4327 1
4328 3
80 7994
81 7832
82 7584
5190 3
83 7418
5191 5
84 7424
6972 2
8215 1
850 704
5192 3
85 7373
851 726
6973 1
86 7165
5194 2
852 699
87 7223
5195 3
853 707
88 7174
5196 4
6976 1
854 676
89 6996
5197 1
855 705
5198 3
856 685
5199 2
857 663
858 656
859 697
3000 4
3001 3
3002 2
3003 1
3004 2
3005 2
3006 3
3007 2
3008 7
3009 5
1770 9
1771 16
1772 16
1773 15
1774 14
1775 14
1776 10
1777 8
5653 1
1778 12
5654 2
1779 6
5658 2
5659 1
4331 5
4332 1
4333 2
4334 3
4335 2
4336 2
4337 2
4338 2
90 7026
91 7047
92 6834
8223 1
93 6759
8224 1
94 6709
6982 2
95 6728
860 667
96 6447
861 635
8227 1
97 6511
862 648
98 6432
863 672
8229 1
99 6522
864 631
865 675
866 626
867 644
868 625
869 601
3010 2
3011 3
3012 2
3013 6
3014 2
3015 8
3016 6
3018 2
3019 3
1780 11
1781 14
1782 17
1783 9
1784 18
1785 10
5661 2
1786 13
5662 2
1787 6
5663 1
1788 11
5664 1
1789 14
5665 1
5666 2
5667 4
4340 2
4341 2
4342 2
4343 1
4344 3
4345 1
4346 3
4347 1
4348 2
4349 3
870 615
6993 1
871 576
8236 1
872 659
873 584
874 572
875 588
876 631
6999 1
877 620
878 584
879 628
3020 4
3021 1
4801 3
4802 1
3022 2
3023 8
4804 1
3024 2
3025 4
4805 2
3026 5
4807 1
3027 4
3028 3
3029 4
4809 4
1790 15
1791 9
1792 13
1793 11
1794 7
1795 15
1796 10
5672 1
1797 10
5673 1
1798 14
1799 18
5676 1
5677 1
4350 2
4351 2
4352 2
4353 1
4354 2
4355 7
4356 3
4357 2
4358 1
4359 5
8240 1
8244 1
880 582
881 554
8247 1
882 626
883 585
884 549
885 584
886 608
887 575
888 579
889 488
3030 4
3031 5
4811 3
3032 2
4813 2
3033 5
4814 1
3034 2
3035 4
4815 2
3036 1
4816 2
3037 5
4817 2
4818 1
3038 3
3039 2
5681 1
5684 1
5685 2
5686 3
5687 1
5688 2
5689 1
4360 1
4361 1
4362 1
4363 2
4364 5
4365 4
4366 1
4367 5
4368 4
4369 3
8250 1
8254 1
890 565
891 557
892 548
893 556
894 567
895 507
896 552
897 536
898 535
899 580
3040 4
4820 1
3041 2
4821 4
3042 1
4823 3
3043 1
4824 1
3044 3
3045 1
4825 1
3046 5
4827 2
3047 4
4828 3
3048 3
4829 1
3049 2
5692 1
5693 4
5694 1
5697 1
5699 1
3500 2
3501 3
3502 2
3503 3
3504 2
3505 2
3506 2
3508 2
4370 3
4371 2
4373 2
4376 2
4377 2
4378 3
4379 5
8263 2
8265 1
3050 5
3051 6
4832 1
3052 1
3053 2
4833 1
3054 1
4834 1
3055 3
4835 3
3056 1
4836 1
3057 4
4837 2
3058 8
4839 1
3059 6
3510 4
3511 6
3512 1
3513 1
3514 1
3515 4
3516 3
3517 3
3518 3
3519 5
4380 4
7404 1
4381 3
4382 4
4383 1
4384 2
4385 4
4386 1
7409 1
4387 6
4388 4
4389 3
8277 2
8279 1
4840 2
3060 2
4841 1
3061 1
3062 2
3063 2
3064 1
4844 2
4845 1
3065 2
4846 1
4847 3
3067 3
4848 1
3068 4
3069 2
3520 1
3521 2
3522 9
3523 4
3524 1
3526 2
3527 2
3528 4
3529 4
4390 1
4391 4
4392 1
4393 4
4394 1
4395 3
4396 2
7419 1
4397 3
4399 2
8280 1
2200 15
2201 7
2202 11
2203 4
8285 1
2204 5
2205 6
2206 3
2207 8
2208 6
2209 18
4850 1
3070 2
4851 1
3071 2
3072 3
4853 1
3073 1
3074 1
4855 1
3075 1
4856 4
3076 2
3077 4
4857 2
4858 3
3079 1
4859 2
3530 2
3531 2
3532 4
3533 2
3534 4
3536 5
3537 1
3538 3
3539 5
7425 1
7427 1
8290 1
2210 5
8292 1
2211 8
2212 8
2213 14
8295 1
2214 5
2215 6
2216 9
2217 9
2218 4
2219 16
4860 1
3080 5
4861 1
3081 6
4862 5
3082 2
4863 1
3083 2
4864 1
3084 3
4865 1
3085 1
4866 1
3086 4
3087 1
4867 1
3088 1
4868 1
3089 4
3540 3
3541 4
3542 3
3543 4
3544 2
3546 4
3547 5
3548 2
3549 2
7431 1
2220 6
2221 7
2222 11
2223 6
2224 8
2225 11
2226 8
2227 10
2228 8
2229 9
6105 1
6109 1
4870 1
3090 6
4871 4
3091 3
3092 2
4872 1
4873 1
3093 3
4874 1
3094 3
3095 2
4875 3
4876 1
3096 1
4877 2
3097 1
4878 2
3099 2
4879 4
3550 4
3551 2
3552 2
3553 5
3554 1
3555 4
3556 2
3557 1
3558 6
3559 1
2230 8
2231 5
2232 9
2233 15
2234 14
2235 8
2236 5
2237 5
2238 11
2239 4
4880 2
4883 1
4884 4
4885 3
4887 1
4889 3
3560 3
3561 2
3562 2
3563 2
3564 3
3565 3
3566 4
3567 6
3568 1
3569 1
2240 6
2241 7
2242 12
2243 12
2244 11
2245 10
2246 12
6122 1
2247 3
2248 6
2249 3
6125 2
6126 2
7910 1
4890 4
4891 3
4892 2
4893 1
4894 1
4895 2
4896 1
4897 1
4898 3
4899 4
2700 4
2701 3
2702 6
2703 5
2704 4
2705 7
2706 7
2707 6
2708 6
2709 3
3570 1
3571 3
3572 2
3573 3
3575 3
3576 3
3577 5
3578 7
3579 5
7469 1
2250 10
2251 12
2252 4
2253 3
2254 11
2255 3
2256 6
2257 5
2258 4
2259 12
6136 2
7921 1
7922 1
2710 1
2711 5
2712 5
2713 4
2714 7
2715 3
2716 9
2717 2
2718 3
2719 5
3580 4
3582 3
3583 2
3584 4
3585 4
3586 3
3587 2
3588 3
3589 1
7472 1
2260 5
2261 4
2262 9
2263 5
2264 9
2265 9
6141 1
2266 8
2267 8
6143 1
2268 11
2269 13
6146 1
6148 1
7937 1
2720 3
2721 5
2722 4
2723 5
2724 5
2725 3
2726 5
6602 1
2727 4
2728 6
2729 8
6605 1
3590 3
3591 5
3592 3
3593 4
3594 7
3595 4
3597 4
3598 3
3599 2
1400 52
1401 38
1402 58
1403 46
1404 44
1405 66
1406 61
1407 61
1408 30
1409 53
2270 3
2271 9
2272 8
2273 4
2274 3
2275 8
2276 5
6152 1
2277 7
6153 2
2278 6
2279 13
6155 1
6158 1
6159 1
2730 6
2731 5
2732 5
2733 4
2734 4
2735 3
2736 3
2737 5
2738 4
2739 8
1410 47
1411 38
1412 57
1413 36
1414 46
1415 47
1416 49
7498 1
1417 40
1418 37
1419 37
2280 9
2281 7
2282 11
2283 6
2284 5
2285 8
2286 7
6162 1
2287 8
6163 1
2288 7
2289 10
6166 1
7950 1
6169 1
7956 1
2740 3
2741 4
2742 1
2743 6
2744 1
2745 5
6621 1
2746 3
500 1505
2747 7
2748 4
501 1534
2749 1
502 1604
503 1556
504 1532
505 1574
506 1519
507 1575
508 1619
509 1593
1420 49
1421 54
1422 42
1423 45
1424 47
5300 1
1425 51
5301 2
1426 52
5302 2
1427 37
5303 2
1428 40
5304 4
1429 47
5305 3
5307 2
5308 1
5309 1
2290 9
2291 6
2292 6
2293 7
2294 6
6170 1
2295 5
6171 1
2296 5
2297 5
2298 5
6173 1
6174 1
2299 6
6179 2
7964 1
2750 3
2751 2
2752 3
2753 10
2754 3
2755 3
2756 6
2757 5
510 1569
6633 1
2758 4
511 1561
2759 3
512 1569
513 1579
514 1609
515 1516
6638 1
516 1527
517 1572
518 1576
519 1580
1430 42
1431 33
1432 53
1433 30
1434 49
5310 2
1435 49
1436 42
5312 5
1437 34
1438 47
5314 2
1439 37
5315 6
5316 1
5317 1
5318 1
5319 2
6185 1
6186 1
2760 5
2761 2
2762 2
2763 6
2764 1
2765 8
2766 4
2767 1
520 1599
2768 7
521 1547
2769 4
522 1614
6645 1
523 1607
524 1620
525 1574
526 1527
527 1604
528 1632
529 1583
1440 34
1441 42
1442 46
1443 38
1444 34
5320 3
1445 35
5321 2
1446 44
5322 4
1447 50
5323 1
1448 34
5324 2
1449 35
5325 4
5326 1
5327 1
5328 2
5329 2
6190 1
1900 8
1901 9
6199 1
7983 1
1902 10
7984 1
1903 13
1904 9
1905 10
4000 3
1906 17
4001 2
4002 1
1907 9
4003 1
1908 10
4004 2
1909 12
4005 4
4006 2
4007 1
4009 2
2770 5
2771 8
2772 3
2773 6
2774 9
2775 3
6651 1
2776 6
2777 4
530 1621
531 1598
2778 5
532 1592
2779 5
533 1593
6656 1
534 1594
535 1601
536 1573
537 1571
538 1587
539 1587
1450 38
1451 43
1452 50
1453 38
1454 43
5330 3
1455 30
5331 4
1456 36
5332 1
1457 43
1458 39
1459 34
5335 2
5337 1
5338 2
5339 4
1910 10
7992 1
1911 12
1912 9
7994 1
1913 11
7995 1
1914 10
1915 8
4010 2
7997 1
1916 7
4012 1
1917 13
4013 2
1918 10
7999 1
1919 9
4015 1
4016 3
4017 3
4018 1
4019 1
2780 1
2781 3
2782 1
2783 7
2784 2
2785 2
2786 5
540 1591
2787 5
2788 3
541 1579
542 1544
2789 6
543 1561
544 1561
545 1573
546 1560
547 1521
548 1536
549 1589
1460 32
1461 36
1462 28
1463 47
1464 45
5340 3
1465 42
5341 1
1466 33
5342 1
1467 36
5343 2
1468 40
5344 1
1469 44
5345 3
5346 1
5347 2
5348 6
5349 1
1920 9
1921 6
1922 9
1923 10
1924 12
4020 1
5800 2
1925 10
4021 1
1926 6
4022 1
1927 12
5803 3
1928 9
4024 2
1929 10
4025 2
4026 2
5806 2
5807 1
4027 2
4028 5
4029 3
2790 4
2791 2
2792 3
2793 5
2794 4
2795 4
2796 3
2797 3
550 1595
2798 4
551 1616
2799 3
552 1594
6675 1
553 1622
554 1530
555 1629
556 1566
557 1552
558 1542
559 1507
1470 32
1471 42
1472 38
1473 42
1474 38
5350 2
1475 44
5351 3
1476 50
5352 2
1477 29
5353 2
1478 32
1479 37
5355 2
5357 3
5358 2
5359 3
1930 7
1931 7
1932 6
1933 15
1934 10
4030 1
1935 5
4031 2
1936 6
1937 7
4033 3
1938 8
4034 2
1939 6
4035 2
5815 2
4037 1
4038 2
5818 1
5819 2
4039 6
560 1632
561 1631
562 1556
563 1624
564 1596
565 1591
566 1587
6689 1
567 1596
568 1595
569 1609
1480 33
1481 31
1482 39
1483 22
1484 36
5360 2
1485 23
5361 2
1486 55
5362 2
1487 36
1488 40
5364 4
1489 18
5365 4
5366 4
5367 1
5368 1
5369 1
1940 11
1941 15
1942 11
1943 9
1944 8
5820 2
4040 1
1945 10
4041 4
1946 11
4042 1
1947 17
1948 14
4044 1
1949 11
4045 2
5826 1
4046 4
5827 1
4048 1
4049 1
5829 1
570 1500
571 1554
572 1663
573 1555
574 1635
575 1586
576 1652
6699 1
577 1658
578 1629
579 1627
4500 3
4503 2
4504 3
4505 2
4506 2
4507 4
4508 3
4509 3
1490 40
1491 30
1492 28
1493 32
1494 32
5370 1
1495 38
5371 6
1496 22
5372 4
1497 35
5373 2
1498 31
5374 1
1499 31
5375 3
5376 3
5378 3
5379 2
1950 11
1951 6
1952 5
1953 5
1954 10
4050 2
1955 9
1956 8
5832 3
1957 5
4052 1
1958 9
4054 4
1959 14
4055 2
4056 1
5836 2
4057 1
5837 1
4058 4
5839 1
580 1641
581 1546
582 1560
583 1588
584 1572
585 1550
586 1658
587 1630
588 1519
589 1512
4510 3
4511 1
4512 2
4513 4
4515 4
4516 1
4517 4
4518 4
4519 2
5380 2
5381 4
5382 1
5383 2
5384 2
8408 1
5385 3
5386 1
5387 3
5388 1
5389 2
1960 6
1961 13
1962 17
1963 13
1964 4
4060 3
5840 1
1965 6
4061 1
1966 12
4062 3
1967 10
5843 1
4063 2
1968 11
1969 9
4065 1
4066 1
4067 3
5848 1
4068 2
4069 1
5849 1
590 1558
591 1665
592 1604
593 1516
594 1592
595 1576
596 1562
597 1527
598 1634
599 1588
4520 1
4521 1
4522 3
4523 1
4524 4
4525 3
4526 2
4527 3
4528 1
5391 2
5392 4
8416 1
5393 3
8417 1
5394 1
8418 1
5395 1
5396 2
5397 1
5398 3
5399 2
3200 3
3201 3
3202 3
3203 5
3204 4
3205 9
3206 3
3207 9
3208 3
3209 5
1970 6
1971 10
1972 8
1973 17
1974 8
1975 10
5850 4
1976 4
1977 16
4072 1
5853 1
4073 2
1978 10
4074 2
1979 7
5855 1
4075 4
4076 2
5857 1
4078 3
4079 1
4530 1
4531 3
4533 2
4534 1
4535 2
4536 4
4537 5
4538 1
4539 3
8420 1
8422 1
8423 1
8426 1
3210 6
3211 3
3212 4
3213 3
3214 2
3215 8
3216 7
3217 3
3218 3
3219 1
1980 7
1981 10
1982 8
1983 12
1984 15
4080 2
1985 14
1986 4
7104 1
4082 2
1987 5
5862 1
4083 2
7106 1
1988 9
4084 2
1989 8
4085 1
5865 2
5866 1
4086 2
4087 1
5869 1
4089 2
4542 2
4543 3
4544 2
4546 3
4547 3
4548 1
8431 1
8433 1
8434 1
8437 1
3220 5
3221 4
3222 5
3223 4
3224 4
3225 1
3226 10
3227 4
3228 5
3229 2
1990 8
1991 11
7110 1
1992 14
1993 5
7112 1
1994 9
5870 1
1995 14
4090 1
4091 3
5871 1
1996 11
1997 11
4093 2
1998 11
7117 1
1999 6
4094 3
5875 2
5876 3
4097 2
5877 1
4098 2
4550 2
4551 3
4552 1
4553 3
4554 3
4555 6
4557 2
4558 4
8440 1
8442 1
8443 1
8444 1
3230 5
3231 5
3232 6
3233 2
3234 3
3235 7
3236 6
3237 4
3238 4
3239 3
7123 2
5883 2
5889 1
4560 2
4561 2
4562 3
4563 1
4564 1
4565 2
4566 1
4567 1
4569 3
8450 1
8453 1
8455 1
8458 2
3240 11
3241 3
3242 7
3243 4
3244 4
3245 1
3246 5
3247 3
3248 4
3249 4
7133 1
5893 1
5894 1
5895 1
5898 1
3700 2
3701 5
3702 6
3703 6
3704 3
3705 1
3706 5
3707 5
3709 8
4570 1
4571 2
4572 1
4573 4
4574 4
4575 4
4576 4
4577 2
8461 1
8465 1
8467 3
8468 1
8469 2
3250 2
3251 4
3252 1
3254 4
3255 2
3256 1
3257 1
3258 2
3259 6
3710 6
3711 5
3712 2
3713 9
3714 3
3715 2
3716 3
3717 5
3718 4
3719 8
4580 3
4581 2
4583 2
4584 1
4585 1
4586 2
4587 3
4588 2
4589 3
8470 1
8471 1
8473 1
8475 1
8476 1
8477 1
8478 1
8479 1
3260 2
3261 1
3262 6
3263 1
3264 5
3265 3
3266 4
3267 7
3269 6
3720 5
3721 6
3722 2
3723 4
3724 4
3725 3
3726 5
3727 5
3728 5
3729 7
7610 1
7611 1
4591 3
4592 1
4593 5
4594 3
4596 3
4597 2
4598 3
4599 2
2400 6
8481 5
8482 1
2401 4
2402 3
2403 5
8485 1
2404 8
8486 2
2405 5
2406 1
8487 2
8488 3
2407 5
8489 1
2408 5
2409 3
3270 4
3271 4
3272 1
3273 3
3274 1
3275 4
3276 3
3277 4
3278 4
3279 1
3730 4
3731 3
3732 6
3733 5
3734 2
3735 1
3736 5
3737 3
-10 2
3738 5
-12 1
3739 7
-14 1
-16 1
-17 1
-18 1
8490 1
2410 7
8491 1
8492 3
2411 6
2412 2
8494 3
2413 4
8495 3
2415 3
8497 1
2416 3
8498 2
2417 4
8499 1
2418 4
2419 4
3280 5
3281 2
3282 4
3283 1
3284 3
3285 2
3286 4
3287 4
3288 5
3289 4
7175 1
3740 4
3741 4
3742 3
3743 3
3744 7
3745 5
3746 6
-20 1
3747 2
3748 6
3749 9
-25 1
-28 1
2420 5
2421 2
2422 5
2423 4
2424 6
2425 3
2426 3
2427 2
2428 6
2429 3
3290 5
3291 3
3292 2
3293 2
3294 1
3295 3
3296 1
3297 7
3298 1
3299 3
1100 179
1101 187
1102 174
1103 166
7185 1
1104 163
1105 170
1106 167
1107 175
1108 151
1109 184
3750 6
3751 2
3752 4
3753 3
3754 2
3755 4
3756 3
3757 2
-31 1
3758 4
3759 3
-38 1
-39 1
7644 1
2430 2
2431 9
2432 2
2433 3
2434 5
2435 2
2436 4
2437 8
2438 7
2439 6
6315 1
7190 1
1110 168
1111 142
1112 173
1113 157
1114 179
1115 161
7197 1
1116 174
1117 153
1118 155
1119 157
3760 2
3761 2
3762 5
3763 5
3764 3
3765 1
3766 4
-40 1
3767 10
3768 3
3769 7
-45 3
-49 2
7659 2
2440 4
2441 1
2442 4
2443 2
2444 4
2445 6
2446 4
2447 2
200 2622
2448 7
201 2575
2449 4
202 2600
203 2569
6326 1
204 2556
205 2631
6328 1
206 2554
207 2564
208 2512
209 2509
2900 1
1120 164
2901 5
1121 155
2902 4
1122 160
2903 4
1123 149
2904 2
1124 176
5000 1
2905 2
1125 167
2906 6
5001 2
1126 155
5002 3
2907 2
1127 159
2908 1
1128 149
2909 2
5004 1
1129 164
5005 2
5006 1
5007 1
5008 1
5009 1
3770 3
3771 1
3772 5
3773 3
3774 5
3775 1
3776 3
3777 3
3778 2
3779 2
7662 1
-58 1
7669 1
2450 4
2451 4
2452 7
2453 3
2454 5
2455 5
2456 2
6332 1
2457 5
210 2519
6333 1
2458 3
211 2466
2459 3
212 2514
213 2416
214 2400
215 2465
216 2509
6339 1
217 2416
218 2340
219 2412
2910 2
1130 159
2911 3
1131 158
2912 3
1132 136
2913 1
1133 160
2914 3
1134 140
1135 139
5011 1
2916 6
1136 150
2917 6
5012 3
1137 146
1138 148
1139 149
5015 1
5016 2
3780 2
3782 5
3783 5
3784 3
3785 5
3786 2
3788 4
3789 2
7670 1
2460 5
2461 1
2462 4
2463 5
2464 8
2465 2
2466 6
6342 1
2467 9
220 2410
2468 6
221 2326
222 2404
2469 7
223 2373
224 2409
225 2403
226 2281
6349 1
227 2355
228 2326
229 2248
2920 1
1140 138
1141 142
2921 5
2922 2
1142 156
2923 4
1143 159
2924 5
1144 174
2925 1
5020 1
1145 138
5021 2
1146 146
2926 4
2927 3
5022 1
1147 146
2928 5
5023 1
1148 147
5024 1
1149 122
2929 6
5027 2
5028 1
3790 6
3791 7
3792 3
3793 4
3795 5
3796 5
3797 4
3798 2
3799 2
-76 1
1600 17
1601 34
1602 28
1603 29
1604 33
1605 23
7687 1
1606 16
1607 11
7689 1
1608 20
1609 25
2470 4
2472 4
2473 3
2474 1
2475 4
2476 3
2477 3
230 2391
231 2227
2478 3
232 2231
2479 4
6355 2
233 2334
234 2345
235 2235
236 2234
237 2301
238 2300
239 2312
2930 2
1150 160
2931 5
1151 176
2932 3
1152 127
2933 3
1153 153
2934 2
1154 147
5030 2
2935 6
1155 123
5031 1
2936 3
1156 145
2937 2
5032 3
1157 115
1158 128
2939 1
5034 2
1159 126
5035 1
5036 4
5037 2
6819 1
-82 1
7691 2
1610 24
1611 23
1612 25
1613 23
7695 1
1614 22
7696 1
1615 21
1616 21
7698 1
1617 23
1618 20
1619 32
2480 4
2481 9
2482 3
2483 2
2484 4
2485 6
2486 5
2487 2
240 2288
2488 5
241 2260
2489 2
242 2196
243 2235
244 2216
245 2149
246 2170
247 2158
248 2244
249 2171
2940 7
1160 128
2941 5
1161 129
2942 4
1162 145
2943 7
1163 118
2944 4
1164 129
2945 5
1165 142
5041 2
2946 4
1166 130
5042 2
2947 5
1167 130
700 1302
5043 1
2948 4
1168 143
701 1312
2949 3
5044 4
1169 119
702 1209
5045 2
703 1336
704 1300
5047 1
705 1258
706 1220
5049 2
707 1273
708 1231
709 1278
-91 1
1620 18
1621 21
1622 27
1623 20
1624 18
5500 2
1625 15
5501 2
1626 16
5502 2
1627 21
1628 19
5504 2
1629 25
5506 2
5507 2
5508 1
5509 1
2490 1
2491 7
2492 6
2493 4
2494 4
2495 4
2496 6
2497 5
250 2129
2498 4
251 2171
2499 2
252 2111
253 2135
254 2171
255 2103
256 2097
257 2101
258 2087
259 2207
2950 4
1170 115
2951 3
1171 134
1172 131
2953 4
1173 116
2954 4
1174 109
2955 2
1175 121
5051 1
2956 3
1176 113
2957 6
5052 2
1177 127
710 1186
2958 3
1178 122
711 1223
5054 3
1179 141
712 1187
713 1250
5056 3
714 1239
5057 1
715 1216
716 1202
5059 2
717 1209
718 1212
719 1276
1630 17
1631 25
1632 28
1633 19
1634 23
5510 1
1635 19
1636 15
5512 1
1637 21
5513 1
1638 9
1639 20
5515 2
5516 1
5517 2
5518 1
5519 4
260 2106
261 2119
262 2118
263 2045
264 2010
6387 1
265 2063
266 1961
267 2141
268 2044
269 2046
2960 2
1180 147
2961 4
1181 125
2962 2
1182 115
2963 3
1183 134
2964 4
1184 118
2965 4
5060 4
1185 117
5061 2
1186 111
2966 2
5062 1
2967 3
1187 115
720 1273
2968 2
1188 115
721 1254
6843 1
2969 5
1189 98
722 1216
5065 2
723 1232
724 1194
5067 1
725 1198
6848 1
726 1208
5069 5
727 1167
728 1198
729 1223
1640 13
1641 15
1642 21
1643 21
1644 13
5520 6
1645 22
5521 1
1646 23
5522 3
1647 19
5523 3
1648 21
5524 4
1649 16
5525 4
5527 3
5528 2
5529 2
270 1982
271 2106
272 2077
273 2067
274 2007
275 2065
276 2049
277 1931
278 2070
279 2002
4200 2
4201 2
4202 1
4203 3
4204 1
4205 5
4207 4
4208 1
4209 5
2970 1
1190 112
2971 2
1191 124
2972 7
1192 130
2973 4
1193 95
2974 6
1194 100
5070 1
2975 1
1195 100
6851 1
2976 6
5071 3
1196 111
5072 1
730 1157
2977 7
1197 124
2978 2
731 1133
5073 1
1198 127
6854 1
2979 4
732 1128
1199 136
5075 1
733 1136
734 1145
5077 1
735 1173
736 1220
5078 1
5079 1
737 1148
738 1109
739 1127
1650 26
1651 15
1652 21
1653 14
1654 24
5530 5
1655 17
1656 21
5532 1
1657 18
5533 2
1658 22
5534 2
1659 10
5535 4
5536 1
5537 3
5538 1
5539 1
280 2026
281 1941
282 1974
283 1947
284 1967
285 1908
286 1879
287 2036
288 1998
289 1932
4210 2
4211 3
4213 7
4214 2
4215 3
4216 5
4217 5
4219 3
2980 2
2981 6
8100 1
2982 3
8101 1
2983 2
2984 3
2985 1
5080 2
6860 1
8103 1
5081 4
2986 6
8105 1
2987 4
740 1144
2988 2
5083 3
741 1195
2989 1
5084 4
742 1079
5085 1
743 1120
5086 1
744 1121
5087 2
745 1070
6868 1
746 1121
5089 4
747 1097
748 1087
749 1105
1660 15
1661 19
1662 24
1663 13
1664 18
5540 1
1665 21
1666 17
5542 3
1667 24
1668 25
5544 1
1669 12
5546 1
5547 1
5548 1
290 1928
291 1979
292 1946
293 1801
294 1927
295 1990
296 1959
297 1899
298 1911
299 1936
4220 4
4221 2
4222 2
4223 4
4224 3
4225 6
4226 1
4227 3
4228 4
4229 3
2990 5
2991 4
2992 2
2993 1
2994 2
2995 5
5090 3
5091 1
2996 5
2997 3
5092 5
750 1175
6873 1
2998 4
5093 2
751 1111
5094 2
2999 5
752 1050
5095 1
6875 1
753 1107
8118 1
8119 1
5096 2
754 1065
6877 1
5097 2
755 1049
5098 3
6878 2
756 1126
5099 2
757 1008
758 1122
759 1015
1670 17
1671 19
1672 14
1673 17
1674 20
5550 1
1675 18
5551 2
1676 13
5552 1
1677 12
5553 1
1678 13
5554 2
1679 18
5555 1
5556 2
5557 1
5558 1
5559 3
4230 3
4231 5
4232 3
4233 6
4234 3
4235 2
4236 3
4237 2
4238 2
4239 1
6880 1
760 1099
761 1019
6884 1
762 1016
763 1026
6886 1
764 1058
6887 1
765 1024
6888 1
766 1059
6889 1
767 1042
768 1016
769 1040
1680 19
1681 15
1682 20
1683 19
1684 11
5560 1
1685 23
5561 2
1686 20
1687 19
5563 4
1688 20
5564 3
1689 12
5567 4
5568 1
4240 2
4241 2
4242 3
4243 4
4244 1
4245 5
4246 2
4247 4
4249 2
6890 1
8133 1
6891 1
6892 1
770 1031
771 980
772 1040
773 950
6896 1
774 941
6897 2
775 969
6898 1
776 1011
777 966
778 1073
779 993
4700 2
4701 3
4702 1
4703 2
4704 1
4706 3
4707 4
4708 1
4709 3
1690 19
1691 17
1692 23
1693 21
1694 14
5570 1
1695 10
5571 1
1696 9
1697 12
5573 3
1698 19
1699 15
5575 1
5576 1
5577 1
5578 1
5579 2
4250 2
4251 2
4252 2
4253 3
4254 7
4255 2
4256 2
4257 2
4258 2
4259 1
780 974
781 968
782 933
783 947
784 946
785 943
786 941
787 909
788 953
789 981
4710 2
4711 2
4712 2
4713 3
4714 1
4715 3
4716 2
4717 3
4718 2
4719 4
5580 1
5582 2
5583 2
5584 1
5586 1
5587 3
5588 1
4260 3
4261 1
4262 3
4263 1
4264 4
4265 2
4266 3
4267 4
4268 3
4269 1
8155 1
790 880
791 993
792 929
793 963
8159 1
794 866
795 868
796 945
797 920
798 873
799 893
4720 5
4721 2
4722 1
4723 4
4724 3
4725 4
4726 4
4727 1
4728 3
4729 4
5591 2
5592 3
5593 1
5594 1
5595 1
5596 1
5598 2
5599 1
3400 1
3401 3
3402 2
3403 5
3404 1
3405 3
3406 1
3407 3
3408 1
3409 3
4270 2
4271 2
4272 3
4273 1
4274 2
4275 3
4276 1
4277 1
4278 4
4279 4
4730 2
4731 1
4732 3
4733 4
4734 2
4735 3
4736 3
4737 1
4739 2
3410 2
3411 4
3412 3
3413 2
3414 2
3415 5
3417 3
3419 3
4280 4
4281 2
4282 2
4283 4
4284 3
4285 1
4286 5
4287 2
4288 3
4289 1
8172 1
4741 2
4742 3
4743 2
4744 2
4745 2
4746 3
4747 1
4748 5
4749 5
3420 3
3421 5
3422 1
3423 1
3424 2
3425 4
3426 3
3427 3
3428 3
3429 3
4290 4
4291 1
4292 5
4293 3
4294 3
4295 4
4296 4
4297 4
4298 4
4299 2
2100 8
2101 10
2102 19
2103 13
2104 9
2105 6
2106 7
2107 5
2108 12
2109 14
4750 3
4751 2
4752 5
4753 2
4754 3
4755 1
4756 1
4757 1
4758 2
4759 1
3430 4
3431 4
3432 1
3433 3
3434 6
3435 3
3436 3
3437 2
3438 3
3439 2
7324 1
8191 1
2110 12
2111 12
2112 14
2113 11
2114 13
2115 16
2116 10
2117 12
2118 12
2119 17
4760 1
4761 2
4762 3
4763 1
4764 1
4765 2
4766 3
4767 3
4768 1
3440 2
3441 2
3442 1
3443 6
3444 2
3445 2
3447 2
3448 3
3449 2
2120 10
3901 1
2121 11
2122 12
3903 1
2123 8
3904 2
2124 13
6000 1
3905 2
2125 16
3906 2
2126 15
6002 1
3907 2
2127 14
3908 4
2128 8
3909 1
6004 1
2129 7
6005 1
6009 1
4770 2
4771 3
4773 1
4774 2
4777 1
4778 2
4779 4
3450 7
3451 3
3453 2
3454 3
3455 2
3456 4
3457 4
3458 5
3459 1
7345 1
7349 1
2130 8
3910 4
3911 3
2131 11
3912 1
2132 12
3913 1
2133 17
2134 7
3914 3
6010 1
3915 1
2135 6
3916 5
2136 12
3917 3
2137 13
3918 2
2138 15
3919 4
2139 15
6015 1
4780 2
4781 2
4782 1
4783 4
4784 1
4785 2
4786 2
4787 3
4789 1
3460 3
3461 1
3463 1
3464 1
3465 1
3466 5
3467 2
3468 2
3469 3
3920 1
2140 7
2141 14
3922 2
2142 15
2143 8
3923 1
2144 7
3924 1
3925 1
2145 12
3926 1
2146 11
3927 2
2147 7
3928 1
2148 16
2149 10
6027 2
6029 1
4790 1
7814 1
4791 3
7815 1
7816 1
4793 2
4794 1
7818 1
4795 3
4797 1
4798 1
4799 3
2600 4
2601 6
2602 8
2603 3
2604 8
2605 1
2606 4
2607 1
2608 3
2609 3
3470 2
3471 1
3473 3
3474 2
3475 2
3476 3
3477 3
3478 3
3479 3
7365 1
7368 1
3930 3
2150 8
3931 1
2151 11
3932 1
2152 9
3933 8
2153 8
3934 1
2154 8
3935 3
2155 7
6031 1
3936 1
2156 12
3937 5
2157 18
3938 1
2158 19
6034 1
2159 12
7821 1
7822 1
7826 1
7827 2
2610 6
2611 3
2612 4
2613 6
2615 4
2616 4
2617 1
2618 7
2619 6
3480 4
3481 3
3482 1
3483 2
3484 8
3485 4
3486 3
3487 3
3488 3
3489 2
3940 2
2160 14
3941 3
2161 10
2162 8
3943 2
2163 13
3944 1
2164 15
3945 3
2165 8
3946 2
2166 7
2167 9
3947 4
3948 4
2168 9
3949 2
2169 4
7832 1
7833 1
2620 4
