2621 2
2622 4
2623 1
2624 1
2625 1
2627 2
2628 1
2629 3
3490 2
3491 2
3492 1
3494 1
3495 1
1300 8
1301 18
1302 10
1303 10
1304 15
1305 13
1306 12
1307 15
1308 10
1309 11
3950 2
2170 3
2171 1
3951 1
2172 3
2173 2
3955 1
2175 3
2176 1
3957 1
2177 4
2178 4
3959 1
2179 1
2631 2
2632 1
2634 1
2635 2
2637 4
2638 2
2639 2
1310 15
1311 13
1312 15
1313 11
1314 18
1315 10
1316 9
1317 7
1318 11
1319 11
2180 3
2181 2
2182 5
2183 5
3965 2
2186 5
2189 2
3969 1
2640 1
2641 1
2643 2
2644 4
2645 1
2646 1
2647 1
400 2379
2648 2
401 2390
402 2402
403 2351
404 2355
405 2256
406 2333
407 2284
408 2295
409 2288
1320 12
1321 6
1322 10
1323 15
1324 11
1325 5
1326 6
1327 13
5203 1
1328 13
5204 1
1329 8
5207 1
5208 3
5209 1
2191 6
2192 3
3973 3
2193 2
2199 2
2651 1
2653 2
2655 1
2656 3
2657 1
410 2316
411 2290
2659 1
412 2175
413 2194
414 2226
415 2163
416 2137
417 2167
418 2177
419 2137
1330 15
1331 11
1332 12
1333 14
1334 9
5210 1
1335 18
5211 2
1336 9
1337 9
5213 2
1338 11
5214 1
1339 7
5215 2
5217 1
5218 2
5219 1
3982 1
3984 2
3987 1
2660 3
2661 1
2662 2
2663 2
2664 2
2665 3
2666 2
420 2173
2667 2
421 2078
2668 2
2669 1
422 2118
423 2133
424 2055
425 2114
426 2001
427 2059
428 2116
429 2024
1340 14
1341 10
1342 7
1343 9
1344 10
5220 1
1345 15
1346 17
5222 1
1347 8
5223 2
1348 13
5224 1
1349 9
5225 1
5226 5
5227 1
3997 1
3999 2
1800 4
1801 4
1802 5
1803 5
1804 5
1805 9
1806 2
1807 3
1808 5
1809 1
2670 1
2672 1
2673 1
2674 3
2675 1
2676 1
2677 1
430 2095
2678 1
431 2063
2679 1
432 2155
433 2053
434 2035
435 1954
436 2039
437 1888
438 1975
439 1909
1350 20
1351 12
1352 11
1353 21
1354 8
1355 10
1356 3
1357 10
1358 7
5234 1
1359 14
5235 1
5237 1
5238 2
5239 1
1810 5
1811 3
1812 2
1813 8
1814 3
1815 5
1816 7
1817 4
1818 4
1819 4
2680 2
2681 1
2682 2
2683 1
2685 1
2686 2
2687 3
440 1851
2688 1
441 1868
2689 1
442 1868
443 1859
444 1870
445 1852
446 1767
447 1767
448 1744
449 1793
1360 3
1361 10
1362 2
1363 4
1364 8
1365 11
5241 1
1366 16
5242 3
1367 5
900 58
1368 19
901 47
1369 9
902 43
5245 3
903 42
5246 1
904 36
5247 1
905 52
5248 1
906 50
5249 1
907 46
908 52
909 37
1820 3
1821 2
1822 3
1823 2
1824 5
1825 1
1826 1
1827 2
1828 3
1829 2
2691 2
2692 1
2693 1
2695 1
2696 1
450 1835
2697 2
451 1768
2698 2
452 1714
2699 2
453 1752
454 1780
455 1647
456 1667
457 1687
458 1679
459 1635
1370 10
1371 14
1372 16
1373 13
1374 9
1375 8
5251 2
1376 15
5252 2
1377 12
910 40
1378 15
911 43
5254 1
1379 7
912 48
913 54
914 64
5257 1
915 61
5258 1
916 43
5259 1
917 40
918 47
919 48
1830 1
1831 2
1832 4
1833 5
1835 3
1836 5
1837 4
1838 3
1839 4
460 1711
461 1638
462 1602
463 1742
464 1582
465 1581
466 1612
467 1586
468 1547
469 1542
1380 10
1381 10
1382 6
1383 7
1384 9
5260 1
1385 17
5261 1
1386 13
920 45
5262 1
1387 8
921 50
5263 1
1388 6
922 47
1389 17
923 43
5265 3
5266 1
924 45
925 39
5267 4
926 36
927 41
928 45
929 53
1840 1
1841 8
1842 7
1843 4
1844 2
1845 1
1846 7
1847 6
1848 2
1849 10
470 1535
471 1589
472 1481
473 1469
474 1482
475 1442
476 1430
477 1473
478 1410
479 1410
4400 1
4401 1
4407 1
4408 1
1390 14
1391 5
1392 19
1393 17
1394 8
5270 2
1395 8
1396 10
930 41
5272 3
1397 10
931 39
1398 16
5274 1
932 43
1399 10
933 49
934 45
5276 1
5277 1
935 40
5278 1
936 40
937 50
5279 2
938 49
939 39
1850 7
1851 5
1852 3
1853 4
1854 1
1855 2
5732 1
1857 5
1858 1
1859 4
480 1365
481 1443
482 1436
483 1382
484 1348
485 1298
486 1295
487 1351
488 1314
489 1302
4412 1
4416 2
4418 1
5280 1
5281 1
5282 1
940 48
941 28
942 43
5285 1
943 37
5286 2
944 40
5287 1
945 44
946 48
5289 1
947 37
948 45
949 52
1860 2
1861 5
1862 4
1863 4
1864 5
5740 1
1865 5
1866 1
5741 1
1867 3
1869 5
490 1263
491 1279
492 1277
493 1262
494 1217
495 1156
496 1206
497 1164
498 1207
499 1225
4424 1
4425 1
4428 1
5290 1
5291 1
5292 1
950 46
5293 4
951 27
5294 1
952 40
5295 1
953 45
5296 5
954 30
5297 1
955 26
5298 1
956 41
957 41
958 40
959 44
3101 1
3102 1
3103 1
3104 3
3105 1
3106 2
1870 5
1871 3
1872 7
1873 2
1874 4
1875 4
1876 6
1877 7
1878 5
1879 2
4430 2
4431 1
4432 1
4435 1
4436 1
960 36
961 38
962 40
963 53
964 23
965 38
966 39
967 30
968 41
969 37
3114 1
3115 1
3118 2
3119 1
1880 3
1881 4
1883 5
1884 4
1885 4
1886 4
1887 2
1888 2
5764 1
1889 5
4440 1
4441 1
4442 2
4445 1
970 33
971 37
972 37
973 26
974 31
975 45
976 44
977 44
978 35
979 38
3120 1
4901 1
3121 1
4902 1
3122 1
4903 1
4904 1
3125 1
4905 1
3126 1
3128 1
4908 1
4909 1
3129 1
1890 5
1891 4
1892 3
1893 4
1894 4
1895 1
1896 4
1897 2
1898 3
1899 4
4453 1
4454 1
980 37
981 30
982 37
983 40
984 45
985 39
986 32
987 31
988 33
989 36
3130 1
3131 1
3132 1
3134 2
3135 1
4916 1
3138 1
4919 1
3139 1
4461 1
4465 1
4466 1
990 30
991 36
992 28
993 32
994 31
995 31
996 31
997 33
998 30
999 24
4920 1
3141 2
4921 3
3142 1
3143 2
4923 1
3144 1
4928 1
3149 1
4929 3
3601 1
3604 1
3607 1
3608 1
4470 1
4475 1
4930 1
3151 1
3154 1
4937 1
3157 1
4938 1
4939 1
3159 1
3610 1
3612 1
3614 1
3615 1
4480 1
4482 1
4483 3
4484 1
4485 2
4486 1
4488 1
3160 1
4941 2
4944 2
3164 2
4945 2
3168 1
3621 2
3623 1
3624 1
3625 1
3627 1
4493 1
4495 1
4496 1
2300 1
2301 2
2302 2
2303 3
2304 2
2305 1
2306 1
2307 2
2308 1
2309 2
3170 2
3171 2
4952 1
3172 1
3173 1
4953 1
4954 2
3175 1
4955 1
4957 1
3178 1
4958 1
4959 1
3632 1
3633 1
3634 1
3635 1
2310 3
2311 2
2312 3
2313 4
2314 1
2315 1
2319 1
4961 1
3181 1
4963 2
4964 3
4966 2
4968 1
3189 1
4969 1
3640 1
3641 1
3644 2
3647 3
3648 1
2320 1
2321 1
2322 1
2324 3
2326 3
2327 2
2329 1
4970 1
3190 3
4971 2
3191 1
4972 2
4973 1
4974 1
3195 1
3196 1
4977 1
4978 2
3652 2
3653 3
3657 3
3658 2
2330 1
2331 4
2332 4
2333 1
2335 4
2336 2
2338 2
2339 4
4984 1
1000 23
4987 1
1001 34
4988 1
1002 28
4989 1
1003 28
1004 35
1005 21
1006 31
1007 46
1008 37
1009 25
3661 2
3662 1
3663 2
3666 1
3667 1
3668 1
3669 1
2340 1
2341 2
2342 3
2343 2
2344 1
2345 2
2346 1
100 2964
2347 1
101 3087
102 2988
103 3195
104 3190
105 3279
106 3269
107 3318
4990 3
108 3260
109 3200
4995 2
1010 36
1011 28
1012 29
1013 28
1014 29
1015 31
1016 46
2800 3
1017 34
2801 1
1018 27
2802 1
1019 26
2805 2
2808 4
2809 1
3671 1
3673 1
3675 1
3677 1
3678 1
2350 4
2352 1
2354 2
2355 2
2356 1
110 3352
2357 2
111 3300
2358 2
112 3301
2359 3
113 3352
114 3461
115 3476
116 3381
117 3483
118 3449
119 3497
1020 28
1021 26
1022 21
1023 33
1024 35
1025 24
1026 28
2810 1
1027 24
1028 30
1029 23
2812 4
2814 3
2815 2
2817 2
2818 1
3682 1
3685 1
3686 1
3687 1
3688 1
2360 2
2363 1
2364 5
2365 1
2366 1
2367 1
120 3502
2368 3
121 3413
122 3571
123 3553
124 3588
125 3614
126 3590
127 3578
128 3608
129 3528
1030 24
1031 24
1032 32
1033 21
1034 31
1035 25
1036 13
2820 2
1037 31
2821 1
1038 25
2822 2
1039 18
2823 1
2825 1
2826 2
2828 1
3696 1
1500 6
1501 8
1502 6
1503 10
1504 2
1505 6
1506 9
1507 2
1508 4
1509 9
2370 1
2371 2
2372 1
2373 3
2375 1
2376 1
2377 3
130 3536
2378 2
131 3549
2379 3
132 3622
133 3550
134 3715
135 3609
136 3665
137 3689
138 3629
139 3650
1040 25
1041 30
1042 31
1043 25
1044 32
1045 21
1046 19
1047 15
1048 32
2832 1
1049 20
2833 3
2836 1
2838 3
2839 5
1510 7
1511 4
1512 9
1513 15
1514 6
1515 8
1516 4
1517 9
1518 4
1519 9
2380 2
2382 3
2383 3
2384 3
2385 2
2386 3
140 3685
2387 4
141 3535
142 3573
2389 3
143 3698
144 3589
145 3502
146 3602
147 3555
148 3605
149 3536
1050 26
1051 23
1052 31
1053 30
1054 22
1055 35
1056 24
2840 1
1057 23
2841 2
1058 20
2842 5
1059 36
2846 2
600 480
2848 1
601 488
602 502
603 465
604 429
605 419
606 401
607 414
608 449
609 435
1520 7
1521 11
1522 5
1523 8
1524 4
5400 1
1525 10
1526 8
1527 5
1528 4
1529 2
5406 1
2390 2
2391 2
2392 2
2394 2
2395 1
2396 5
150 3549
2397 2
151 3510
2398 2
152 3583
2399 2
153 3534
154 3574
155 3501
156 3486
157 3631
158 3500
159 3474
1060 21
1061 29
1062 34
1063 26
1064 29
1065 25
1066 22
1067 20
1068 33
2851 1
1069 29
2852 2
2853 2
2854 2
2855 1
2856 3
2857 1
610 425
611 437
612 417
2859 2
613 415
614 386
615 352
616 383
617 387
618 406
619 372
1530 3
1531 4
1532 12
1533 7
1534 3
5410 1
1535 8
5411 1
1536 5
1537 5
1538 5
1539 7
5415 1
160 3430
161 3398
162 3362
163 3452
164 3459
165 3360
166 3454
167 3355
168 3234
169 3410
1070 37
1071 20
1072 21
1073 27
1074 28
1075 30
1076 21
1077 22
2861 1
1078 29
2862 1
1079 29
2864 1
620 401
2867 1
2868 1
621 402
622 408
2869 1
623 372
624 381
625 379
626 346
627 331
628 367
629 354
1540 4
1541 6
1542 9
1543 5
1544 4
5420 2
1545 9
5421 1
1546 7
1547 8
1548 9
1549 3
5427 1
5428 1
5429 1
170 3385
171 3421
172 3195
173 3238
174 3336
175 3291
176 3272
177 3202
178 3178
179 3138
4100 1
4102 1
4103 1
1080 25
4104 1
1081 19
1082 25
1083 18
1084 17
1085 26
4109 1
1086 21
2870 1
1087 20
2871 1
1088 28
2872 1
1089 31
2873 2
2877 1
630 341
631 376
2879 1
632 356
633 289
634 344
635 345
636 316
637 335
638 323
639 320
1550 8
1551 7
1552 7
1553 8
1554 7
1555 7
1556 8
1557 6
1558 8
1559 7
5438 2
5439 1
180 3255
181 3201
182 3138
183 3125
184 3248
185 3190
186 3114
187 3090
188 3189
189 3071
1090 20
4113 1
1091 27
1092 15
1093 31
1094 23
1095 27
1096 20
1097 15
2881 1
1098 20
2882 1
1099 18
2885 2
640 338
2888 1
641 325
642 320
643 295
644 286
645 310
646 304
647 306
648 286
649 311
1560 5
1561 5
1562 7
1563 5
1564 4
5440 1
1565 7
1566 6
1567 5
5443 1
1568 8
1569 3
5446 1
5448 1
190 3000
191 3128
192 3091
193 3150
194 3079
195 3016
196 2994
197 2906
198 3027
199 2962
4125 2
4126 1
2890 1
2891 3
2892 1
2893 3
2894 2
2895 1
2897 1
650 292
651 282
2898 3
652 316
653 268
654 295
655 259
656 261
657 291
658 293
659 263
1570 5
1571 9
1572 8
1573 5
1574 2
1575 4
1576 6
1577 4
5453 1
1578 5
1579 3
5458 1
4130 1
4138 1
660 238
661 263
662 246
663 263
664 247
665 253
666 239
667 264
668 239
669 238
1580 3
1581 5
1582 8
1583 6
1584 2
1585 5
5461 1
1586 7
1587 8
1588 6
1589 8
5467 2
4140 2
4146 1
670 265
671 240
672 256
673 242
674 221
675 213
676 242
677 245
678 223
679 217
4606 1
4608 1
4609 1
1590 7
1591 9
1592 7
1593 3
1594 4
5470 1
1595 9
1596 7
1597 5
1598 4
1599 9
4150 1
4151 1
4152 1
4153 1
680 210
681 232
682 215
683 209
684 242
685 208
686 227
687 211
688 203
689 206
4616 1
4618 1
4619 1
5486 1
4160 2
4162 1
4164 1
4167 1
690 218
691 183
692 203
693 221
694 188
695 212
696 215
697 224
698 225
699 164
4620 1
4622 1
4623 1
4624 1
4626 1
3300 1
3301 1
3303 1
3304 1
3306 2
3308 1
4171 1
4173 1
4175 1
4633 1
4637 1
4638 1
3311 3
3314 2
3318 1
4180 1
4181 1
4182 1
4184 1
4641 1
4642 2
4646 1
4647 1
4648 2
4649 1
3323 1
3324 1
3326 1
3327 1
3329 1
4196 2
4198 1
2000 2
2001 1
2002 2
2004 2
2005 1
2006 2
2008 2
2009 2
4651 1
4653 1
4657 2
4658 1
4659 1
3332 1
3338 1
3339 1
2010 2
2011 4
2012 4
2013 3
2014 2
2015 3
2016 3
2017 2
2018 8
2019 1
4664 2
4666 2
4668 1
3341 1
3342 1
3347 1
3800 1
2020 2
2022 3
3802 2
3803 1
2023 3
2025 1
2026 2
2027 3
3807 1
2028 2
3809 1
2029 3
4670 1
4672 1
3351 1
3352 1
3353 1
3355 1
3357 1
3358 1
3359 1
2030 2
3811 1
2031 3
2032 4
3813 2
2033 1
2034 2
3814 1
3815 1
2035 4
3816 1
2036 1
3817 1
2037 3
3818 1
2039 4
4681 1
4685 1
4687 2
3361 1
3820 1
2040 2
3821 2
2041 1
2042 3
3823 1
2043 3
2044 4
2045 1
2046 3
2047 2
3827 1
3828 2
2048 3
2049 1
4690 2
4693 1
4695 1
2501 1
2502 1
2504 1
2506 3
2507 1
2508 2
2509 1
3372 1
3374 1
2050 4
2051 1
2052 4
3833 2
2053 1
2054 1
3835 1
2055 3
3836 1
2056 5
3837 1
2057 2
3838 2
2058 1
3839 1
2059 1
2510 2
2512 4
2513 1
2516 1
2517 4
2518 1
2519 2
3380 1
3386 1
3387 1
3840 2
2060 1
2061 1
2062 3
3843 1
2063 4
2064 1
3844 1
3845 1
2065 3
2067 2
2068 1
3849 1
2069 1
2520 1
2523 1
2524 1
2526 1
2527 3
2528 2
2529 1
3390 2
3392 1
3397 1
3398 1
1200 14
1201 20
1202 20
1203 15
1204 17
1205 18
1206 18
-4 1
1207 23
1208 14
1209 13
3850 1
2070 2
2071 2
3851 2
3852 3
2072 4
2073 4
3854 2
2074 3
2075 2
2076 4
3856 1
2077 3
3857 2
2078 1
3859 1
2079 2
2531 3
2532 1
2534 3
2535 1
2536 2
2537 2
2539 2
1210 11
1211 16
1212 15
1213 8
1214 13
1215 14
1216 14
1217 14
1218 20
1219 16
2080 2
3861 1
2081 4
2082 3
2083 3
3864 1
2085 1
2086 1
2087 2
2088 3
2089 3
2541 2
2542 1
2543 3
2544 1
2545 1
300 2606
2547 1
301 2645
2548 1
302 2860
303 2688
304 2607
305 2687
306 2760
307 2715
308 2644
309 2793
1220 14
1221 15
1222 16
1223 16
1224 15
5100 3
1225 20
1226 10
1227 14
1228 15
5104 2
1229 13
5106 2
5107 2
5108 1
5109 2
2090 3
2091 2
3871 1
2093 2
2094 2
3875 1
2095 2
2096 5
2097 1
2098 2
2099 2
2551 1
2552 1
2554 3
2556 3
310 2753
2557 3
311 2764
312 2816
2559 3
313 2656
314 2757
315 2776
316 2687
317 2738
318 2694
319 2764
1230 16
1231 12
1232 13
1233 18
1234 16
5110 2
1235 14
5111 1
1236 13
5112 1
1237 22
5113 1
1238 13
5114 1
1239 16
5115 1
5116 2
5118 1
3886 3
3887 1
3888 2
2562 2
2563 1
2564 1
2566 2
320 2728
2568 2
321 2734
2569 1
322 2723
323 2669
324 2764
325 2671
326 2715
327 2843
328 2832
329 2782
1240 16
1241 17
1242 20
1243 18
1244 14
5120 3
1245 13
5121 1
1246 7
5122 1
1247 13
1248 15
5124 1
1249 16
18 1
5126 1
5127 1
5129 1
3896 1
1700 9
1701 3
1702 6
1703 6
1704 3
1705 6
1706 1
1707 3
1708 8
1709 6
2572 1
2573 2
2574 1
2575 4
2576 1
330 2678
331 2684
2579 1
332 2711
333 2720
334 2706
335 2732
336 2674
337 2662
338 2726
339 2699
1250 8
1251 10
1252 10
1253 13
1254 9
5130 2
1255 18
5131 1
1256 15
5132 3
1257 11
5133 1
1258 19
5134 1
1259 16
5135 2
5137 2
1710 7
1711 3
1712 5
1713 2
1714 4
1715 5
1716 4
1717 6
1718 3
1719 4
2580 1
2581 3
2582 3
2583 1
2584 2
2586 1
340 2745
341 2727
2589 1
342 2627
343 2706
344 2583
345 2728
346 2703
347 2767
348 2661
349 2616
1260 18
1261 13
30 1
1262 10
1263 10
1264 17
33 1
1265 13
5141 1
1266 19
5142 1
1267 17
800 112
1268 3
36 2
801 82
1269 17
37 2
802 100
5145 3
38 3
803 95
5146 2
804 75
5147 1
805 85
5148 2
806 104
807 68
5149 2
808 83
809 84
1720 3
1721 5
1722 5
1723 6
1724 4
1725 3
1726 4
1727 3
1728 5
1729 1
2591 1
2592 1
2593 2
2595 1
2596 1
350 2811
351 2715
2599 2
352 2631
353 2649
354 2579
355 2651
356 2725
357 2639
358 2663
359 2665
1270 7
1271 11
1272 13
40 4
1273 18
41 1
1274 11
42 17
5150 1
1275 18
43 18
1276 12
44 27
810 88
1277 13
45 60
811 77
5153 4
1278 11
46 81
5154 1
812 73
1279 9
47 143
813 70
5155 2
48 223
814 89
5156 2
49 335
815 76
816 73
817 87
5159 1
818 91
819 80
1730 5
1731 3
1732 3
1733 5
1734 1
1735 2
1736 5
1737 3
1738 5
1739 3
360 2675
361 2587
362 2598
363 2704
364 2659
365 2727
366 2738
367 2685
368 2717
369 2509
1280 9
1281 11
1282 16
50 435
1283 12
51 572
1284 12
52 702
5160 1
1285 15
53 886
5161 3
1286 19
54 1018
5162 2
1287 14
55 1200
820 77
5163 2
1288 12
56 1342
821 105
5164 3
1289 7
57 1436
822 61
5165 2
58 1613
823 81
59 1726
824 67
825 65
826 78
5169 2
827 86
828 86
829 71
1740 3
1741 4
1742 2
1743 3
1744 4
1745 3
1746 6
1747 1
1748 6
1749 9
5625 1
370 2589
371 2534
372 2671
373 2547
374 2542
375 2586
376 2470
377 2616
378 2577
379 2534
4300 1
4306 1
1290 14
1291 7
1292 10
60 1860
1293 10
61 2031
1294 12
62 2131
5170 4
1295 15
63 2103
5171 2
1296 18
64 2356
1297 11
65 2355
830 72
5173 1
1298 9
66 2358
831 73
5174 1
1299 16
67 2449
832 71
68 2374
833 83
5176 1
69 2427
834 78
5177 1
835 77
836 76
5179 2
837 80
838 77
839 63
1750 1
1751 3
1752 3
1753 2
1754 6
1755 3
5631 1
1756 9
1757 5
1758 3
1759 2
380 2577
381 2487
382 2501
383 2465
384 2490
385 2575
386 2496
387 2470
388 2469
389 2469
4311 1
4315 2
4316 1
70 2398
71 2368
72 2312
5180 3
73 2437
5181 3
74 2357
5182 2
75 2374
840 87
5183 1
76 2440
841 79
5184 1
77 2341
842 67
78 2291
843 82
5186 2
79 2410
844 61
845 86
846 66
5189 1
847 69
848 68
849 74
1760 4
1761 5
1762 5
1763 5
1764 4
1765 4
1766 3
1767 3
1768 7
1769 2
390 2418
391 2430
392 2389
393 2473
394 2425
395 2413
396 2405
397 2397
398 2401
399 2368
4320 1
4321 1
4322 1
4323 3
80 2354
81 2366
82 2491
5190 2
83 2493
84 2536
5192 1
850 63
85 2533
851 71
5193 2
86 2499
852 63
87 2529
853 51
5195 2
88 2589
854 64
5196 1
89 2622
855 61
856 56
857 45
858 71
859 64
3000 3
3001 1
3002 1
3006 2
3008 2
3009 1
1770 4
1771 2
1772 7
1773 6
1774 2
1775 4
1776 2
1777 2
1778 7
1779 7
4334 1
4337 1
90 2627
91 2689
92 2659
93 2713
94 2870
95 2870
860 72
96 2872
861 62
97 2850
862 69
98 2991
863 65
99 2983
864 61
865 52
866 47
867 66
868 47
869 55
3011 1
3012 1
3015 1
3016 2
3017 1
3019 1
1780 4
1781 9
1782 7
1783 3
1784 1
1785 2
1786 3
1787 5
1788 2
1789 4
5666 1
4340 1
4346 2
4349 1
870 48
871 70
872 49
873 55
874 57
875 55
876 46
877 69
878 61
879 52
3020 1
4800 1
4801 2
4802 1
3023 2
4803 1
3024 2
4806 2
3027 1
4808 1
4809 1
3029 1
1790 2
1791 5
1792 2
1793 6
1794 5
1795 6
1796 4
1797 2
1798 2
1799 2
5679 1
4352 2
4356 1
4358 1
880 59
881 63
882 64
883 45
884 48
885 61
886 33
887 53
888 40
889 55
3030 1
3031 1
3032 1
4813 1
4816 1
3036 1
3037 1
3038 1
3039 1
5680 1
4361 1
4365 1
4366 1
4369 1
890 57
891 51
892 46
893 46
894 58
895 52
896 38
897 66
898 50
899 48
3040 1
4822 2
3042 2
4824 1
4825 1
3046 2
3047 1
3501 1
3503 1
3504 1
3507 1
3509 1
4370 2
4376 1
4830 1
3050 2
4831 1
3051 2
3052 2
3054 1
4836 1
4837 1
3057 3
3058 3
3511 4
3513 1
3516 1
4382 2
4383 1
4384 1
4386 1
4389 2
3061 1
3062 2
4842 1
4844 1
3065 1
4847 3
4849 1
3069 3
3521 1
3522 1
3525 1
3529 2
4395 1
4396 1
2200 1
2201 3
2202 2
2203 3
2204 1
2206 2
2207 2
2208 1
4850 3
3070 2
3073 1
4853 1
3074 1
3075 1
3076 1
4858 1
4859 1
3079 1
3533 1
3535 1
3538 2
2210 3
2211 2
2212 2
2213 1
2214 1
2215 2
2216 1
2217 2
2218 1
2219 3
3081 1
3084 1
4865 1
4866 1
4867 1
4868 2
4869 2
3089 2
3540 2
3542 1
3543 1
3545 2
3547 3
3548 2
2220 2
2221 1
2222 1
2223 2
2224 2
2226 1
2227 2
2228 3
2229 2
3091 1
4872 1
3092 2
3093 1
3094 1
4875 1
4877 1
3097 1
3098 1
3099 1
3550 2
3551 1
3554 1
3559 1
2230 4
2231 1
2232 1
2233 2
2234 2
2235 1
2236 1
2237 2
2239 1
4880 1
4882 1
4884 2
4885 1
4886 1
4889 2
3561 1
3562 1
3564 1
3565 2
3566 1
3567 1
3569 1
2240 4
2241 4
2243 1
2244 1
2245 1
2247 3
2248 1
4894 1
4895 1
4896 2
4899 2
2700 1
2701 3
2702 1
2703 1
2704 2
2705 1
2706 1
2708 3
3570 1
3575 5
3576 1
3577 1
2250 1
2251 2
2252 2
2253 1
2255 2
2256 1
2257 2
2258 3
2259 3
2710 1
2711 3
2713 1
2714 2
2715 2
2716 2
2718 2
2719 2
3581 1
3582 1
3584 1
3585 2
3587 1
3589 1
2260 3
2261 3
2262 2
2263 2
2265 4
2266 4
2267 2
2268 1
2269 2
2720 2
2722 3
2723 1
2724 2
2725 1
2726 1
2727 2
2728 2
2729 1
3591 1
3594 1
3596 1
3599 1
1400 13
1401 8
1402 10
1403 9
1404 13
1405 11
1406 8
1407 10
1408 11
1409 8
2271 2
2272 2
2274 4
2275 3
2276 1
2277 3
2278 1
2279 2
2730 1
2731 3
2732 3
2734 1
2737 2
2738 1
1410 6
1411 11
1412 8
1413 6
1414 6
1415 8
1416 12
1417 9
1418 10
1419 9
2280 1
2281 2
2283 2
2284 3
2285 2
2286 1
2287 3
2288 1
2289 1
2740 3
2741 1
2743 2
2744 1
2745 1
500 1184
2747 2
501 1175
2749 1
502 1169
503 1197
504 1168
505 1125
506 1139
507 1147
508 1046
509 1114
1420 10
1421 9
1422 15
1423 11
1424 9
1425 11
5301 2
1426 1
5302 1
1427 10
1428 7
1429 14
5309 2
2290 1
2291 2
2292 1
2296 4
2297 2
2298 2
2299 2
2751 1
2752 1
2753 1
2754 1
2756 1
2757 2
510 1117
2758 1
511 1060
2759 1
512 1051
513 1051
514 1112
515 1065
516 950
517 1030
518 953
519 979
1430 13
1431 8
1432 9
1433 4
1434 8
5310 1
1435 8
1436 6
5312 2
1437 8
5313 1
1438 4
1439 8
5315 1
5316 1
5318 2
6184 1
2761 1
2762 1
2763 1
2764 2
2765 3
2766 1
2767 1
520 971
2768 1
521 986
2769 1
522 982
523 935
524 998
525 904
526 925
527 913
528 890
529 875
1440 9
1441 11
1442 11
1443 10
1444 9
5320 1
1445 13
1446 7
5322 1
1447 10
1448 10
1449 7
5325 1
5326 1
5329 2
1900 6
1901 3
1902 2
1903 3
1904 6
4000 1
1905 2
1906 3
1907 5
4002 1
4003 1
1908 3
1909 6
4007 2
4008 1
2770 2
2771 2
2772 1
2773 4
2775 1
530 936
2777 1
531 911
2778 2
2779 1
532 892
533 900
534 849
535 854
536 842
537 843
538 832
539 810
1450 10
1451 12
1452 11
1453 10
1454 11
5330 1
1455 10
5331 2
1456 11
5332 2
1457 5
1458 10
1459 4
5336 1
5337 1
5338 1
5339 1
1910 3
1911 5
1913 3
1914 4
1915 4
1916 2
1917 2
1918 3
1919 3
4018 1
4019 1
2780 1
2781 1
2782 2
2784 1
2786 1
540 831
2788 2
541 789
2789 1
542 821
543 822
544 776
545 785
546 729
547 724
548 745
549 721
1460 14
1461 5
1462 11
1463 12
1464 6
5340 3
1465 5
1466 6
1467 12
5343 1
1468 8
1469 5
1920 4
1921 2
1922 4
1923 1
1924 2
1925 4
5801 1
1926 5
4022 1
1927 1
1928 1
1929 1
4027 1
4029 2
2790 1
2791 1
2792 1
2793 3
2794 2
2797 3
550 720
551 715
552 750
553 723
554 718
555 679
556 717
557 655
558 668
559 695
1470 9
1471 12
1472 8
1473 7
1474 6
1475 4
5351 1
1476 7
1477 9
5353 1
1478 8
1479 8
5357 1
1930 2
1931 3
1933 1
1934 5
1935 3
1936 3
4031 2
1937 3
1938 3
4033 1
1939 2
4035 1
560 675
561 671
562 683
563 689
564 624
565 662
566 644
567 688
568 604
569 606
1480 9
1481 9
1482 8
1483 8
1484 5
5360 2
1485 7
5361 1
1486 7
1487 10
1488 6
5364 1
1489 9
5365 1
5366 1
5368 5
1940 1
1941 2
1942 9
1943 2
1944 3
1945 2
1946 2
1947 3
4042 1
1948 3
1949 2
4044 1
570 619
571 558
572 582
573 616
574 566
575 571
576 564
577 598
578 559
579 563
4501 1
4503 3
4507 2
4509 1
1490 12
1491 6
1492 7
1493 7
1494 7
5370 2
1495 3
1496 6
1497 6
5373 1
1498 2
5374 1
1499 7
5376 2
5377 1
1950 1
1951 3
1952 2
1953 3
1954 4
1955 3
4050 3
1956 2
1957 5
4052 1
1958 3
4053 1
1959 4
4059 1
580 545
581 499
582 513
583 542
584 525
585 505
586 545
587 528
588 484
589 517
4510 1
4513 2
4515 1
4516 1
4518 1
5383 1
5386 1
5387 1
1960 2
1961 4
1962 3
1963 1
1964 4
1965 1
4060 2
1966 3
1967 1
1968 4
4063 1
1969 7
4065 1
4066 1
4068 1
4069 1
590 476
591 512
592 496
593 493
594 471
595 486
596 446
597 490
598 490
599 447
4526 1
5395 3
5399 1
3200 1
3202 1
3205 1
3206 1
3207 1
3208 1
1970 2
1971 3
1972 1
1973 4
1974 4
1975 3
4071 1
1976 2
1977 1
1978 2
1979 1
4079 2
4530 1
4535 1
4536 1
4537 1
4539 1
3214 1
3215 1
1980 4
1981 1
1982 4
1983 3
1984 1
1985 4
1986 3
1987 2
1988 1
1989 2
4085 1
4087 1
4088 1
4089 1
4542 2
4544 1
3220 1
3221 1
3228 1
1990 2
1991 2
1992 4
1993 3
1994 4
1995 2
1996 6
4091 1
4092 1
1997 5
1998 4
1999 2
4096 1
4550 1
4551 2
4554 2
4555 1
3232 1
3233 1
3234 1
3235 2
3236 1
3237 1
3239 2
4561 1
4562 2
4563 2
4568 1
4569 1
3243 1
3245 1
3247 1
3248 1
3249 1
3706 1
4571 1
4573 1
4574 1
4576 1
4578 1
3250 1
3251 1
3253 1
3254 1
3257 2
3259 1
3712 2
3713 3
3715 1
3717 2
3718 1
3719 1
4580 1
4581 1
4582 1
4583 2
4587 1
3260 1
3261 2
3263 1
3264 1
3265 1
3720 1
3721 2
3722 1
3724 1
3727 1
3728 1
3729 1
4591 1
4594 1
4599 1
2400 3
2401 1
2402 3
2403 1
2405 2
2407 1
2409 2
3734 1
3735 1
3739 1
2410 1
2411 3
2412 3
2413 1
2415 2
2416 3
2417 2
2418 1
2419 1
3280 1
3281 1
3283 1
3284 1
3286 1
3287 2
3288 1
3740 1
3746 1
3749 1
2421 2
2422 1
2426 3
2427 2
2428 1
2429 1
3290 2
3291 1
3292 2
3293 1
3294 1
3296 2
1100 20
1101 21
1102 24
1103 29
1104 18
1105 18
1106 26
1107 14
1108 15
1109 23
3750 2
3751 2
3752 1
3754 1
3755 2
3756 1
3757 1
3759 3
2431 1
2435 1
2438 1
2439 1
1110 17
1111 19
1112 23
1113 15
1114 17
1115 27
1116 23
1117 21
1118 24
1119 19
3761 1
3763 2
3764 2
3767 2
3769 2
2440 1
2441 1
2442 2
2443 2
2444 2
2445 2
2446 2
2447 1
200 3019
2448 2
201 3128
202 3028
203 2979
204 3011
205 2880
206 2957
207 2850
208 2953
209 2875
2900 1
1120 19
2901 1
1121 22
1122 19
1123 19
2904 2
1124 22
5000 1
2905 3
1125 20
2906 2
1126 22
5002 2
1127 23
2908 1
1128 21
2909 1
1129 25
5005 1
5006 1
5008 2
5009 1
3771 1
3772 2
3774 1
3778 1
3779 1
2451 1
2452 2
2453 3
2454 2
2455 2
2456 1
2457 1
210 2949
2458 2
211 2827
212 2799
213 2862
214 2950
215 2882
216 2792
217 2872
218 2834
219 2775
1130 14
2911 1
1131 22
2912 1
1132 22
1133 25
1134 16
5010 2
2915 1
1135 18
1136 24
2917 2
1137 15
1138 19
2919 1
5014 3
1139 21
5017 1
5019 1
3781 1
3782 2
3786 1
3788 1
2460 1
2461 2
2463 1
2464 1
2466 2
220 2788
221 2841
2468 1
2469 1
222 2801
223 2841
224 2684
225 2792
226 2782
227 2807
228 2803
229 2802
1140 24
2920 1
1141 24
1142 17
2922 1
1143 20
2923 2
1144 19
5020 1
1145 22
2925 1
2926 1
5021 1
1146 17
5022 2
1147 21
2927 1
1148 16
2928 1
5024 2
1149 13
5026 2
5028 2
3792 3
3797 1
3798 1
1600 6
1601 4
1602 3
1603 7
1604 9
1605 5
1606 7
1607 6
1608 4
1609 7
2470 3
2473 1
2474 5
2475 2
2476 2
230 2778
231 2778
2478 1
232 2791
2479 1
233 2807
234 2694
235 2734
236 2785
237 2692
238 2801
239 2741
1150 26
2931 4
1151 8
1152 11
2933 1
1153 12
2934 3
1154 18
2935 2
1155 31
2936 2
1156 15
2937 1
1157 20
5033 1
2938 3
1158 14
5034 1
2939 2
1159 22
5038 1
5039 2
1610 6
1611 5
1612 10
1613 5
1614 5
1615 5
1616 6
1617 4
1618 9
1619 3
2480 4
2481 1
2483 1
2484 1
2485 1
2487 4
240 2737
2488 1
241 2640
2489 1
242 2675
243 2665
244 2618
245 2725
246 2671
247 2701
248 2683
249 2619
1160 12
2941 1
1161 21
2942 1
1162 15
2943 1
1163 17
2944 2
1164 15
2945 1
5040 1
1165 24
5041 2
2946 1
1166 13
5042 1
1167 17
700 195
1168 24
701 191
5044 1
2949 2
1169 15
702 228
5045 2
703 185
704 175
5047 4
705 184
706 185
707 175
708 178
709 175
1620 4
1621 5
1622 4
1623 2
1624 9
1625 4
1626 6
1627 8
1628 8
1629 4
5509 1
2490 2
2491 1
2492 1
2493 2
2494 1
2496 2
250 2685
2498 1
251 2657
252 2681
253 2625
254 2645
255 2708
256 2598
257 2618
258 2704
259 2591
2950 2
1170 12
1171 15
1172 15
1173 17
2954 2
1174 17
1175 18
2956 2
1176 13
2957 1
5052 1
1177 16
710 162
5053 1
2958 2
1178 22
711 157
2959 2
5054 2
1179 19
712 181
5055 1
713 163
5056 2
714 164
5057 1
715 178
5058 1
716 170
717 163
718 175
719 171
1630 4
1631 8
1632 3
1633 3
1634 5
1635 4
1636 7
1637 2
1638 5
1639 4
260 2584
261 2633
262 2696
263 2618
264 2564
265 2642
266 2680
267 2694
268 2663
269 2679
1180 12
2961 1
1181 19
1182 18
1183 24
1184 19
1185 18
2966 1
5061 1
1186 11
5062 1
1187 14
720 150
2968 1
5063 2
1188 20
721 151
1189 16
722 140
5065 4
723 179
5066 1
724 138
5067 2
725 156
726 147
727 156
728 154
729 148
1640 5
1641 2
1642 5
1643 7
1644 4
1645 4
5521 1
1646 5
1647 6
1648 4
1649 1
270 2649
271 2537
272 2693
273 2675
274 2704
275 2576
276 2630
277 2650
278 2698
279 2699
4202 1
4203 1
4204 1
4208 1
2970 1
1190 18
2971 1
1191 17
2972 1
1192 17
1193 16
2974 1
1194 13
2975 1
5070 3
1195 10
5071 1
1196 13
730 155
2977 2
1197 17
731 152
2978 2
5073 1
1198 12
5074 1
732 143
1199 9
733 142
734 144
5076 1
735 154
5077 1
736 144
5078 2
737 151
738 150
739 143
1650 1
1651 1
1652 7
1653 1
1654 6
1655 6
1656 2
1657 4
1658 4
1659 3
5539 1
280 2670
281 2584
282 2686
283 2711
284 2649
285 2674
286 2777
287 2722
288 2713
289 2678
4210 1
2980 1
2981 1
2983 1
2984 1
2985 1
5080 2
2987 2
5082 2
740 125
2988 1
5083 1
741 147
5084 1
742 131
5085 2
743 144
5086 3
744 131
5087 2
745 128
746 105
747 125
748 104
749 128
1660 8
1661 5
1662 4
1663 10
1664 8
1665 5
1666 5
1667 4
5543 1
1668 8
1669 7
290 2591
291 2745
292 2693
293 2720
294 2750
295 2530
296 2638
297 2712
298 2672
299 2682
4222 1
4223 1
2990 2
2991 1
2993 1
2994 2
2995 1
2996 1
5091 3
5092 1
2997 1
750 109
5093 2
751 128
2999 2
752 120
753 124
5096 1
754 121
5097 2
755 104
756 132
757 108
758 121
759 136
1670 4
1671 10
1672 9
1673 3
1674 8
1675 6
5551 1
1676 6
1677 4
1678 7
1679 9
5555 1
4232 1
4234 2
4235 1
760 109
761 108
762 110
763 119
764 117
765 110
766 116
767 113
768 127
769 138
1680 2
1681 1
1682 5
1683 4
1684 3
5560 1
1685 3
1686 7
1687 5
1688 3
1689 5
4241 1
4243 1
4246 1
770 98
771 83
772 110
773 110
774 101
775 101
776 95
777 99
778 91
779 104
4700 1
4702 1
4703 1
4704 3
4707 2
1690 6
1691 3
1692 4
1693 2
1694 3
1695 3
1696 4
1697 4
1698 6
1699 3
4250 1
4254 2
4256 2
4258 1
4259 1
780 119
781 91
782 83
783 82
784 105
785 116
786 88
787 97
788 84
789 95
4712 1
4715 2
4717 2
4719 2
5581 1
4260 1
4263 1
4266 1
4268 1
790 99
791 96
792 99
793 88
794 96
795 79
796 97
797 91
798 108
799 93
4722 2
4724 1
4725 1
4726 1
3400 1
3406 1
3407 1
4271 2
4273 1
4274 1
4730 1
4734 1
3410 2
3411 2
3413 1
3417 1
4282 1
4286 1
4740 1
4743 1
4747 1
4748 1
3420 1
3421 1
3422 1
3425 1
3426 1
3429 1
4291 1
4293 1
4299 1
2100 2
2101 3
2102 4
2103 1
2104 2
2105 2
2106 2
2107 3
2109 4
4750 1
4752 1
4756 1
3435 1
3437 1
3438 1
3439 1
2110 3
2111 4
2112 1
2114 6
2115 4
2116 2
2117 1
2118 2
2119 3
4760 3
4762 1
4764 2
4767 1
3440 1
3441 1
3442 1
3443 1
3444 2
3445 2
3446 2
3448 1
2120 1
2121 1
2122 5
2123 2
3904 1
2124 1
3905 1
2125 2
2126 2
3906 1
3907 2
2127 4
2128 3
2129 4
4770 1
4771 1
4775 1
4778 1
3450 2
3451 1
3452 1
3455 3
3456 1
3458 1
3459 1
3910 1
2130 4
2132 2
3913 1
2133 2
3914 1
2134 5
2135 2
2136 4
2137 2
2138 1
2139 2
4780 1
4786 3
3462 1
3464 1
3467 2
3468 2
2140 3
3920 1
3921 1
2141 3
2142 3
2143 3
2144 5
3924 1
2145 2
2147 1
2148 3
3929 1
2149 1
4793 2
4795 1
2600 2
2601 1
2603 2
2605 1
2606 1
2607 2
2608 1
2609 2
3475 1
3476 2
3930 2
2150 2
3931 1
2151 3
2152 2
3933 1
2153 2
2154 1
2155 2
2157 4
3938 1
2159 3
2610 1
2611 1
2613 2
2614 2
2615 7
2616 1
2617 1
2618 3
2619 1
3481 1
3485 2
3486 1
3487 1
3488 1
3940 1
2160 4
2162 1
2163 3
3944 1
2164 3
2165 5
2166 2
2167 3
2168 1
3949 1
2169 3
2620 1
