2622 1
2623 2
2625 2
2626 1
2627 2
2628 1
3490 2
3493 1
3494 2
3496 1
3497 1
3498 1
1300 11
1301 9
1302 15
1303 12
1304 9
1305 6
1306 11
1307 19
1308 14
1309 11
3950 1
2170 1
2171 2
2172 2
3952 2
3953 1
2173 1
3955 1
2175 3
2176 5
2177 2
3959 1
2630 1
2631 4
2632 3
2633 2
2635 2
2637 1
2639 1
1310 12
1311 11
1312 15
1313 7
1314 8
1315 13
1316 10
1317 10
1318 14
1319 17
2181 2
3961 1
2182 1
2183 4
2185 1
2186 4
3966 1
2189 3
2641 1
2644 3
400 2116
401 2144
402 2141
403 2195
404 2092
405 2055
406 2052
407 2083
408 2007
409 2004
1320 8
1321 16
1322 12
1323 17
1324 14
5200 2
1325 8
5201 1
1326 11
5202 1
1327 9
5203 1
1328 9
5204 1
1329 6
5207 1
5208 1
5209 1
2190 2
3972 1
2192 2
2193 1
2194 1
2195 2
2196 1
3977 1
2197 2
3978 1
2198 2
2199 4
2651 2
2652 2
2653 2
2655 1
410 2043
2657 1
2658 1
411 1936
2659 2
412 1998
413 2066
414 2068
415 1890
416 1882
417 2000
418 1906
419 1901
1330 11
1331 11
1332 11
1333 6
1334 4
5210 1
1335 15
5211 2
1336 13
5212 1
1337 10
5213 1
1338 11
1339 12
5219 2
3981 1
2660 2
2661 3
2662 2
2664 2
2665 1
420 1897
421 1919
2668 1
422 1835
2669 3
423 1838
424 1838
425 1790
426 1851
427 1837
428 1763
429 1742
1340 12
1341 8
1342 10
1343 17
1344 8
1345 12
1346 8
5222 1
1347 7
5223 1
1348 7
1349 6
5228 1
5229 1
3992 3
1801 2
1802 4
1803 2
1804 4
1805 2
1806 9
1807 2
1808 7
1809 4
2670 1
2671 3
2672 2
2675 1
2676 1
2677 1
430 1752
2678 1
431 1741
2679 1
432 1782
433 1726
434 1695
435 1706
436 1654
437 1626
438 1631
439 1659
1350 15
1351 4
1352 12
1353 9
1354 7
1355 12
1356 24
5232 1
1357 9
5233 4
1358 9
5234 1
1359 8
5238 1
1810 7
1812 9
1813 3
1814 4
1815 3
1816 5
1817 3
1818 2
1819 2
2681 2
2682 2
2684 1
2685 3
2686 1
2687 1
440 1717
441 1610
2689 3
442 1583
443 1557
444 1534
445 1597
446 1495
447 1446
448 1495
449 1544
1360 7
1361 10
1362 7
1363 17
1364 9
1365 14
5241 2
1366 10
5242 1
1367 14
900 41
5243 1
1368 6
901 32
5244 1
1369 12
902 39
5245 1
903 45
5246 1
904 48
5247 2
905 36
906 52
907 53
908 30
909 34
1820 3
1821 7
1822 7
1824 4
1825 2
1826 4
1827 4
1828 2
1829 1
2690 1
2691 2
2692 1
2693 2
2694 3
2695 1
2697 1
450 1522
451 1501
452 1403
2699 2
453 1430
454 1495
455 1403
456 1434
457 1379
458 1325
459 1354
1370 8
1371 13
1372 8
1373 14
1374 11
5250 1
1375 10
1376 8
5252 1
1377 12
910 42
5253 1
1378 13
911 37
1379 15
912 44
5255 2
913 41
914 40
5257 1
915 38
916 29
5259 2
917 27
918 44
919 44
1830 4
1831 1
1832 6
1833 2
1834 5
1835 6
1836 5
1837 2
1838 4
1839 3
460 1319
461 1353
462 1323
463 1338
464 1322
465 1244
466 1315
467 1257
468 1226
469 1246
1380 8
1381 13
1382 16
1383 7
1384 6
1385 12
1386 7
920 43
5262 1
1387 7
921 30
5263 1
1388 8
5264 1
922 44
1389 11
923 38
5265 1
924 35
5267 1
925 37
926 43
927 35
928 44
929 32
1840 5
1842 1
1843 2
1844 3
1845 4
1846 6
1847 6
1848 2
1849 4
470 1213
471 1217
472 1264
473 1213
474 1231
475 1232
476 1179
477 1148
478 1166
479 1140
4401 1
4403 1
4404 2
1390 11
1391 8
1392 7
1393 5
1394 8
5270 1
1395 14
1396 2
930 30
1397 7
931 41
1398 5
932 36
5274 1
1399 7
5275 1
933 33
934 33
5277 1
935 32
936 41
5278 1
937 45
938 32
939 38
1850 3
1851 1
1852 4
1853 2
1854 3
1855 3
1856 6
1857 3
1858 6
1859 4
480 1143
481 1202
482 1135
483 1059
484 1123
485 1131
486 1039
487 1051
488 1024
489 982
4412 2
4413 1
4414 1
4417 1
5281 1
5282 1
940 40
941 29
5284 1
942 35
5285 1
943 36
5286 1
944 45
5287 2
945 22
946 32
5289 1
947 31
948 29
949 32
1860 4
1861 5
1862 4
1863 3
1864 3
1865 3
1866 5
1867 2
1868 3
1869 2
490 992
491 1001
492 971
493 984
494 1027
495 1009
496 968
497 954
498 1000
499 925
4421 1
4425 1
4427 1
4429 1
5290 1
5292 1
950 31
951 31
952 33
953 33
5296 1
954 41
955 35
956 31
5299 1
957 34
958 23
959 31
3100 1
3101 1
3102 1
3103 1
3106 1
3107 1
3108 1
1870 3
1871 1
1872 6
1873 3
1874 3
1875 3
1876 5
1877 3
1878 4
1879 5
4431 1
4435 1
4436 2
960 29
961 38
962 33
963 29
964 39
965 42
966 30
967 32
968 28
969 34
3112 1
3113 1
3114 2
3115 1
1880 3
1881 2
1882 2
1883 3
1884 5
1885 2
1886 2
1887 4
1888 3
1889 4
4448 1
970 31
971 25
972 29
973 33
974 44
975 33
976 35
977 38
978 39
979 34
4900 1
3121 2
3122 1
4902 1
4903 2
3124 1
3126 1
3128 1
4908 1
4909 3
3129 1
1890 5
1891 4
1893 3
1894 3
1895 1
1896 4
1897 1
1898 2
1899 3
4452 1
4453 1
4454 1
4459 1
980 25
981 28
982 29
983 32
984 25
985 33
986 28
987 30
988 29
989 21
3130 1
3131 1
4912 1
4913 1
4914 1
4916 1
4917 3
3137 1
4918 2
3138 1
4919 1
5786 1
4460 1
4461 1
4466 1
4468 2
4469 1
990 32
991 27
992 27
993 25
994 25
995 29
996 24
997 28
998 30
999 23
4920 1
4921 2
4923 1
4924 1
3146 2
4927 1
3147 1
3149 1
4929 1
3600 1
3602 2
3603 2
3604 2
3605 1
4472 1
4474 1
4930 1
3150 3
3152 1
3153 1
4933 1
4934 1
3154 1
4935 2
4938 1
3158 1
4939 1
3159 1
3619 2
4480 1
4487 1
4488 1
4489 1
3160 1
4941 2
3162 2
4943 2
4944 1
3164 1
3166 2
3168 1
4948 1
7053 1
3623 1
3625 1
3626 4
3627 1
4494 1
2300 1
2301 1
2302 2
2305 1
2306 1
2307 3
3170 1
4951 1
4952 1
4953 1
4955 1
4956 1
4957 1
4958 2
3178 2
3631 1
3632 1
3636 1
3638 1
3639 1
2310 1
2311 1
2312 3
2313 5
2314 3
2315 2
2317 1
2318 1
2319 1
4961 1
3181 2
3182 1
4963 1
4964 2
4965 1
3186 1
4966 1
3187 1
3188 1
4968 1
4969 1
3642 1
3645 1
3648 2
2320 2
2321 4
2322 1
2323 5
2324 2
2326 1
2329 1
3190 2
4971 1
3191 1
4973 1
3193 1
4974 1
4975 1
3195 1
4976 1
3196 2
4977 1
3197 1
4978 1
4979 1
3650 1
3651 2
3653 1
3655 2
2330 1
2331 2
2332 3
2333 2
2334 2
2338 2
2339 1
4980 1
4982 1
1000 24
4987 1
1001 44
4988 1
1002 26
1003 27
1004 27
1005 35
1006 22
1007 34
1008 28
1009 25
3662 1
3667 1
2340 1
2342 1
2343 1
2344 1
2345 1
2346 1
2347 1
100 3439
101 3450
2348 2
102 3452
2349 3
103 3479
104 3448
105 3525
106 3663
107 3718
4990 1
108 3594
4991 1
109 3743
4992 4
4993 1
4994 1
4996 1
1010 22
4997 1
1011 24
4998 1
1012 30
4999 1
1013 22
1014 22
1015 26
1016 22
2800 2
1017 21
2801 1
1018 20
2802 1
1019 22
2803 1
2805 2
2806 1
2808 1
2809 1
3670 1
3674 1
3675 1
2350 1
2351 2
2352 1
2353 3
2354 1
2355 1
2356 1
2357 1
110 3639
111 3666
2358 1
112 3622
2359 2
113 3767
114 3745
115 3862
116 3828
117 3734
118 3742
119 3758
1020 24
1021 25
1022 27
1023 19
1024 23
1025 27
1026 25
1027 25
1028 26
2811 2
1029 25
2814 4
2815 1
2817 4
3680 1
3688 1
3689 1
2360 2
2361 1
2362 1
2364 7
2366 1
120 3850
121 3778
6244 1
2369 3
122 3770
123 3719
124 3823
125 3738
126 3856
127 3782
128 3902
129 3871
1030 25
1031 25
1032 20
1033 24
1034 26
1035 35
1036 24
1037 31
1038 22
2822 2
1039 37
2823 1
2825 2
2826 1
2828 1
2829 5
3692 1
3693 1
3694 1
3699 1
1500 5
1501 8
1502 5
1503 1
1504 8
1505 10
1506 7
1507 9
1508 4
1509 7
2370 2
2373 2
2374 1
2376 4
2377 4
130 3753
2378 2
131 3943
132 3865
133 3848
134 3827
135 3801
136 3832
137 3689
138 3695
139 3749
1040 20
1041 23
1042 15
1043 31
1044 25
1045 31
1046 27
2830 1
1047 19
1048 21
2832 1
1049 27
2834 2
2836 1
2837 2
2838 1
1510 11
1511 10
1512 11
1513 7
1514 7
1515 6
1516 5
1517 5
1518 6
1519 5
2380 3
2383 1
2384 2
2386 1
140 3762
141 3699
2388 2
142 3707
2389 3
143 3837
144 3684
145 3680
146 3648
147 3654
148 3676
149 3767
1050 24
1051 20
1052 14
1053 27
1054 21
1055 26
1056 26
2840 1
1057 21
2841 1
1058 19
2842 1
1059 15
2844 2
6720 1
2847 2
600 334
601 332
2849 1
602 327
603 334
604 352
605 335
606 318
607 321
608 332
609 284
1520 9
1521 13
1522 2
1523 9
1524 2
1525 11
1526 4
1527 8
1528 6
5407 1
2391 1
2394 4
2395 2
2397 1
150 3639
151 3710
2398 3
152 3717
2399 2
153 3559
154 3610
155 3480
156 3655
157 3577
158 3536
159 3517
1060 29
1061 29
1062 18
1063 22
1064 26
1065 14
1066 25
2850 1
1067 21
2851 2
1068 18
1069 19
2852 1
2854 1
2856 1
610 337
2857 3
2858 1
611 303
2859 1
612 313
613 301
614 313
615 282
616 285
617 265
618 291
619 277
1530 3
1531 6
1532 6
1533 4
1534 8
1535 7
1536 2
5412 2
1537 7
1538 4
1539 6
5415 1
160 3522
161 3566
162 3516
163 3503
164 3559
165 3506
166 3457
167 3393
168 3364
169 3495
1070 23
1071 20
1072 21
1073 24
1074 22
1075 20
1076 25
2860 2
1077 19
2861 1
1078 19
1079 19
2863 2
2864 1
620 289
621 310
2868 1
622 273
623 278
624 290
625 269
626 277
627 300
628 254
629 260
1540 11
1541 5
1542 4
1543 2
1544 4
1545 3
1546 4
5422 1
1547 9
1548 7
1549 3
5426 1
170 3383
171 3400
172 3418
173 3338
174 3256
175 3308
176 3293
177 3319
178 3334
179 3325
1080 17
1081 27
1082 24
4106 1
1083 18
1084 19
1085 22
1086 19
2870 1
1087 21
2871 1
1088 24
1089 16
2873 2
2875 1
2876 1
2877 1
630 237
631 297
2879 4
632 263
633 239
634 273
635 267
636 249
637 223
638 223
639 248
1550 8
1551 6
1552 3
1553 4
1554 7
1555 6
1556 3
1557 5
1558 8
1559 3
180 3286
181 3316
182 3224
183 3225
184 3164
185 3177
186 3247
187 3171
188 3238
189 3201
4111 1
4112 1
4113 1
1090 23
4114 1
1091 13
1092 19
4115 1
1093 23
1094 24
1095 20
1096 13
1097 24
2881 2
1098 19
2882 3
1099 12
2884 1
2886 1
2887 1
640 218
2888 3
641 248
642 217
643 223
644 231
645 216
646 237
647 216
648 228
649 211
1560 5
1561 5
1562 3
1563 7
1564 4
1565 3
1566 3
1567 3
1568 4
1569 6
190 3203
191 3113
192 3148
193 3159
194 3108
195 3088
196 3124
197 3148
198 3119
199 3032
4126 1
4129 1
2890 2
2893 1
2894 2
2896 1
650 195
651 217
652 195
653 200
654 203
655 210
656 202
657 233
658 212
659 195
1570 10
1571 8
1572 4
1573 4
1574 4
1575 5
1576 8
1577 3
1578 12
1579 5
4130 1
4133 1
660 204
661 166
662 191
663 207
664 180
665 194
666 184
667 203
668 203
669 184
1580 5
1581 4
1582 9
1583 2
1584 6
1585 9
1586 5
1587 6
1588 5
1589 3
5465 1
4144 1
4149 1
670 196
671 191
672 178
673 172
674 161
675 190
676 159
677 160
678 157
679 172
4600 1
4601 3
4603 1
4606 1
4607 2
4609 2
1590 6
1591 9
1592 5
1593 1
1594 3
1595 6
1596 2
1597 6
1598 5
1599 4
4151 2
4152 1
4154 1
4155 1
4158 1
680 161
681 160
682 156
683 167
684 185
685 153
686 165
687 158
688 151
689 158
4611 1
4616 1
4618 2
4619 1
690 146
691 146
692 138
693 159
694 141
695 141
696 150
697 136
698 141
699 121
4620 2
4621 1
4625 1
5493 1
5496 1
3300 2
4175 1
4179 1
5959 1
4630 1
4632 1
3311 1
3313 1
3316 1
3317 1
4183 1
4640 1
4646 1
4649 1
3320 1
3322 3
3325 1
3328 1
4190 1
4196 1
2000 1
2001 5
2002 3
2003 4
2004 3
2005 4
2006 5
2007 4
2008 3
2009 3
4650 1
4651 1
4656 1
3332 1
3335 1
3336 1
3337 1
3338 1
3339 3
2010 1
2011 4
2012 1
2013 1
2014 5
2015 1
2017 3
2018 3
2019 1
4661 1
4662 2
4665 1
4667 1
3340 1
3341 1
3346 2
3347 1
2020 1
2021 3
3801 1
2022 1
2023 2
3804 1
2024 1
2025 1
3805 2
2026 1
2028 5
2029 1
3809 1
4672 2
4673 1
4674 1
4675 1
4676 1
3350 1
3351 1
3353 2
3810 1
2030 4
3811 1
2031 1
2032 3
3813 1
2033 2
3814 1
2034 5
2035 2
3815 1
2036 6
2037 2
2038 1
3818 1
3819 2
2039 3
4686 1
3360 2
3363 1
3365 1
3367 1
3369 1
3820 1
2040 3
3821 2
2042 1
2043 2
2044 1
2045 2
3826 1
2046 4
2047 4
3828 2
2048 3
2049 1
4693 1
4695 1
4698 1
2500 1
2501 2
2503 1
2504 1
2505 1
2506 1
2507 1
2508 1
3372 1
3375 1
3376 1
3379 1
2050 3
2052 1
3833 3
2053 1
2054 1
3834 1
2055 5
3836 1
2057 3
2058 4
2059 3
2510 2
2511 1
2512 3
2513 1
2514 1
2515 1
2517 1
2518 1
3380 1
3381 2
3382 1
3384 2
3386 2
2060 3
2061 2
2062 2
2063 1
3843 1
3844 1
2065 1
3846 1
2066 4
3847 1
2068 2
3849 1
2069 3
2520 1
2522 2
2523 2
2525 2
2526 2
2528 3
2529 5
3394 1
3396 1
3398 1
3399 1
1200 14
1201 11
1202 18
1203 19
1204 9
1205 21
1206 13
1207 11
1208 12
1209 13
3850 1
2070 2
2071 2
2072 2
2073 1
3854 1
2074 2
2076 1
2077 1
2078 3
2079 5
2530 1
2531 2
2532 1
2533 2
2534 2
2535 1
2536 3
2537 3
2538 1
1210 13
1211 13
1212 13
1213 20
1214 11
1215 13
1216 8
1217 12
1218 13
1219 12
3860 1
2080 2
2081 5
2082 2
3863 1
2083 2
3864 1
2084 3
2085 1
3866 1
2086 2
2087 2
2088 2
3869 1
2089 3
2540 2
2541 2
2542 2
2544 1
2545 3
300 2856
301 2898
2548 3
302 2881
2549 1
303 2845
304 2876
305 2869
306 2878
307 2904
308 2950
309 3027
1220 13
1221 12
1222 11
1223 10
1224 11
1225 12
5101 2
1226 19
5102 1
1227 7
1228 9
5104 3
1229 12
5105 1
5107 2
5108 1
5109 1
2090 1
3871 1
2091 2
2092 1
3873 3
2093 2
2094 1
3875 1
2095 5
2096 3
2097 5
3878 2
2098 4
3879 1
2550 3
2551 1
2552 1
2554 2
2555 2
2556 2
310 2895
2557 1
311 2759
2558 1
312 2916
2559 2
313 2911
314 2937
315 2837
316 2859
317 2870
318 2722
319 2874
1230 17
1231 7
1232 12
1233 18
1234 17
5110 1
1235 10
1236 11
5112 1
1237 14
5113 1
1238 11
1239 11
5115 1
5116 2
5117 1
5118 2
2560 1
2561 3
2562 4
2563 1
2564 2
2565 2
320 2806
2568 1
321 2875
2569 1
322 2835
323 2796
324 2791
325 2779
326 2920
327 2734
328 2803
329 2708
1240 14
1241 14
1242 12
1243 12
1244 15
1245 17
1246 16
1247 12
5123 2
1248 9
1249 13
5126 1
5127 2
5128 1
3890 1
1700 4
1701 3
1702 3
1703 4
1704 3
1705 6
1706 3
1707 5
1708 4
1709 3
2570 1
2572 3
2574 1
2576 1
330 2830
2578 2
331 2819
2579 2
332 2770
333 2628
334 2777
335 2824
336 2871
337 2849
338 2812
339 2782
1250 11
1251 8
1252 13
1253 8
1254 14
5130 1
1255 10
5131 3
1256 14
1257 11
1258 15
1259 10
5135 1
29 1
1710 2
1711 1
1712 4
1713 4
1714 4
1715 3
1716 9
1717 3
1718 2
2580 1
2581 1
2582 1
2583 1
2585 3
2586 1
340 2756
341 2725
2588 2
2589 1
342 2823
343 2788
344 2706
345 2724
346 2792
347 2612
348 2618
349 2772
1260 14
1261 12
1262 13
1263 13
1264 13
5140 2
1265 14
33 1
5141 1
1266 11
35 1
1267 10
800 73
5143 2
1268 12
36 3
801 67
37 2
1269 14
802 69
5145 1
38 3
803 67
5146 1
39 4
804 76
5147 2
805 61
5148 1
806 74
807 64
808 68
809 52
1720 3
1721 1
1722 8
1723 3
1724 1
1725 4
1726 8
1727 4
1728 4
1729 4
2590 1
2591 2
2592 3
2594 5
2595 1
2596 2
350 2802
351 2601
2598 2
352 2732
2599 2
353 2722
354 2618
355 2687
356 2577
357 2622
358 2509
359 2632
1270 12
1271 11
1272 12
40 9
1273 8
41 16
1274 17
42 22
5150 1
1275 9
43 44
1276 7
44 75
810 56
5152 3
1277 11
45 123
5153 1
811 65
1278 13
46 161
812 79
5154 3
1279 16
47 237
5155 1
813 66
48 344
814 67
5156 2
49 499
815 61
816 59
5158 2
5159 1
817 67
818 59
819 74
1730 8
1731 4
1732 5
1733 4
1734 3
5610 1
1735 5
1736 4
1737 4
1738 6
1739 3
360 2569
361 2576
362 2605
363 2616
364 2534
365 2564
366 2614
367 2539
368 2420
369 2533
1280 13
1281 15
1282 14
50 592
1283 12
51 744
1284 10
52 923
1285 19
53 1018
5161 1
1286 13
54 1196
1287 9
55 1386
820 61
1288 13
56 1467
821 64
1289 9
57 1644
822 79
5165 1
58 1734
823 69
5166 1
59 1959
824 67
825 58
5168 2
826 49
827 45
828 64
829 77
1740 5
1741 4
1742 3
1743 1
1744 2
1745 3
5621 1
1746 2
1747 2
1748 7
1749 5
370 2520
371 2530
372 2548
373 2540
374 2438
375 2521
376 2370
377 2454
378 2445
379 2517
4305 1
4306 1
4307 2
1290 5
1291 9
1292 8
60 2018
1293 9
61 2214
1294 10
62 2166
5170 1
1295 3
63 2394
5171 5
1296 15
64 2432
5172 1
1297 9
65 2434
830 59
5173 1
1298 13
66 2469
831 54
5174 2
1299 6
67 2414
832 58
5175 2
68 2419
833 54
5176 1
69 2374
834 58
835 48
5178 1
836 50
837 62
838 57
839 51
1750 6
1751 5
1752 2
1753 3
1754 4
1755 4
1756 3
1757 4
1758 1
1759 2
380 2398
381 2406
382 2402
383 2335
384 2379
385 2419
386 2344
387 2366
388 2329
389 2278
4310 1
4311 2
4314 1
4315 1
70 2510
71 2463
72 2353
5180 2
73 2273
5181 1
74 2454
5182 1
75 2532
840 60
76 2445
841 55
5184 2
77 2483
842 60
5185 1
78 2522
843 55
79 2507
844 53
5187 1
845 43
5188 1
846 72
847 62
848 54
849 41
1760 4
1761 2
1762 3
1763 5
1764 4
1765 4
1766 5
1767 4
1768 8
1769 6
390 2262
391 2222
392 2257
393 2197
394 2230
395 2229
396 2226
397 2211
398 2263
399 2181
4324 1
80 2704
81 2662
82 2624
5190 1
83 2693
84 2802
850 46
5192 1
85 2791
851 55
5193 1
86 2876
852 54
5194 4
87 2918
853 55
5195 1
88 2919
854 48
89 2913
855 44
856 50
857 54
5199 2
858 70
859 71
3000 1
3005 1
3006 1
3007 1
3009 2
1770 8
1771 5
1772 6
1773 2
1774 2
1775 8
1776 3
5652 1
1777 4
1778 7
1779 3
4336 1
4339 1
90 2955
91 3070
92 3112
93 3286
94 3257
95 3156
860 56
96 3266
861 44
97 3286
862 53
98 3263
863 49
99 3386
864 47
865 55
866 40
867 56
868 48
869 51
3010 1
3013 1
3016 2
3019 2
1780 6
1781 4
1782 4
1783 3
1784 4
1785 3
1786 5
1787 9
1788 5
1789 6
4348 1
4349 2
870 30
871 51
872 48
873 48
874 53
875 37
876 41
877 47
878 52
879 43
4800 1
3020 5
3023 1
3024 1
4804 1
3027 1
3028 2
3029 2
4809 1
1791 1
1792 5
1793 3
1794 1
1795 7
1796 9
1797 3
1798 2
1799 3
5675 1
4350 1
4357 1
880 41
881 45
882 56
883 49
884 40
885 44
886 49
887 40
888 40
889 51
4811 1
3032 1
3033 1
4814 1
3037 1
4819 3
5687 1
5688 1
4360 1
4362 1
4368 1
890 44
891 42
892 38
893 47
894 44
895 41
896 37
897 50
898 37
899 41
4822 1
4823 1
3043 1
4825 1
3047 1
3048 1
4829 1
3049 1
3503 1
3504 1
3505 1
3506 1
3507 2
3509 1
4371 1
4373 1
4376 1
4379 1
4830 1
4831 1
3055 1
4836 1
4837 1
3057 1
4838 1
4839 1
3512 1
3514 1
3517 2
3519 1
4380 1
4381 1
4385 1
4386 2
4387 1
4388 1
4840 1
4841 1
3061 2
3062 1
4843 1
3064 1
4844 1
4845 2
3068 1
4849 1
3521 1
3522 1
3526 1
3527 1
3528 1
3529 3
4390 1
4394 1
4397 1
2200 2
2201 1
2202 6
2203 2
2204 1
2205 2
2206 3
2207 1
2208 1
2209 1
3070 1
4853 1
3074 1
4855 1
4856 1
3076 2
3078 2
3079 1
4859 1
3533 1
3534 2
3536 2
2210 2
2212 2
2213 3
2214 1
2215 3
2216 4
2217 4
2218 2
3080 1
3081 1
3082 2
3084 1
3085 1
3086 1
4867 1
4868 1
3088 3
3541 1
3543 1
2220 2
2221 2
2223 2
2224 4
2225 1
2226 3
2227 2
2228 1
4870 1
3090 1
4872 1
4874 1
4875 1
3096 1
3098 1
4879 1
3550 1
3553 1
3554 1
3555 2
3558 1
2230 4
2231 2
2232 3
2233 1
2234 2
2235 2
2236 1
2237 2
2238 2
2239 3
4880 1
4882 1
4885 1
4887 1
3560 2
3561 1
3564 1
3568 1
2240 1
2241 1
2244 2
2245 1
2246 2
2247 3
2248 3
2249 2
4891 1
4893 1
4894 4
4895 1
4896 1
4897 1
2701 2
2702 2
2703 3
2704 1
2705 1
2706 1
2707 2
2708 1
2709 1
3570 2
3572 1
3573 1
3574 1
3576 1
3578 1
2251 3
2252 1
2255 3
2256 3
2257 3
2258 4
2710 1
2711 2
2713 3
2714 1
2715 1
2719 2
3582 2
3584 2
3587 1
3588 1
2260 2
2262 1
2263 1
2264 2
2265 1
2266 1
2267 1
2269 2
2721 1
2722 1
2724 3
2725 1
2726 1
2727 1
2729 1
3591 2
3593 1
3594 1
3599 1
1400 4
1401 8
1402 7
1403 5
1404 12
1405 7
1406 11
1407 4
1408 11
1409 14
2270 2
2271 3
2272 3
2273 1
2274 1
2275 1
2276 2
2277 1
2278 1
2279 1
2730 2
2731 1
2733 4
2735 2
2736 4
2738 4
1410 10
1411 10
1412 11
1413 8
1414 8
1415 12
1416 8
1417 7
1418 7
1419 7
2280 4
2281 3
2282 4
2283 1
2286 1
2288 1
2289 2
2740 1
2742 2
2744 1
2745 1
2746 2
500 917
2747 2
2748 1
501 978
2749 1
502 946
503 927
504 880
505 873
506 918
507 865
508 899
509 879
1420 3
1421 8
1422 9
1423 3
1424 9
1425 5
1426 9
1427 11
1428 8
1429 7
5305 1
5306 2
2290 3
2291 1
2292 2
2293 2
2295 1
2296 2
2297 1
2299 3
2750 1
2752 1
2753 1
2754 1
2755 1
2757 1
510 806
2758 1
511 787
2759 2
512 847
513 764
514 800
515 781
516 802
517 795
518 798
519 802
1430 9
1431 5
1432 8
1433 6
1434 4
1435 9
1436 8
5312 4
1437 5
1438 5
1439 1
5316 1
5317 1
2760 1
2761 1
2762 3
2763 1
2764 1
2765 1
2766 1
2767 2
520 743
2768 1
521 729
2769 1
522 763
523 750
524 762
525 750
526 715
527 710
528 730
529 697
1440 7
1441 4
1442 6
1443 11
1444 6
5320 1
1445 7
5321 1
1446 3
1447 9
5323 2
1448 8
1449 6
6194 1
1900 3
1901 2
1902 5
1903 2
1904 3
1905 3
4000 1
1906 4
1907 2
1908 4
1909 4
4005 2
4009 1
2770 1
2772 4
2773 1
2774 2
2776 1
530 646
531 662
2778 1
2779 2
532 719
533 698
534 681
535 677
536 616
537 636
538 592
539 597
1450 4
1451 6
1452 9
1453 5
1454 14
1455 6
1456 6
1457 7
5333 2
1458 7
5334 2
1459 9
1910 3
1911 2
1912 3
1913 2
1914 6
1915 4
1916 3
1917 1
1918 3
1919 4
4017 1
4019 1
2783 2
2784 1
2785 1
540 647
2787 1
6663 1
541 651
542 629
2789 1
543 564
544 591
545 606
546 580
547 556
548 548
549 570
1460 9
1461 4
1462 9
1463 3
1464 9
1465 5
5341 1
1466 7
5342 1
1467 7
1468 4
5344 1
1469 6
5345 1
5346 1
5348 1
1920 2
1921 3
1922 3
1924 5
1925 2
4022 1
1927 2
1928 3
1929 3
4025 2
4026 1
4027 1
2790 1
2791 3
2792 1
2793 1
2794 1
2796 2
2797 4
550 568
551 585
552 562
553 518
554 556
555 512
556 537
557 527
558 531
559 561
1470 4
1471 5
1472 8
1473 8
1474 6
1475 5
1476 6
1477 4
1478 8
1479 5
5355 1
5358 1
1930 5
1931 1
1932 2
1933 5
1934 2
1935 1
1936 5
1937 3
4033 1
1938 2
1939 3
4037 1
560 494
561 503
562 512
563 500
564 481
565 460
566 489
567 483
568 470
569 451
1480 8
1481 8
1482 9
1483 10
1484 6
1485 4
5361 1
1486 6
5362 1
1487 6
1488 4
5364 1
1489 5
5367 1
1940 4
1941 1
1942 3
1943 6
1944 2
1946 3
1947 3
1948 2
4044 1
1949 3
4047 1
4048 1
570 452
571 459
572 501
573 398
574 428
575 437
576 437
577 411
578 420
579 401
4502 1
4507 1
1490 5
1491 6
1492 6
1493 3
1494 7
1495 7
5371 1
1496 5
1497 8
1498 6
1499 6
1950 1
1951 1
1952 2
1953 4
1954 2
1955 3
4051 1
1957 1
1958 2
1959 3
4055 1
4056 1
580 439
581 409
582 421
583 383
584 415
585 404
586 380
587 429
588 429
589 387
4514 1
5382 1
5386 1
1960 2
1961 4
1962 3
1963 5
1964 6
4060 1
1965 1
1966 1
5841 1
1967 2
4062 1
4063 1
1968 5
1969 4
4068 1
590 359
591 381
592 343
593 381
594 392
595 382
596 344
597 346
598 332
599 331
4520 1
4525 1
5396 1
5399 1
3204 2
3206 1
3207 1
1970 3
1971 5
1972 2
1973 3
1974 2
4070 1
1975 2
1976 4
4071 1
1977 4
1978 8
4073 2
1979 5
4079 1
4539 1
3210 2
3211 1
3213 1
3216 1
3217 1
1980 3
1981 1
1982 2
1983 4
1984 4
1985 1
1986 4
1987 3
4082 1
4083 2
1989 6
4088 1
4540 2
4543 2
4545 2
4548 1
3222 1
3223 2
3224 1
3229 1
1990 3
1991 3
1992 3
1993 1
1994 2
1995 4
1996 2
1997 2
1998 4
1999 6
4096 1
4551 1
4552 1
4557 1
4559 1
3236 1
3239 1
5888 1
4560 3
4561 1
4562 1
4565 1
4566 2
4569 1
3240 1
3244 1
3246 1
3247 1
3701 1
3702 1
3706 1
3707 1
4570 2
4571 1
4572 2
4575 1
4576 2
4579 1
3252 1
3256 1
3257 1
3259 1
3710 1
3713 1
3716 1
3717 1
4580 1
4581 1
4582 1
4584 1
3263 1
3265 1
3266 1
3267 1
3268 1
3269 1
3721 1
3724 1
3725 1
4590 2
4592 1
4593 1
4594 1
4595 1
2400 1
2402 2
2403 1
2404 1
2405 1
2407 1
2408 1
2409 1
3270 1
3273 1
3275 1
3277 1
3731 2
3733 2
3735 1
3736 1
3739 1
2410 1
2411 1
2412 4
2413 3
2414 1
2415 2
2416 4
2417 1
2418 2
2419 1
3280 2
3281 1
3282 1
3285 1
3289 2
3741 2
3742 1
3743 1
3744 1
3747 2
2420 2
2421 1
2422 4
2423 2
2424 1
2425 2
2426 3
2427 2
2428 2
2429 5
3291 1
3294 1
1100 19
1101 17
1102 24
1103 17
1104 20
1105 17
1106 26
1107 26
1108 19
1109 29
3751 1
3753 1
3758 1
3759 2
2430 3
2431 1
2433 2
2434 3
2436 1
2437 1
2438 2
2439 1
1110 25
1111 13
1112 18
1113 18
1114 20
1115 17
1116 18
1117 14
1118 18
1119 20
3760 1
3761 1
3762 1
3763 3
3764 1
3765 1
3766 1
3769 1
2440 1
2441 1
2443 4
2444 3
2445 4
2446 2
200 3029
2448 1
201 3053
202 2995
203 2891
204 2975
205 3046
206 2917
207 2924
208 2921
209 2899
2900 1
1120 17
2901 2
1121 15
2902 1
1122 25
2903 1
1123 22
1124 15
2905 4
1125 18
5001 1
2906 1
1126 13
1127 23
2908 1
1128 20
1129 15
5007 1
5008 1
5009 1
3770 1
3772 1
3773 1
2450 2
2451 2
2453 1
2454 3
2456 2
2457 1
210 2929
2458 3
211 2873
2459 2
212 2898
213 2849
214 2967
215 2965
216 2828
217 2885
218 2898
219 2919
1130 16
1131 17
2912 1
1132 25
2913 2
1133 18
2914 1
1134 19
2915 1
1135 17
2916 1
1136 22
1137 15
2918 3
5013 2
1138 20
1139 16
5016 1
5018 2
5019 1
3785 1
3787 3
2460 1
2462 4
2465 1
2466 1
2467 3
220 2860
221 2894
2468 2
2469 2
222 2946
223 2822
224 2901
225 2826
226 2830
227 2799
228 2819
229 2837
1140 14
1141 12
2921 1
2922 1
1142 17
1143 21
1144 15
1145 13
2925 1
1146 16
5022 2
1147 17
1148 21
2928 3
5024 3
1149 21
5026 1
5027 1
5028 3
5029 3
3790 1
3793 1
3794 1
3795 1
1600 8
1601 7
1602 1
1603 2
1604 4
1605 3
1606 2
1607 1
1608 9
1609 5
2470 2
2471 3
2472 1
2473 2
2474 1
2476 1
230 2862
2477 2
231 2734
232 2869
233 2891
234 2822
235 2903
236 2853
237 2823
238 2776
239 2744
1150 13
1151 14
2932 4
1152 21
1153 25
2934 2
1154 12
5030 2
1155 13
2936 1
5031 1
1156 20
2937 1
1157 10
5033 3
1158 16
2939 1
5034 1
1159 13
5035 1
1610 4
1611 6
1612 3
1613 5
1614 3
1615 2
1616 7
1617 4
1618 3
1619 5
2480 2
2481 2
2482 2
2484 1
2485 1
2486 2
240 2797
241 2763
2489 3
242 2776
243 2772
244 2818
245 2707
246 2829
247 2738
248 2762
249 2747
1160 15
2941 2
1161 17
2942 4
1162 15
1163 14
1164 22
1165 17
2946 1
5041 1
1166 22
2947 1
5042 2
1167 23
700 139
2948 2
5043 1
1168 13
701 139
5044 1
1169 12
702 150
5045 3
703 142
704 112
705 123
706 159
5049 1
707 125
708 127
709 135
1620 4
1621 3
1622 7
1623 4
1624 6
1625 6
1626 5
1627 3
1628 5
1629 7
2491 1
2492 1
2493 2
2494 1
2495 1
2496 3
2497 1
250 2908
2498 1
251 2717
252 2935
253 2767
254 2768
255 2744
256 2791
257 2817
258 2828
259 2756
2950 1
1170 11
2951 1
1171 13
1172 16
1173 16
2954 1
1174 15
1175 14
2956 1
1176 19
2957 1
5052 2
1177 19
710 136
5053 1
2958 2
1178 12
711 114
5054 1
2959 3
1179 9
712 142
713 150
5056 1
714 131
5057 1
715 107
5058 3
716 124
5059 1
717 129
718 126
719 101
1630 2
1631 6
1632 8
1633 5
1634 2
1635 5
1636 2
1637 7
1638 7
1639 4
260 2712
261 2769
262 2748
263 2818
264 2802
265 2758
266 2738
267 2860
268 2805
269 2844
1180 15
2960 1
1181 13
2961 2
1182 13
1183 14
2963 1
1184 15
2964 2
5060 3
1185 12
2965 1
5061 1
1186 21
5062 2
1187 13
720 123
5063 2
1188 24
721 124
5064 1
2969 2
1189 12
722 117
5065 2
723 130
5066 1
724 110
5067 1
725 142
5068 1
726 126
727 108
728 123
729 108
1640 4
1641 3
1642 9
1643 4
1644 2
1645 6
1646 1
1647 7
1648 6
1649 5
5528 1
270 2834
271 2842
272 2797
273 2804
274 2772
275 2815
276 2799
277 2752
278 2756
279 2883
4204 1
4206 1
4209 2
1190 14
2971 2
1191 16
1192 11
2973 2
1193 19
2974 2
1194 17
1195 8
2976 1
5071 2
1196 16
730 103
1197 12
731 99
1198 9
2979 1
732 108
1199 21
733 109
5075 1
5076 1
734 95
735 84
736 106
737 123
5079 1
738 133
739 111
1650 5
1651 6
1652 5
1653 3
1654 1
1655 3
1656 3
1657 2
1658 5
1659 9
280 2848
281 2840
282 2831
283 2802
284 2743
285 2814
286 2837
287 2855
288 2880
289 2862
4210 1
4215 1
4216 1
2982 1
2983 3
5080 2
5081 3
740 87
5083 1
2988 1
741 99
2989 1
5084 1
742 99
5085 2
743 100
5086 2
744 117
5087 1
745 91
5088 1
746 114
747 107
748 97
749 100
1660 4
1662 5
1663 2
1664 7
1665 4
1666 4
1668 3
1669 1
5549 1
290 2966
291 2826
292 2815
293 2816
294 2888
295 2992
296 2898
297 2842
298 2838
299 2856
4220 2
4222 1
2990 4
2991 1
2993 2
2994 1
5091 1
5092 4
750 91
5093 1
2998 1
751 93
2999 1
752 83
5095 3
753 107
5096 1
754 88
755 94
5098 2
756 100
5099 3
757 92
758 88
759 105
1670 7
1671 5
1672 9
1673 10
1674 6
5550 1
1675 3
1676 11
1677 5
1678 8
1679 4
4231 1
4235 1
4236 1
4237 1
760 95
761 105
762 98
763 78
764 90
765 89
766 91
767 74
768 91
769 75
1680 6
1681 6
1682 5
1683 3
1684 2
1685 5
1686 3
1687 5
1688 6
1689 5
4240 2
4241 1
4243 1
4244 1
4245 1
4247 1
770 100
771 96
772 79
773 89
774 77
775 84
776 80
777 72
778 82
779 88
4702 1
4703 1
4704 1
4706 1
1690 3
1691 4
1692 3
1693 6
1694 7
1695 4
1696 3
1697 3
1698 7
5574 1
1699 3
4250 1
4251 2
4252 1
780 79
781 62
782 76
783 88
784 91
785 78
786 69
787 59
788 89
789 96
4710 1
4712 1
4716 1
4717 1
5582 1
4261 1
4262 1
4265 1
4266 1
790 73
791 83
792 86
793 69
794 83
795 70
796 80
797 64
798 67
799 68
4720 1
4726 1
4727 1
4729 2
5591 1
3400 1
3402 1
3403 3
3404 1
3409 1
4272 1
4276 2
4733 2
4735 1
4739 1
3410 1
3411 1
3412 1
3413 2
3414 1
3418 1
4283 2
4288 1
4289 1
4740 2
4741 1
4742 1
4743 1
4744 1
4746 1
4747 2
4749 1
3429 2
4296 1
4298 1
2100 1
2101 2
2102 3
2103 1
2104 2
2105 3
2106 1
2107 1
2109 3
4750 1
4759 1
3431 1
3435 2
3438 2
3439 2
2110 3
2111 1
2112 2
2113 2
2114 3
2115 1
2116 2
2117 2
4761 1
4763 2
4764 4
4765 1
4766 1
4767 1
4768 1
3440 1
3444 1
3445 3
2120 3
3901 1
2121 3
3902 1
3903 2
2123 4
2124 3
2125 1
3906 1
2126 2
3907 2
2128 2
2129 1
4771 1
4772 1
4774 1
4778 1
4779 1
3450 1
3452 1
3453 1
3455 1
3456 1
3457 1
3459 3
3910 1
2130 1
2131 3
3912 1
2132 1
2133 1
2135 1
2137 2
3918 2
2138 1
3919 1
6019 1
4780 1
4784 2
4786 2
4789 1
3462 4
3464 1
3466 3
3468 1
3469 1
2140 2
3920 1
2141 6
3921 1
2142 4
2143 2
3923 1
2144 1
2145 2
3925 2
2146 4
3926 1
3927 1
2147 5
2148 3
2149 4
6029 1
4793 1
4795 1
4796 1
4798 3
2600 2
2601 5
2602 4
2603 3
2604 2
2605 2
2608 1
3470 2
3475 1
3478 1
2150 1
2151 5
2152 4
3933 1
2154 2
3935 1
2155 1
3936 1
2156 1
3937 1
2157 2
3938 1
2158 1
2610 1
2611 2
2612 3
2613 1
2614 2
2615 1
2616 2
2619 1
3487 1
3940 1
2160 3
3941 1
2161 3
2162 1
3942 1
2163 1
3943 1
2164 2
3946 1
2166 1
2167 2
2168 1
3949 1
2620 2
