2621 2
2622 1
2624 1
6504 1
2629 1
6505 1
6509 1
3490 3
3495 1
3496 3
3497 1
3498 1
1300 14
1301 13
1302 22
1303 13
1304 17
1305 15
1306 11
1307 14
1308 10
1309 13
3951 1
2171 2
2172 3
3953 2
2173 3
2174 1
2175 5
6051 1
3956 2
2176 5
2177 3
2178 1
3959 1
6058 1
7 1
2632 1
2634 2
2635 1
6511 1
2637 2
2638 1
6517 1
1310 13
1311 22
1312 18
1313 15
1314 12
1315 11
1316 19
1317 22
1318 16
1319 12
2180 3
3961 1
2181 4
2182 5
2184 4
2185 3
2186 3
2187 5
6063 1
2188 3
2189 2
3969 2
6066 1
7851 1
7854 1
2640 1
2643 1
2644 1
2646 1
400 1976
2648 1
401 2031
2649 1
402 1893
403 1932
404 1950
405 1910
406 1957
407 1874
408 1924
409 1822
1320 21
1321 12
1322 13
1323 12
1324 14
5200 1
1325 13
1326 10
1327 14
5203 1
1328 12
5204 1
1329 14
5206 1
5209 1
3970 2
2190 2
3971 1
2191 2
2192 1
2193 1
3974 1
2194 3
3975 2
2195 2
2196 1
6071 1
2197 6
3978 2
2198 1
2199 1
2651 1
2654 1
2655 1
2656 3
6532 1
410 1837
2657 4
411 1855
412 1903
413 1908
414 1819
415 1784
416 1815
417 1750
418 1744
419 1770
1330 14
1331 19
1332 20
1333 15
1334 13
5210 1
1335 13
1336 16
1337 13
1338 15
1339 14
5218 2
3981 1
3982 1
3983 3
3984 2
3985 4
3987 1
7871 1
7873 1
7878 1
2661 1
2662 2
2663 2
2664 1
2666 1
420 1734
421 1772
422 1774
2669 2
423 1671
424 1671
425 1660
426 1674
427 1653
428 1619
429 1615
1340 13
1341 12
1342 17
1343 12
1344 13
5220 1
1345 17
1346 17
1347 11
1348 7
1349 13
5226 2
5228 1
3990 1
3991 1
3993 1
3994 1
3995 1
6092 1
3998 1
1800 5
1801 4
1802 4
1803 3
1804 5
1805 3
1806 3
1807 3
1808 2
1809 4
2670 1
2672 2
2673 2
2674 1
2675 1
2676 2
430 1647
431 1599
2679 2
432 1540
433 1564
434 1558
435 1564
436 1537
437 1556
438 1490
439 1546
1350 12
1351 7
1352 13
1353 19
1354 16
5230 2
1355 16
1356 12
1357 20
1358 13
5234 1
1359 6
5236 1
1810 1
1811 2
1812 3
1813 2
1814 1
1815 2
1817 5
1818 2
1819 5
2681 2
2683 1
2684 1
2686 1
6562 1
2687 1
440 1502
2688 1
441 1480
2689 2
442 1502
443 1470
444 1418
445 1328
446 1473
447 1449
448 1446
449 1340
1360 17
1361 11
1362 18
1363 10
1364 7
5240 1
1365 19
5241 1
1366 14
1367 13
900 72
1368 14
901 94
5244 1
1369 17
902 78
903 65
904 50
5247 1
905 72
906 77
907 64
908 75
909 55
1820 2
1821 3
1822 2
1823 8
1824 3
1825 3
1826 4
1827 5
1828 4
5704 1
1829 1
5705 1
5707 1
2690 1
2691 3
2693 1
2694 2
2696 3
450 1318
2697 3
451 1364
2698 2
452 1392
2699 1
453 1272
6575 1
454 1317
455 1306
456 1370
457 1244
458 1310
459 1253
1370 10
1371 5
1372 10
1373 10
1374 11
5250 1
1375 12
5251 2
1376 18
1377 9
910 74
5253 1
1378 13
911 70
1379 15
912 59
5255 1
913 82
914 77
915 71
916 68
5259 2
917 88
918 65
919 53
1830 3
1831 5
1832 3
1833 5
1834 2
1835 4
1836 3
1837 3
1838 3
5714 1
1839 5
5718 1
460 1284
461 1279
6584 1
462 1195
463 1241
464 1181
465 1232
466 1198
467 1222
468 1173
469 1148
1380 10
1381 11
1382 15
1383 18
1384 13
1385 8
1386 9
920 76
1387 11
921 64
1388 11
922 67
1389 8
923 44
5265 1
5266 1
924 56
925 69
926 59
927 75
928 79
929 49
1840 2
1841 5
1842 3
1843 6
1844 4
1845 2
1846 1
1847 2
1848 3
1849 3
6590 1
470 1175
471 1177
472 1140
6595 1
473 1118
474 1119
475 1075
476 1067
477 1070
478 1120
479 1054
4405 2
4406 1
4407 1
4409 1
1390 10
1391 13
1392 9
1393 8
1394 11
5270 1
1395 9
1396 11
930 59
1397 13
931 61
1398 11
932 65
1399 12
933 64
934 54
5276 2
935 66
936 53
937 67
938 54
939 52
1850 2
1851 7
1852 5
1853 2
1854 4
5730 1
1855 2
1856 1
1857 4
1858 6
1859 2
5737 1
480 1096
481 1047
482 1083
483 1080
484 992
485 1023
486 999
487 964
488 971
489 931
4412 1
4416 1
4418 2
4419 1
8301 1
8303 1
5280 1
940 77
941 65
942 64
943 65
5286 1
944 59
5287 1
945 59
946 50
5289 1
947 55
948 56
949 60
1860 1
1861 3
1862 4
1863 3
1864 2
1865 4
5741 1
1866 1
1867 5
1868 2
1869 3
5745 1
5749 1
490 951
491 975
492 967
493 961
494 929
495 976
496 938
497 947
498 875
499 858
4421 1
4423 1
4425 1
4427 1
4428 2
4429 1
950 72
951 64
952 59
5295 1
953 62
954 67
955 56
956 61
957 64
958 60
959 53
3104 2
3107 1
3108 1
1870 5
1871 1
1872 4
1873 4
1874 1
1875 2
1876 2
1878 3
1879 9
5756 1
5758 1
4431 1
4434 1
4435 1
4438 1
8320 1
960 47
961 52
962 58
963 55
964 56
965 58
966 56
967 46
968 55
969 61
3113 2
3115 2
3117 3
3119 1
1880 6
1881 1
1882 2
1883 4
1884 2
1885 5
1887 1
1888 5
1889 4
5768 1
4442 1
4443 2
4444 3
4445 1
4448 1
4449 1
970 55
8336 1
971 62
972 72
973 30
8339 1
974 59
975 65
976 46
977 44
978 60
979 65
3120 3
3122 1
1890 1
1891 6
1892 2
1893 2
1894 4
1896 3
1897 3
1898 5
1899 3
7019 1
4455 1
4458 1
980 53
981 49
982 45
983 52
984 54
985 60
986 40
987 39
988 41
989 46
3130 1
3133 1
3134 1
4914 2
3137 1
4917 1
3138 2
3139 2
5780 1
4460 1
4461 2
4466 1
4469 1
8351 1
990 39
991 52
992 48
993 57
994 55
995 42
996 51
997 45
998 54
999 48
3140 1
3141 1
3143 1
4923 1
3144 1
4925 1
3145 1
4927 1
3148 1
3149 1
5792 1
7035 1
7036 1
5796 1
3601 1
3602 1
3603 1
3605 1
3608 1
4473 1
4474 2
4475 1
4477 1
8362 1
8367 1
3150 1
3152 1
3154 1
3155 1
4936 1
4938 1
7040 1
7045 1
7048 2
3613 1
3614 1
3616 2
3618 1
4481 1
4484 1
8375 1
3161 2
4942 1
3164 1
3165 1
4945 1
4946 2
4947 1
3167 1
4949 1
3621 1
3623 1
3624 2
3626 1
7512 1
4494 1
4497 2
4498 2
2300 1
2301 1
8383 1
2302 1
2303 1
2305 5
2306 1
2307 4
2308 1
2309 1
3173 2
3174 3
3177 1
7060 1
7065 1
3631 1
3632 1
3634 4
3635 1
3637 2
3638 3
7527 1
2311 2
2313 1
2315 2
2316 1
8398 1
2317 4
2318 2
2319 1
3181 1
3183 1
3185 1
4966 1
3187 1
7074 1
3640 1
3642 1
3644 1
7532 1
2320 1
2321 2
2322 2
2323 1
2324 2
2325 3
2326 1
2327 2
6203 1
2328 5
2329 1
3190 1
3191 1
3192 2
4975 1
3651 1
3652 1
3657 1
3659 1
7546 1
2330 2
2331 1
2334 1
2335 2
2336 4
2337 2
6213 1
2338 2
2339 1
4982 1
1000 47
1001 46
1002 44
1003 50
1004 56
1005 48
1006 31
1007 50
1008 41
1009 43
3660 1
7557 1
2340 2
2341 2
2342 2
2343 1
2344 1
100 4506
101 4384
102 4404
103 4311
104 4372
105 4484
6227 1
106 4377
107 4509
4990 1
108 4392
109 4371
4992 1
4993 1
1010 42
1011 50
4998 1
1012 55
1013 52
1014 37
1015 59
1016 40
2800 1
1017 48
2801 1
1018 51
2802 1
1019 50
2803 1
2805 1
2806 1
2807 1
2808 1
2809 2
3670 1
3673 1
3678 1
3679 1
7565 1
2350 1
2351 5
2352 2
2354 2
2356 2
6232 1
110 4333
111 4336
2358 4
112 4311
2359 3
113 4346
114 4411
115 4281
116 4265
6238 1
117 4298
118 4322
119 4221
1020 44
1021 38
1022 49
1023 44
1024 53
1025 48
1026 51
1027 41
1028 43
2811 2
1029 37
2812 1
2813 2
2816 1
2817 1
2818 4
3684 1
3685 1
3687 1
3688 1
7572 1
2360 2
2361 4
2362 2
2363 1
2364 3
6240 1
2365 4
2366 4
2367 4
120 4357
2368 2
121 4339
2369 2
122 4243
123 4112
124 4245
125 4321
126 4160
127 4120
128 4164
129 4109
1030 46
1031 44
1032 45
1033 43
-158 1
1034 39
1035 32
1036 39
2820 2
1037 34
2821 1
1038 45
2822 1
1039 38
2823 1
2824 1
2825 4
2828 2
2829 1
6706 1
3690 1
3691 1
3693 2
3697 1
3699 1
7580 2
1500 8
1501 11
7583 1
1502 4
1503 8
7585 1
1504 9
1505 8
1506 6
1507 7
1508 8
1509 7
2370 2
2372 1
2374 4
2375 1
6251 1
2376 2
2377 1
6252 1
130 3992
2378 1
131 4207
2379 1
132 4011
133 4009
134 4101
135 4090
136 4059
137 4086
138 4002
139 3898
1040 35
1041 41
1042 40
1043 41
1044 44
1045 30
1046 36
2830 2
1047 32
1048 32
2832 2
1049 33
2834 1
2835 1
2836 2
2839 3
1510 7
1511 6
1512 8
1513 7
1514 9
1515 9
1516 5
1517 12
1518 7
1519 5
2380 1
2381 3
2382 2
2383 1
2385 2
2386 1
140 3981
2387 1
141 3956
2388 3
2389 1
142 3969
143 3940
6265 1
144 3916
145 3866
146 3923
147 3895
148 3708
149 3748
1050 45
1051 37
1052 43
1053 47
1054 50
1055 43
1056 17
2840 3
1057 38
1058 34
2842 3
1059 32
2847 1
600 379
2848 1
601 396
602 369
603 349
604 355
605 344
606 348
607 341
608 346
609 362
1520 8
1521 7
1522 2
1523 7
1524 4
1525 11
1526 7
1527 15
1528 9
1529 5
5408 1
2390 1
2391 1
2393 1
2394 3
6271 1
150 3897
2397 3
151 3821
152 3759
153 3664
154 3708
155 3714
156 3645
157 3660
158 3584
159 3679
1060 37
1061 31
-186 1
1062 52
1063 32
-188 1
1064 36
1065 41
1066 37
1067 40
2850 2
1068 41
1069 41
2853 5
2854 2
2855 3
610 332
611 324
2858 1
612 332
2859 3
613 344
614 333
615 306
616 325
617 300
618 314
619 301
1530 7
1531 8
1532 9
1533 8
1534 6
1535 5
1536 3
5412 1
1537 4
5413 1
1538 10
5414 1
1539 8
5418 1
5419 1
6281 1
160 3627
161 3665
162 3618
163 3522
164 3515
165 3556
166 3497
167 3565
168 3433
169 3467
1070 35
1071 28
1072 36
1073 40
1074 41
1075 47
1076 40
2860 2
1077 49
2861 1
1078 43
1079 42
2864 1
2866 1
2867 1
620 302
621 298
2869 2
622 310
623 323
624 309
625 314
626 292
627 287
628 293
629 291
1540 7
1541 9
1542 7
1543 3
1544 2
1545 12
1546 5
1547 7
1548 8
1549 6
5428 1
6291 1
6292 1
170 3566
171 3487
172 3384
173 3306
174 3363
175 3457
176 3370
177 3427
178 3373
179 3350
4100 1
4102 1
1080 42
1081 42
4105 2
1082 32
1083 40
1084 30
1085 37
1086 23
1087 34
2871 1
1088 33
1089 40
2873 1
2875 1
2876 1
2877 2
630 328
2878 2
631 322
632 288
633 269
634 270
635 254
636 303
637 258
638 276
639 278
1550 7
1551 4
1552 4
1553 3
1554 13
1555 2
5431 1
1556 5
1557 5
1558 2
1559 7
5436 1
5437 1
180 3385
181 3364
182 3148
183 3248
184 3246
185 3270
186 3217
187 3164
188 3188
189 3209
4110 1
4111 1
1090 32
1091 32
4114 1
1092 29
4115 1
1093 35
1094 32
4117 2
1095 21
1096 34
4119 2
1097 27
2881 1
1098 28
1099 42
8001 1
2883 1
2886 1
640 293
641 285
2889 2
642 247
643 258
644 251
645 266
646 250
647 271
648 255
649 272
1560 5
1561 7
1562 4
1563 9
1564 16
1565 4
5441 2
1567 8
1568 9
1569 8
5448 1
190 3263
191 3179
192 3221
193 3186
194 3211
195 3164
196 3184
197 3169
198 3220
199 3065
4120 1
5902 1
4123 1
5904 1
4126 1
5908 1
2890 2
2891 1
2892 1
2894 1
2896 2
650 243
2897 1
651 241
2898 2
652 273
653 256
654 240
8019 1
655 235
656 267
6779 1
657 258
658 215
659 240
1570 8
1571 8
1572 9
1573 9
1574 8
1575 7
1576 6
1577 8
1578 4
1579 5
5459 1
4135 1
5917 1
4137 1
660 222
661 216
8027 1
662 231
663 220
6786 1
664 263
665 235
666 221
667 231
668 219
669 211
1580 6
1581 3
1582 10
1583 9
1584 7
5460 1
1585 9
1586 4
1587 2
1588 7
1589 6
5465 1
5469 1
4140 1
5922 1
5923 1
4144 2
5925 1
4146 1
8032 1
670 242
6793 1
671 219
672 238
6795 1
673 199
674 216
675 222
6798 2
676 221
677 211
678 215
679 212
4604 1
1590 8
1591 7
1592 4
1593 5
1594 8
1595 7
1596 6
1597 5
1598 2
1599 4
4150 2
5931 1
5932 1
4153 1
5935 1
4156 1
4158 3
4159 1
8041 1
8043 1
680 202
681 214
682 229
683 228
684 237
685 183
686 212
687 196
688 202
689 198
4611 1
4613 1
4614 1
4617 1
8500 1
8502 1
5480 1
8503 4
8505 3
5483 1
8506 2
8507 1
5486 2
4160 2
4161 2
4162 1
4163 2
4164 1
5945 1
4166 1
5947 1
4169 2
8053 1
690 233
691 211
692 201
693 181
694 174
695 198
696 191
697 167
698 195
699 194
4620 1
4624 1
4626 1
8510 1
8511 1
8512 2
8513 1
8514 4
8515 2
8516 1
8518 1
5496 1
8519 1
3300 2
3301 1
3302 1
3304 1
3309 1
4173 1
4176 1
4630 1
4632 1
4633 1
4634 1
4636 1
4637 2
8520 1
8523 1
8524 1
8526 1
3313 1
3314 1
3315 1
4180 2
5961 1
5962 1
4182 1
5963 1
5964 2
4187 1
5968 1
5969 2
4642 1
4646 1
8539 1
3324 1
3325 1
3327 1
3328 1
4191 1
4192 1
5973 1
4193 1
4194 1
4196 1
5977 1
4197 1
4198 1
4199 1
2000 5
2001 4
2002 4
2003 4
2004 6
2005 3
2006 1
2007 3
2008 3
2009 2
4659 1
3331 1
3334 1
3338 1
5982 2
5986 1
5987 1
5988 1
2010 2
2011 2
2012 1
8093 1
2013 1
8095 1
2014 3
2015 4
2016 6
2017 1
2018 6
2019 3
4666 2
3345 2
3346 1
3347 2
2020 4
2021 2
3802 1
2022 1
3803 1
2023 1
2024 2
3804 1
2025 1
2026 4
2027 2
3808 1
2028 3
2029 4
4672 1
4673 1
4675 2
4676 1
4678 1
3350 1
3354 1
3355 2
7244 1
3810 1
2030 1
2031 1
2032 6
3813 2
2033 3
3814 1
2034 1
2035 2
3816 2
2036 3
2037 1
3817 2
2038 3
2039 2
4681 1
7706 2
4685 1
3361 1
3362 2
3363 1
3364 2
3365 1
3366 1
3367 1
3368 1
3369 1
7250 1
7254 1
2040 1
3821 1
2041 4
2042 3
2043 2
3824 2
2044 1
3825 1
2045 6
2046 4
2047 1
3827 1
3828 1
2048 1
2049 4
4692 1
7715 2
4693 1
2500 2
2501 1
2502 1
2503 1
2504 3
2505 1
2507 3
2508 2
2509 1
3371 1
3373 1
3374 1
3379 1
2050 2
2051 5
2052 6
3833 1
2053 2
2054 2
2055 5
3836 1
2056 9
2057 1
3837 1
3838 2
2058 5
3839 1
2059 6
7720 1
7721 1
7729 1
2510 1
2511 1
2515 1
2516 1
2517 1
2518 1
3381 2
3383 1
3385 2
3386 1
3387 2
3388 1
2060 5
2061 1
2062 4
2063 3
3844 1
3845 2
2065 3
2066 5
2067 5
2068 1
2069 4
3849 1
7733 1
7737 1
2523 1
2524 1
6401 1
2527 1
2528 2
2529 2
6405 1
6408 1
3392 1
3395 1
3398 1
-318 1
1200 20
7282 1
1201 26
1202 21
1203 21
1204 21
-2 1
1205 25
-4 1
1206 27
7288 1
1207 18
1208 26
1209 13
-8 1
2070 2
2071 3
3852 1
2072 4
2073 4
2074 5
2075 6
3856 3
2076 3
2077 2
2078 2
2079 1
2530 4
2532 2
2533 1
2534 2
2535 1
6411 1
2538 3
2539 2
6418 1
1210 21
1211 22
1212 17
1213 20
1214 15
1215 18
1216 28
1217 20
1218 23
1219 23
2080 4
2081 6
3862 1
2082 5
2083 9
3864 1
2084 6
2085 6
3866 1
2086 5
2087 2
2088 2
3869 2
2089 4
2540 2
2541 2
2542 1
2545 1
300 2825
301 2774
2548 1
302 2909
303 2833
304 2841
305 2844
306 2818
307 2903
308 2918
309 2831
1220 29
1221 17
1222 19
1223 27
1224 25
1225 20
1226 17
1227 17
1228 25
1229 21
5107 1
5109 1
2090 1
3871 1
2091 2
3872 1
2092 3
3873 1
2094 6
2095 2
2096 4
2097 3
2098 2
2099 4
2550 2
2551 1
2552 1
2555 3
310 2966
2557 1
311 2893
312 2825
313 2755
314 2820
315 2875
316 2859
317 2804
318 2779
319 2734
1230 17
1231 16
1232 17
1233 17
1234 20
5110 1
1235 21
1236 13
1237 19
5113 1
1238 18
1239 15
5115 1
3880 1
3881 1
3882 1
3883 1
3889 1
7771 1
7772 1
2560 2
2562 1
2563 2
2565 2
320 2777
321 2694
2569 3
322 2642
323 2662
324 2724
325 2839
326 2849
327 2654
328 2681
329 2743
1240 21
1241 25
1242 14
10 1
1243 23
1244 14
1245 16
5121 3
1246 20
5122 2
1247 11
15 1
16 1
1248 32
1249 17
5126 1
19 1
3896 1
3898 1
1700 6
1701 4
1702 3
1703 3
1704 5
1705 6
1706 3
1707 4
1708 5
1709 6
2570 3
2571 1
2575 1
330 2670
331 2685
2579 1
332 2789
333 2710
334 2662
335 2657
336 2638
337 2601
338 2639
339 2622
1250 15
1251 22
20 1
1252 22
1253 18
1254 14
1255 14
23 1
1256 17
25 1
1257 17
5133 1
1258 14
26 1
27 2
1259 15
28 1
29 1
1710 3
7792 1
1711 1
1712 3
1713 3
1714 7
7796 1
1715 5
1716 8
1718 3
1719 1
2580 1
2581 1
2582 1
2583 1
2584 4
2585 3
2587 1
340 2643
341 2589
342 2598
2589 2
343 2545
344 2636
345 2535
346 2592
347 2545
6469 1
348 2631
349 2531
1260 6
1261 15
1262 22
31 1
1263 13
1264 10
32 4
33 2
1265 12
1266 10
34 7
1267 11
35 19
800 92
1268 13
36 18
801 109
1269 15
37 33
802 142
5145 1
38 58
803 132
39 94
804 117
805 105
806 104
807 113
808 111
809 91
1720 6
1721 7
1722 2
1723 3
1724 5
1726 1
1727 6
1728 5
1729 2
5605 1
2590 1
2593 1
2594 3
350 2637
2597 1
351 2557
352 2542
2599 1
353 2631
354 2498
355 2504
356 2509
6479 1
357 2538
358 2513
359 2523
1270 10
1271 17
1272 19
40 132
1273 17
41 170
1274 19
42 313
1275 19
43 467
6931 1
1276 23
44 618
810 120
1277 16
45 835
5153 1
811 116
1278 17
46 1132
812 122
1279 20
47 1398
813 101
48 1794
814 92
49 2179
815 98
5157 2
816 121
5158 1
817 109
818 113
819 98
1730 5
1731 1
1732 1
1733 2
1735 4
1736 1
1737 3
1738 3
1739 3
5615 1
360 2546
361 2454
362 2465
363 2432
364 2454
365 2388
366 2409
367 2377
368 2407
369 2375
-395 1
1280 19
1281 14
1282 12
50 2498
1283 11
51 2842
1284 14
52 3160
1285 17
53 3566
1286 13
54 3826
1287 14
55 4008
820 114
1288 19
56 4331
821 103
1289 16
57 4605
822 97
58 4498
823 96
59 4712
824 108
825 113
826 105
827 105
828 108
829 105
1740 1
1741 5
1742 5
1743 1
1744 3
1745 1
1746 6
1747 6
1748 4
1749 9
5625 1
5627 1
370 2405
371 2263
372 2254
373 2275
374 2383
375 2271
376 2299
377 2298
378 2345
379 2227
4306 1
4308 1
1290 20
1291 13
1292 22
60 4707
1293 12
61 4703
1294 17
62 4649
1295 16
63 4738
1296 12
64 4599
1297 14
65 4622
830 102
5173 2
1298 17
66 4764
831 105
5174 1
1299 10
67 4549
832 86
68 4508
833 89
69 4424
834 80
835 84
836 101
837 89
838 87
839 93
1751 4
1752 2
1753 2
1754 4
1755 1
1756 2
1757 2
1758 5
5634 1
1759 6
380 2232
381 2205
382 2285
383 2172
384 2167
385 2243
386 2111
387 2156
388 2131
389 2067
4313 1
4314 1
4316 1
4317 1
70 4470
71 4420
72 4492
5180 1
73 4466
74 4481
75 4379
840 92
76 4381
841 112
77 4298
842 91
5185 1
78 4336
843 104
79 4386
844 88
845 93
5188 1
846 108
847 100
848 94
849 85
1760 3
1761 4
1762 3
1763 8
1764 2
1765 4
1766 3
1767 6
1768 4
390 2173
391 2090
392 2076
393 2050
394 2006
395 2102
396 1997
397 2090
398 2028
399 1939
4320 1
4322 1
4323 1
4327 1
80 4418
81 4352
8212 1
82 4442
83 4542
5191 1
84 4403
850 87
85 4406
851 84
86 4440
8217 1
852 84
87 4454
5195 1
853 78
88 4286
854 82
5196 1
89 4245
855 86
5197 1
856 92
857 103
858 89
859 90
3000 1
3002 1
3004 1
3005 1
3006 2
3008 1
1770 2
1771 4
1772 5
1773 5
1774 2
1775 5
1776 2
5652 2
1777 6
1778 2
5654 1
1779 3
5655 1
4334 1
4336 1
90 4468
91 4366
92 4386
93 4469
94 4323
95 4546
860 88
6983 1
96 4236
861 91
97 4446
862 95
98 4477
863 99
99 4398
864 89
865 91
866 83
867 84
868 84
869 83
3011 2
3012 1
3013 1
3014 1
3015 1
3016 1
3017 1
1780 5
1781 3
1782 4
1783 4
1784 2
5660 1
1785 3
1786 3
1787 3
5663 1
1789 3
4341 1
4342 2
4346 1
870 87
871 78
6994 1
872 82
873 71
874 90
8239 1
875 90
876 78
877 95
878 69
879 90
3020 2
3021 3
4802 1
3022 2
3023 2
3024 1
1791 3
1793 2
1794 4
1795 1
1796 5
1797 5
1798 2
1799 1
4350 1
4351 1
4352 1
4354 1
4356 1
4358 1
8240 1
8244 1
880 72
881 87
882 69
883 94
884 72
885 78
886 99
887 80
888 80
889 79
3030 1
3031 3
3032 2
3035 4
3037 1
3038 2
5683 1
5684 1
5689 1
4360 1
8254 1
890 69
891 72
892 81
893 95
894 82
895 76
896 78
897 66
898 55
899 85
3040 1
3041 1
4821 1
3042 2
3043 1
3044 1
3045 1
4827 1
3047 1
3048 2
3049 1
5697 1
3501 2
3502 1
3503 1
3505 1
3506 1
3509 2
4371 1
4374 1
4377 1
3050 1
3051 1
4833 1
3055 1
4836 1
4837 1
3057 3
3058 1
3059 1
3511 1
3512 2
3515 1
3517 1
4380 1
4387 1
3060 1
3062 1
4842 1
3064 1
3065 1
3066 1
4846 1
4847 2
4849 1
3069 3
3521 1
3528 2
7412 1
4390 1
4395 1
4398 2
2200 5
2201 4
8283 1
2202 4
8284 1
2203 3
2204 3
2205 2
2206 2
2207 2
2209 1
3070 2
3071 1
3073 1
3074 2
4855 1
3075 1
3076 2
3077 1
3532 1
3533 1
3534 1
3536 1
2211 1
8293 1
2213 2
2214 3
2215 3
8297 1
2216 5
2217 4
2218 2
2219 2
3082 1
3086 1
4867 1
3087 1
3540 1
3541 3
3545 1
3546 1
3547 1
7436 1
2220 1
2221 3
2222 2
2223 2
2224 1
2225 3
2226 4
2227 1
2228 3
2229 2
6107 1
3095 1
3099 2
3550 1
3554 1
3556 2
3557 1
7446 1
2230 2
2231 1
2232 2
2233 1
2234 1
2235 5
6111 1
2236 3
2237 1
2238 2
6119 1
7903 1
4882 1
7909 1
3560 2
3562 1
3563 3
3564 1
3569 1
2240 3
2242 1
2243 2
2244 2
2246 1
6122 1
2247 1
2248 1
2249 2
7911 1
4893 1
4895 1
4897 1
2701 1
2703 1
2704 6
2706 2
2707 2
2708 1
2709 2
3570 1
3573 1
3576 1
3577 1
3578 1
2250 5
2251 4
2252 3
2254 3
6130 1
2256 4
2257 2
2258 3
2259 3
2710 1
2712 1
2713 1
2714 1
2715 1
2717 4
2719 1
3582 1
3588 1
2260 4
2261 6
2262 2
2263 2
2264 2
2265 1
2266 3
2267 2
2268 2
2269 1
6145 1
6148 1
2721 1
2723 1
2725 2
2726 1
2729 1
3593 1
3595 1
3596 1
1400 9
1401 15
1402 16
1403 16
1404 13
1405 13
1406 11
1407 12
1408 13
1409 14
2272 4
2273 1
2274 2
2275 2
2276 2
2277 2
2278 1
2279 1
2731 1
2732 2
2735 1
2736 2
2738 1
2739 1
7491 1
1410 8
1411 7
1412 13
1413 12
1414 15
1415 16
1416 4
1417 14
1418 11
1419 12
2280 2
2281 2
2282 5
2283 2
2284 1
2285 1
2286 3
2288 1
2289 1
7957 1
2742 1
2744 2
2745 2
2746 1
500 850
2747 1
501 890
2749 2
502 873
503 790
504 792
505 871
506 935
507 808
508 841
509 858
1420 9
1421 14
1422 11
1423 12
1424 11
1425 15
5301 1
1426 13
5302 2
1427 5
1428 10
1429 11
2290 4
2291 1
2293 2
2294 2
2295 1
2296 3
2297 1
2299 1
6177 1
7969 1
2750 2
2751 3
2752 1
2754 1
2757 1
510 781
2758 1
511 813
2759 1
512 795
513 793
514 779
515 751
516 800
517 763
518 734
519 761
1430 12
1431 9
1432 13
1433 11
1434 13
1435 11
1436 11
5312 1
1437 9
1438 11
1439 10
2760 1
2761 1
2762 2
2763 2
2765 1
520 732
521 739
2769 2
522 679
523 737
524 713
525 701
526 712
527 687
528 682
529 615
1440 10
1441 10
1442 8
1443 12
1444 6
1445 6
5321 1
1446 13
5322 1
1447 9
5323 1
1448 8
1449 6
5327 1
5329 1
1900 3
1901 3
1902 3
1903 1
1904 2
1905 1
4000 1
1906 3
1907 6
4002 3
1908 2
1909 3
4004 1
4008 1
4009 1
2771 1
2773 1
2774 1
2775 1
2776 1
530 658
2777 2
2778 1
531 653
532 688
533 662
534 644
535 608
536 683
537 637
538 612
539 601
1450 9
1451 7
1452 8
1453 10
1454 5
5330 1
1455 8
5331 1
1456 9
1457 7
1458 5
1459 8
1910 3
1911 1
1912 2
1913 3
1914 2
1915 3
1916 4
1917 2
1918 2
1919 3
2780 2
2782 2
2783 1
2785 1
2786 2
540 639
2787 3
2788 2
541 586
542 613
543 572
544 548
545 576
546 570
547 584
548 575
549 571
1460 10
1461 11
1462 8
1463 7
1464 9
1465 11
1466 11
5342 1
1467 6
5343 1
1468 11
1469 5
5348 1
1920 3
1921 3
1922 2
1923 4
1924 2
1925 1
1926 1
4021 1
1927 4
1928 1
5804 1
4024 1
1929 4
4026 1
5809 1
4029 1
2790 1
2791 1
2792 1
2794 2
2796 1
2797 1
550 556
6673 1
2798 1
551 554
2799 1
552 581
6675 1
553 539
6676 1
554 556
555 555
556 541
557 538
558 516
559 498
1470 9
1471 7
1472 4
1473 6
1474 15
5350 1
1475 8
1476 9
1477 11
1478 12
1479 5
5357 1
5358 1
1930 3
1931 2
1932 4
1933 2
1934 5
1935 2
1936 3
1937 5
1938 5
4033 1
1939 3
4034 1
4035 3
4037 1
4038 1
5818 1
560 559
561 502
562 497
563 506
564 518
565 470
566 493
567 514
568 455
569 449
1480 7
1481 6
1482 12
1483 13
1484 10
5360 1
1485 11
1486 6
1487 10
1488 7
5364 1
1489 8
5366 1
5367 2
5369 1
1940 1
1941 5
1942 5
1943 4
1944 2
1945 1
5821 1
1946 2
4042 1
1947 5
1948 4
4043 1
1949 4
4046 1
5829 1
4049 1
570 438
571 475
572 451
573 495
574 451
575 460
576 463
577 437
578 442
579 450
4501 1
4506 1
4509 1
1490 8
1491 10
1492 5
1493 9
1494 10
1495 7
5371 1
1496 5
1497 8
5373 1
1498 7
1499 12
5375 2
5376 1
1950 3
1951 2
1952 2
1953 3
1954 3
4050 1
5830 1
1955 5
1956 2
4051 2
5832 1
1957 3
4053 1
1959 7
4055 1
4058 1
580 454
581 456
582 402
583 429
584 394
585 413
586 421
587 404
588 379
589 359
4513 1
4514 1
4515 1
8401 1
5387 1
5388 1
1960 3
1961 5
1962 4
1963 5
1964 4
4060 1
1965 2
1966 2
4063 1
1968 3
1969 4
4065 1
4068 3
590 385
591 370
592 369
593 379
594 364
595 360
596 368
597 403
598 320
599 386
4520 1
4521 1
4522 1
4525 1
4526 1
8411 1
8415 1
5399 1
3200 1
3201 1
3202 1
3207 3
3208 1
1970 3
1971 2
1972 5
1973 2
1974 5
1975 2
1976 1
1977 2
4072 1
5854 1
1979 6
4531 1
4539 1
3210 1
3211 3
3213 1
3215 1
3217 1
3219 1
1980 2
1981 1
1982 3
1983 1
7102 1
1984 1
4080 1
1985 2
5861 1
1986 3
7105 1
5862 1
1987 5
4083 1
1988 2
1989 2
4085 2
4087 1
4089 1
4543 1
4546 1
4548 1
8438 1
3222 1
3223 1
3228 1
1990 3
1991 4
1992 5
1993 3
1994 1
1995 4
1996 4
7115 1
1997 5
4092 1
1998 5
1999 3
7118 1
4095 1
4099 1
4551 1
4559 1
8440 1
8448 1
3232 1
3233 1
3238 1
5883 2
8450 1
8455 1
8456 1
3241 1
3243 2
3244 2
5898 1
3700 1
3701 1
3703 1
3704 1
3705 1
3706 1
3708 1
4570 2
4573 1
4574 1
8462 3
8463 1
8464 1
8469 3
3254 1
3256 1
3710 1
3711 1
3714 2
3716 1
3719 2
4583 1
4588 1
8471 1
8473 2
8475 1
8477 3
8479 2
3260 2
3262 1
3265 1
3269 1
7158 1
3720 1
3721 1
3722 1
3723 1
3724 1
3726 1
4592 1
4593 1
4597 1
8480 3
2400 2
2402 1
8483 2
8484 1
2404 1
8485 1
8486 3
2406 1
8487 4
2407 1
8488 2
8489 1
2408 2
2409 1
3276 3
3278 2
3279 1
7165 1
3736 1
3737 1
3738 1
-16 1
7627 1
2410 2
8491 3
8492 2
8493 1
2412 2
8494 1
2413 3
2414 1
8496 1
2415 1
2416 1
8497 1
8498 1
2417 3
2418 1
8499 1
2419 1
3280 1
3281 1
3283 1
3285 1
3286 1
3287 2
3289 1
3740 1
3744 2
3745 2
3748 2
-22 1
-23 1
7633 1
7636 1
2420 1
2422 1
2427 1
2428 1
3290 1
3296 1
3298 1
1100 31
1101 34
1102 24
1103 24
1104 41
1105 31
1106 33
7188 1
1107 28
1108 30
1109 42
3750 1
3752 2
3756 1
3758 1
-31 2
7640 1
-37 1
2430 2
2431 3
2433 3
2434 3
2436 2
2439 2
6317 1
1110 28
1111 26
1112 39
1113 25
1114 35
1115 21
1116 29
1117 24
1118 23
1119 28
3761 1
3764 1
3768 2
7655 1
2440 1
2442 3
2443 1
2444 2
2445 2
2446 3
2447 6
200 3019
6323 1
2448 2
201 3086
202 3184
203 3071
204 3067
205 2976
206 3087
207 3004
208 3025
209 3024
-232 1
1120 21
2901 4
1121 20
1122 35
2903 3
1123 24
2904 2
1124 18
1125 23
2906 2
1126 30
1127 28
2908 1
1128 34
2909 3
1129 22
5006 1
3773 1
3775 2
-50 1
7661 1
-59 1
2450 1
2451 2
2452 3
2453 2
2454 4
2455 1
6331 1
2456 3
2457 3
210 3007
6333 1
211 3057
2459 1
212 3005
213 2974
214 2969
215 2993
216 2996
217 2930
218 2898
219 2979
2910 1
1130 30
2911 1
1131 27
1132 27
1133 19
2914 2
1134 14
2915 2
1135 27
2916 1
1136 28
2917 1
5012 1
1137 19
1138 26
2919 2
1139 34
5015 1
3780 1
3781 1
3785 1
3786 1
3789 1
7677 3
7679 2
2460 4
2462 4
220 2907
2467 3
221 3005
2468 1
2469 2
222 3028
223 3019
224 2860
225 2956
226 2971
227 2961
228 2841
229 2978
1140 29
2920 2
1141 26
2921 1
1142 31
2922 1
2923 1
1143 21
1144 17
1145 28
2925 1
1146 30
2926 1
1147 23
1148 27
2928 1
1149 29
2929 2
5029 1
6809 1
3796 1
7680 1
-76 1
1600 4
-77 1
1601 4
7683 1
1602 9
1603 5
1604 4
1605 8
1606 9
1607 4
1608 5
1609 8
2470 2
2471 1
2473 1
2474 2
2475 1
2476 3
230 3036
6353 1
231 2939
232 2892
2479 2
233 2854
234 2939
235 2907
236 2984
237 2891
238 2834
239 2967
2930 1
1150 33
2931 1
1151 20
2932 1
1152 20
1153 15
2934 2
1154 24
1155 29
5031 1
6811 1
2936 4
1156 25
5032 1
2937 1
1157 23
1158 23
1159 25
5035 1
5036 1
6816 1
1610 5
1611 5
1612 8
1613 2
7695 1
1614 5
1615 7
1616 7
1617 7
1618 5
1619 6
2482 1
2483 1
2484 2
2485 1
6361 1
2486 2
2487 1
240 2978
2488 2
241 2898
2489 1
242 2877
243 2897
244 2893
245 2829
246 2906
247 2890
248 2895
249 2899
-273 1
2940 4
1160 19
2941 1
1161 16
2942 4
1162 24
2943 1
1163 26
1164 26
1165 30
6821 1
1166 31
1167 23
700 188
2948 1
1168 26
701 166
5044 1
2949 2
1169 34
702 199
5045 1
703 193
5046 1
704 210
705 191
706 169
707 185
708 178
709 174
1620 8
1621 8
-98 1
1622 6
1623 10
1624 2
1625 6
1626 6
1627 2
1628 3
1629 5
2490 1
2491 1
2494 1
2495 2
2496 2
2497 1
250 2874
251 2852
252 2915
6375 2
253 2874
254 2899
255 2895
256 2959
257 2928
258 2948
259 2956
1170 23
2951 2
1171 24
2952 2
1172 25
1173 27
2954 1
1174 20
2955 1
1175 24
6831 1
2956 1
1176 35
2957 2
1177 25
710 181
2958 1
6833 1
1178 25
711 166
1179 22
712 170
713 181
714 174
5057 1
715 184
716 168
717 162
718 188
719 173
1630 5
1631 4
1632 3
1633 3
1634 4
1635 4
1636 4
1637 8
1638 2
5514 1
1639 11
260 2781
6382 1
261 2821
262 2886
263 2891
264 2983
265 2906
266 2887
267 2937
268 2899
269 2814
-296 1
1180 18
1181 31
1182 14
2962 1
1183 20
2963 2
1184 22
2964 1
1185 27
2965 1
2966 1
1186 21
6842 1
1187 28
720 179
2967 1
1188 19
721 167
6844 1
1189 26
722 165
2969 1
723 175
724 158
725 158
726 153
727 193
728 175
729 174
1640 2
1641 8
1642 2
1643 2
1644 4
1645 4
1646 2
1647 1
1648 8
1649 6
5525 1
270 2869
271 2874
272 2865
273 2906
274 2871
275 2912
276 2907
277 2883
278 2963
279 2839
4200 1
4201 1
4204 1
4206 2
4207 1
1190 29
1191 21
2972 1
1192 21
2973 1
1193 10
1194 22
2975 1
1195 21
2976 1
5071 1
1196 13
730 138
2977 2
1197 20
6853 1
731 163
5073 1
1198 29
732 145
1199 21
733 145
5075 1
734 156
735 164
736 158
737 150
738 129
739 144
1650 4
1651 7
1652 2
1653 4
1654 4
1655 7
1656 10
1657 6
1658 8
5534 1
1659 3
5537 1
5538 1
280 2845
281 2866
282 2882
283 2783
284 2870
285 2891
286 2887
287 2857
288 2851
289 2964
4212 1
4215 2
4217 2
4218 2
4219 1
2981 1
2982 2
2983 1
2986 1
740 138
2988 1
741 155
6864 1
2989 1
742 150
8108 1
743 140
744 143
745 145
6868 1
746 133
747 150
748 146
749 148
1660 4
1661 5
1662 2
1663 4
1664 1
1665 5
1666 3
1667 3
1668 3
1669 5
5548 1
290 2905
291 2905
292 2832
293 2868
294 2908
295 2760
296 2880
297 2899
298 2884
299 2936
4221 1
4225 1
2990 1
2991 2
5090 1
2996 1
750 151
2998 1
751 146
5094 1
752 149
753 147
754 129
5097 1
755 140
6878 1
756 149
757 143
758 138
759 143
1670 2
1671 3
1672 4
1673 7
1674 3
5550 1
1675 6
1676 7
1677 7
5553 2
1678 4
1679 4
5556 1
5558 1
4230 1
4231 1
4232 1
4233 1
4237 1
8120 1
8121 1
760 155
761 141
762 159
8128 1
763 156
764 128
765 125
766 145
767 157
768 133
769 121
1680 4
1681 5
1682 4
1683 6
1684 1
1685 6
5561 1
1686 5
1687 7
1688 6
1689 5
5565 1
5569 1
4240 1
4241 1
4244 1
4245 1
4246 1
4248 1
8134 1
6892 1
770 148
771 139
772 136
773 128
774 122
775 139
776 117
777 113
778 107
779 105
4705 1
1690 6
1691 6
1692 3
1693 6
1694 4
1695 1
1696 4
1697 2
1698 2
1699 4
5576 2
4250 1
4252 2
4254 2
4255 1
4257 1
4258 1
4259 1
780 125
781 112
8147 1
782 136
783 112
784 104
785 137
786 129
787 103
788 127
789 137
4710 1
4714 1
5586 1
4261 1
4263 1
4267 4
4269 1
8151 1
790 149
791 101
792 110
793 105
794 135
795 127
796 124
797 108
798 118
799 112
4725 1
5590 1
5593 1
5595 1
5596 1
3401 3
3404 1
3409 2
4271 1
4273 2
4276 1
4279 1
8168 1
4732 1
3410 1
3418 1
3419 1
4280 1
4281 1
4284 1
4286 2
4288 1
4747 1
3420 1
3421 1
3422 1
3428 1
3429 1
4290 2
4291 1
4292 3
4294 1
4295 1
4297 1
4298 1
2100 5
2101 1
2102 1
8184 1
2103 3
2104 2
2105 8
2106 4
2107 3
2108 2
2109 2
4759 2
3436 1
3439 2
7324 1
2110 3
2111 3
2112 3
2113 3
2114 4
2115 3
2116 2
2117 7
2118 4
2119 6
4760 1
4765 1
3441 1
3445 1
3446 1
3448 2
7337 1
2120 3
2121 7
2122 1
3903 1
2123 3
2124 3
2125 4
2127 4
3908 1
2128 3
3909 1
2129 3
6007 1
4771 2
3453 1
3454 1
3456 2
3457 1
3458 1
3910 1
3911 1
2131 2
2132 1
2133 2
2134 2
2135 3
2136 4
2137 4
2138 2
2139 1
4780 1
7809 1
3460 1
3461 2
3466 1
3468 1
3469 2
2140 3
3921 1
2141 4
2142 4
2143 3
2144 3
3924 1
2146 3
3926 2
2147 2
3927 1
3928 1
2148 1
2149 2
4798 1
2601 1
2602 1
2603 2
2604 2
2605 2
2607 1
2609 1
3470 1
3473 1
3474 2
3475 2
3477 1
3479 1
3930 1
2150 4
2151 3
3932 1
2152 2
3933 2
2153 5
3936 1
2156 2
6032 1
2157 3
6033 1
2158 3
3939 1
6035 1
6039 1
2610 1
2611 1
2613 1
2614 2
2615 1
2616 1
2618 2
3481 1
3482 1
3483 2
3940 1
2160 3
2161 4
2162 6
3943 1
2163 1
3944 2
2164 2
3945 1
2165 4
6041 1
2166 2
2167 4
3948 1
2168 1
2169 1
6045 1
6046 1
7831 1
7837 1
2620 1
