2621 4
2622 5
2623 3
2624 2
2625 2
6500 1
2626 5
2627 1
2628 6
2629 9
6506 1
3490 1
3491 4
3492 4
3493 2
3495 4
3496 3
3497 4
3498 4
3499 2
1300 54
1301 63
1302 58
1303 84
1304 56
1305 70
1306 62
1307 65
1308 76
1309 54
3950 1
2170 4
3951 2
2171 5
3952 1
2172 12
3953 1
2173 11
2174 11
3955 2
2175 7
2176 15
3957 1
2177 6
3958 2
2178 11
3959 4
2179 7
4 1
5 1
6 1
7 3
7842 1
8 2
9 3
7843 1
7849 1
2630 1
2631 3
2632 1
2633 4
2634 1
2635 5
2636 3
2637 6
2638 3
6518 1
1310 50
1311 62
1312 57
1313 50
1314 65
1315 65
1316 50
1317 59
1318 51
1319 83
2180 5
3961 2
2181 5
2182 13
3962 2
2183 8
2184 5
2185 5
2186 4
3967 1
2187 5
2188 16
3968 1
3969 3
2189 5
7850 1
7851 1
6069 1
7859 1
2640 5
2641 6
2642 3
2643 6
2644 2
2645 2
2646 3
6522 1
2647 6
400 1616
6523 1
2648 5
401 1663
2649 4
402 1602
403 1561
404 1577
405 1606
406 1717
407 1698
408 1596
409 1662
1320 64
1321 54
1322 56
1323 64
1324 51
5200 1
1325 50
5201 1
1326 51
5202 4
1327 55
5203 1
1328 54
5204 1
1329 65
5205 1
5206 2
5207 3
5208 1
5209 2
3970 3
2190 8
3971 2
2191 14
2192 7
3973 4
2193 6
3974 2
2194 8
3975 2
2195 10
3976 1
2196 9
6072 1
3977 1
2197 13
2198 7
3979 1
2199 9
6075 1
7861 1
7864 1
7865 1
2650 6
2651 1
2652 2
2653 2
2654 6
2655 2
2656 1
410 1631
2657 3
2658 5
411 1510
412 1603
2659 6
6535 1
413 1644
414 1567
6537 1
415 1691
416 1602
417 1607
418 1539
419 1613
1330 60
1331 67
1332 52
1333 51
1334 45
5210 1
1335 58
5211 2
1336 69
5212 2
1337 66
5213 3
1338 60
5214 2
1339 61
5215 3
5216 1
5217 3
5218 4
5219 3
3980 1
3981 2
3983 3
3984 1
3985 1
3986 2
3987 1
3989 3
6085 1
7872 1
7873 2
7875 1
7878 2
2660 4
2661 5
2662 3
2663 5
2664 4
2665 3
2666 3
420 1521
2667 4
2668 5
421 1583
2669 3
422 1652
423 1668
6546 1
424 1597
425 1580
426 1595
427 1568
428 1469
429 1650
1340 53
1341 44
1342 63
1343 43
1344 52
5220 1
1345 60
5221 2
1346 46
1347 58
5223 3
1348 50
5224 3
1349 55
5225 4
5226 3
5227 1
5228 2
3990 4
3991 3
3992 2
3993 4
3994 2
3995 1
3996 1
3999 1
1800 7
1801 4
1802 5
1803 3
1804 8
1805 6
1806 3
1807 11
1808 9
1809 4
2670 2
2671 1
2672 1
2673 3
2674 2
2675 1
2676 1
2677 1
430 1624
2678 5
431 1620
2679 3
432 1591
433 1579
434 1630
435 1625
6558 1
436 1679
437 1581
438 1489
439 1596
1350 54
1351 40
1352 41
1353 41
1354 55
5230 2
1355 48
5231 3
1356 43
5232 2
1357 49
5233 2
1358 48
5234 3
1359 59
5235 1
5236 1
5237 1
5238 4
5239 1
1810 15
1811 4
1812 8
1813 3
1814 12
1815 9
1816 6
1817 7
1818 9
1819 4
2680 4
2681 5
2682 1
2683 5
2684 3
2685 6
2686 4
2687 3
440 1537
2688 3
441 1610
2689 2
442 1609
443 1521
444 1588
445 1592
446 1599
447 1600
448 1648
449 1607
1360 46
1361 45
1362 48
1363 45
1364 42
5240 3
1365 42
5241 1
1366 45
5242 2
1367 48
900 535
1368 64
901 516
1369 48
902 471
5245 1
903 473
5246 5
904 463
5247 1
905 496
5248 1
906 491
5249 2
907 448
908 456
909 487
1820 9
1821 10
1822 10
1823 7
1824 9
1825 10
5701 2
1826 8
1827 8
1828 9
5704 1
1829 11
5709 1
2690 2
2691 5
2692 2
2693 3
2694 7
2695 2
2696 1
2697 2
450 1584
2698 7
451 1620
2699 4
452 1557
453 1611
454 1639
455 1626
6578 1
456 1635
457 1632
458 1652
459 1591
1370 41
1371 47
1372 49
1373 49
1374 38
5250 2
1375 52
5251 3
1376 57
5252 4
1377 52
910 443
1378 51
911 460
5254 4
1379 57
912 500
5255 1
913 451
5256 2
914 490
915 445
5258 3
916 486
917 482
918 431
919 452
1830 9
1831 8
1832 11
1833 5
1834 9
5710 1
1835 5
1836 10
5712 1
1837 9
1838 9
1839 8
5715 1
5717 1
5719 1
460 1599
461 1580
462 1593
463 1655
464 1525
465 1664
466 1620
467 1590
468 1703
469 1582
1380 45
1381 44
1382 44
1383 50
1384 43
5260 3
1385 55
5261 2
1386 52
920 454
1387 50
5263 2
921 430
1388 53
922 404
1389 53
923 403
5265 2
924 463
5266 3
5267 1
925 400
5268 2
926 459
5269 5
927 422
928 419
929 472
1840 7
1841 16
1842 6
1843 8
1844 7
1845 10
1846 10
5722 1
1847 9
5723 1
1848 7
5724 2
1849 10
5727 1
5728 1
470 1587
471 1500
472 1642
473 1558
474 1555
475 1639
476 1645
477 1662
478 1614
479 1623
4400 2
4401 3
4402 2
4403 1
4404 1
4405 2
4406 3
4407 1
1390 49
1391 54
1392 49
1393 32
1394 44
1395 45
5271 1
1396 41
930 433
1397 44
5273 2
931 435
1398 52
932 456
5274 1
1399 28
5275 2
933 407
934 385
5276 1
5277 2
935 392
5278 2
936 386
937 408
5279 6
938 433
939 367
1850 11
1851 7
1852 8
1853 5
1854 10
1855 8
5731 1
1856 7
1857 8
1858 9
5734 1
1859 8
5735 1
5736 3
5737 3
5739 1
480 1564
481 1592
482 1581
483 1567
484 1626
485 1536
486 1593
487 1629
488 1563
489 1585
4410 2
4411 1
4412 2
4413 1
4414 4
4415 1
4416 3
4419 5
5280 2
8304 1
5281 4
5282 1
940 380
941 415
5284 2
942 404
5285 2
943 416
944 408
945 381
5288 1
946 384
5289 3
947 402
948 395
949 380
1860 6
1861 9
1862 7
1863 11
1864 6
1865 8
1866 3
1867 14
1868 3
5744 1
1869 8
5746 1
5749 1
490 1619
491 1559
492 1605
493 1535
494 1614
495 1607
496 1584
497 1556
498 1547
499 1668
4420 2
4421 3
4422 5
4424 2
4425 1
4426 1
4427 2
4428 1
4429 1
8312 1
5291 1
8315 1
5292 1
950 375
5293 2
951 373
5294 1
952 353
953 367
5296 1
954 385
5297 2
955 366
5298 1
956 355
5299 1
957 351
958 344
959 350
3100 3
3101 4
3103 1
3104 1
3105 1
3106 4
3107 2
3108 3
3109 6
1870 12
1871 11
1872 8
1873 12
1874 5
1875 9
5751 1
1876 6
5752 1
1877 6
1878 8
1879 13
5755 1
5756 1
5758 1
4430 2
4431 3
4432 3
4433 1
4434 2
4436 2
4437 2
4438 3
4439 3
8325 1
960 350
961 378
962 359
963 362
964 364
965 345
966 335
967 336
968 334
969 335
3110 5
3111 1
3112 3
3113 1
3114 2
3116 1
3117 2
3118 3
3119 4
1880 7
1881 11
1882 9
1883 6
7001 1
1884 8
5760 1
1885 13
1886 11
5762 1
1887 5
5763 1
1888 5
1889 9
5768 1
4440 3
4441 6
4442 2
4443 1
4444 1
4445 2
4446 2
4447 4
4448 1
970 311
8336 1
971 316
972 326
973 328
974 315
975 361
976 322
977 308
978 311
979 319
3120 1
4900 1
3121 2
3122 4
4903 1
3123 2
4904 3
3124 1
3126 1
4906 3
4907 2
3127 1
4908 1
4909 1
3129 3
1890 8
1891 6
1892 10
1893 9
1894 5
5770 1
1895 11
1896 5
5772 1
1897 5
5773 1
1898 6
5774 1
1899 6
5776 1
5777 1
5779 2
4450 3
4451 3
4452 2
4454 1
4455 1
4456 1
4457 2
4458 2
980 322
981 321
982 288
983 318
8348 1
984 315
985 303
986 298
987 294
988 271
989 267
3130 1
3131 3
3132 3
4913 1
3133 5
4914 1
3134 4
4917 1
3137 3
3138 5
3139 2
7022 1
7023 1
7026 1
5783 1
5784 1
5785 3
5786 1
5788 1
5789 1
4460 4
4461 4
4462 5
4463 4
4464 4
4465 2
4466 2
4467 1
4468 1
4469 2
8355 1
990 303
991 306
992 306
8358 1
993 302
994 271
995 275
996 252
997 267
998 257
999 299
3140 3
4920 1
4921 1
3141 3
3142 3
3143 5
4924 1
3145 2
4926 1
3146 2
3147 4
4928 1
3148 5
3149 5
5792 1
5793 1
5794 1
5795 2
3600 2
3601 7
3602 5
3603 7
3604 3
3605 1
3606 1
3607 2
3608 5
3609 3
4470 1
4471 4
4472 2
4473 1
4474 2
4476 3
4477 1
4478 3
4479 4
8360 1
8361 1
8365 1
8368 1
3150 2
4930 1
4931 1
4932 1
3152 4
4933 1
3153 2
4934 2
4935 1
3155 4
3156 1
3157 3
4937 3
3158 2
4938 1
4939 2
3159 3
7040 1
3610 2
3611 1
3612 1
3613 3
3614 2
3615 4
3616 2
3617 1
3618 4
3619 4
4480 1
4481 1
4482 3
4483 1
4484 2
4485 1
4486 1
4487 3
4488 1
4489 1
8370 1
8372 1
8373 2
8378 1
4940 2
3160 1
3161 4
4942 1
3162 2
3163 4
3164 3
4945 6
3165 5
4946 1
3166 2
4947 2
4948 1
3168 4
3169 2
4949 3
7054 1
3620 3
3621 1
3622 4
3623 2
3624 3
3625 2
3626 5
3627 3
3628 2
3629 2
4490 2
4491 2
4493 2
4494 2
4495 1
4496 2
4497 5
4498 3
2300 4
8382 1
2301 5
2302 2
2303 2
2304 3
2305 4
2306 6
2307 6
2308 10
2309 8
4950 2
3170 2
3171 2
4952 1
3172 2
4953 2
3173 4
3174 2
4954 3
3175 4
4955 1
4956 1
3176 4
4957 1
3177 3
3178 1
4958 1
4959 1
3179 4
7060 1
7061 1
3630 1
3631 1
3632 1
3633 3
3634 2
3635 3
3636 3
3637 4
3638 2
3639 4
8390 1
2310 2
2311 10
2312 7
2313 1
2314 1
2315 5
2316 5
2317 6
2318 4
2319 6
4960 1
3180 3
4961 2
3182 2
4963 2
3183 5
4964 1
3184 5
3185 5
4965 2
3186 2
4967 1
4968 3
3188 6
4969 1
3189 2
7070 1
7073 1
3641 1
3642 1
3643 3
3644 1
3646 4
3647 2
3648 4
3649 4
2320 5
2321 3
2322 8
2323 4
2324 8
2325 3
2326 4
2327 4
2328 4
6204 1
2329 3
4970 1
3190 2
4971 2
3191 4
-111 1
3192 2
3193 2
4973 3
3194 5
3195 3
4975 1
4976 2
4977 1
3197 5
4978 1
3198 3
3199 2
7081 1
3650 2
3651 3
3652 3
3654 4
3655 2
3656 3
3657 4
3658 4
3659 4
2330 5
2331 3
2332 4
2333 6
2334 6
2335 8
2336 3
2337 3
2338 7
6214 1
2339 8
6216 1
6217 1
4980 2
4981 1
4982 1
4983 2
4986 2
1000 267
4987 2
1001 289
4988 2
1002 279
1003 296
1004 297
1005 275
1006 260
1007 238
1008 256
1009 246
3660 1
3661 4
3662 2
3663 5
3664 4
3665 2
3666 4
3667 1
3668 2
3669 2
7558 1
2340 5
2341 7
2342 5
2343 2
2345 2
2346 4
100 5864
2347 9
101 6135
2348 6
102 6109
2349 6
103 5864
104 5900
105 5679
106 5731
107 5728
4990 1
108 5701
4991 2
109 5636
4992 1
4993 3
4995 2
1010 270
4997 2
1011 248
4998 1
1012 245
4999 2
1013 254
1014 267
1015 257
1016 264
2800 2
1017 259
2801 5
1018 239
2802 6
1019 261
2803 4
2804 3
2805 7
2806 4
2807 6
2808 3
2809 4
3670 2
3671 4
3672 4
3673 3
3674 5
3675 5
3676 4
3677 4
3678 3
3679 3
2350 3
2351 8
2352 6
2353 2
2354 8
2355 7
2356 6
110 5522
2357 5
2358 3
6233 1
111 5497
112 5339
2359 7
113 5444
114 5283
115 5426
116 5170
117 5260
118 5165
119 5118
1020 245
1021 219
1022 231
1023 262
1024 218
1025 259
1026 249
1027 243
2810 2
1028 231
2811 3
2812 3
1029 240
2813 1
2814 4
2815 6
2816 5
2817 4
2818 4
2819 6
3681 6
3682 4
3683 2
3684 1
3685 3
3686 4
3687 3
3688 1
3689 3
7571 1
2360 4
2361 9
2362 2
2363 3
2364 4
2365 2
6240 1
2366 3
120 4963
2368 9
121 4878
2369 4
122 4876
123 4840
124 4852
125 4809
126 4611
6249 1
127 4595
128 4692
129 4506
1030 259
1031 260
1032 242
1033 211
1034 235
1035 215
1036 248
2820 3
1037 249
1038 224
2822 2
1039 223
2823 2
2824 6
2825 1
2826 5
2827 4
2828 2
2829 3
3690 2
3691 3
3692 4
3693 1
3694 2
3695 6
3696 3
3697 5
3698 2
3699 3
1500 21
1501 33
1502 29
1503 20
1504 36
1505 32
1506 30
1507 30
1508 27
1509 29
2370 3
2371 8
2372 5
2373 3
2374 4
2375 2
6251 1
2376 3
2377 1
130 4563
2378 3
131 4493
2379 5
132 4474
133 4317
6256 1
134 4369
135 4334
6258 1
136 4312
6259 1
137 4225
138 4139
139 4104
1040 209
1041 213
1042 230
1043 221
1044 211
1045 204
1046 201
2830 3
1047 196
2831 4
1048 206
1049 222
2833 3
2834 2
2835 6
2836 7
2837 3
2838 4
2839 2
1510 26
1511 32
1512 21
1513 34
1514 33
1515 18
1516 31
1517 18
1518 23
1519 30
2380 7
2381 6
2382 5
2383 4
2384 1
2385 4
2386 9
6262 1
2387 2
140 3984
141 3867
2388 6
142 4011
2389 6
143 4030
144 3967
145 3880
146 3885
147 3821
148 3767
149 3762
1050 202
1051 215
1052 204
1053 207
1054 189
1055 208
1056 160
2840 6
1057 211
2841 1
1058 205
2842 3
1059 191
2843 1
2844 5
2845 2
2846 3
2847 5
600 1511
2848 5
601 1587
2849 2
602 1538
603 1584
604 1525
605 1558
606 1538
607 1552
608 1617
609 1584
1520 28
1521 32
1522 23
1523 27
1524 22
5400 6
1525 26
5401 2
1526 17
1527 30
5403 2
1528 31
5404 2
1529 29
5405 1
5406 1
5407 2
5408 1
2390 4
2391 2
2392 2
2393 5
2394 6
2395 6
2396 1
150 3700
2397 5
2398 3
151 3670
152 3687
2399 7
153 3657
6276 1
154 3502
155 3507
156 3439
157 3539
158 3468
159 3377
1060 186
1061 184
1062 201
1063 209
1064 198
1065 189
1066 174
2850 1
1067 173
1068 185
2851 3
1069 190
2852 6
2853 4
2854 10
2855 3
2856 3
2857 4
610 1600
2858 6
611 1519
612 1571
2859 6
613 1531
614 1573
615 1503
616 1475
617 1477
618 1576
619 1485
1530 25
1531 25
1532 26
1533 22
1534 23
5410 2
1535 24
5411 1
1536 22
5412 5
1537 26
5413 3
1538 15
5414 1
1539 23
5415 2
5416 1
5417 1
5418 3
5419 4
160 3419
161 3391
162 3314
6285 1
163 3315
164 3250
165 3395
166 3198
167 3169
168 3226
169 3242
1070 173
1071 193
1072 177
1073 165
1074 170
1075 169
1076 195
2860 4
1077 183
2861 6
1078 166
2862 1
1079 191
2863 5
2864 3
2865 5
2866 3
2867 2
620 1478
621 1541
2868 3
622 1492
2869 2
623 1526
624 1473
625 1449
626 1502
627 1528
628 1466
629 1547
1540 31
1541 18
1542 27
1543 20
1544 18
5420 3
1545 20
1546 23
5422 3
1547 15
5423 1
1548 15
5424 1
1549 13
5425 1
5426 2
5427 1
5429 3
170 3086
171 3080
6294 1
172 3150
6295 1
173 3203
174 3013
175 2961
176 3010
177 2983
178 2914
179 2939
1080 182
4104 2
1081 167
4105 2
1082 182
1083 185
1084 172
4108 4
1085 150
1086 180
2870 4
1087 161
2871 4
1088 168
2872 4
1089 148
2873 5
2874 7
2875 4
2876 3
2877 2
630 1475
2878 2
631 1486
2879 4
632 1440
633 1475
634 1443
635 1473
636 1532
637 1424
638 1449
639 1460
1550 19
1551 23
1552 22
1553 27
1554 23
5430 3
1555 18
5431 1
1556 27
5432 2
1557 17
5433 1
1558 20
5434 1
1559 31
5435 1
5436 2
5437 1
5438 1
5439 2
180 2937
181 2894
182 2848
183 2861
184 2937
185 2786
186 2907
187 2784
188 2857
189 2780
4112 1
1090 181
4113 2
4114 1
1091 172
1092 161
4115 1
4116 1
1093 159
4117 2
1094 169
1095 164
4119 2
1096 158
2880 1
1097 160
2881 3
1098 148
2882 1
1099 182
2883 4
8001 1
2884 1
2885 4
2886 2
2887 4
640 1468
2888 1
641 1537
2889 7
642 1405
643 1461
644 1445
645 1418
646 1455
647 1443
648 1476
649 1453
1560 29
1561 20
1562 17
1563 19
1564 20
1565 16
5441 3
1566 27
5442 1
1567 27
5443 1
1568 15
1569 17
5447 3
5448 3
5449 1
190 2753
191 2844
192 2697
193 2783
194 2631
195 2650
196 2769
197 2699
198 2655
199 2617
5900 1
4120 1
4121 3
5903 1
4124 1
5904 1
4125 1
5907 2
4127 1
4128 1
4129 3
2890 7
2891 2
2892 3
2893 4
2894 1
2895 4
2896 5
650 1443
2897 6
651 1421
2898 2
652 1416
6774 1
2899 4
653 1480
654 1388
655 1405
656 1468
657 1404
658 1400
659 1397
1570 18
1571 27
1572 20
1573 29
1574 19
5450 3
1575 17
5451 1
1576 30
5452 2
1577 17
5453 1
1578 20
1579 29
5455 4
5456 2
5457 3
5458 1
5459 1
4130 1
5911 1
4131 4
4133 2
5913 1
5914 1
4134 2
4135 1
4136 1
4137 2
4138 1
4139 1
6782 1
660 1439
661 1412
662 1433
663 1455
664 1438
665 1362
666 1406
667 1403
668 1402
669 1396
1580 21
1581 23
1582 16
1583 24
1584 17
5460 2
1585 19
1586 19
5462 1
1587 23
5463 4
1588 14
1589 16
5465 1
5467 2
5468 1
5469 2
4140 3
4142 1
4143 1
4144 1
4145 1
4146 1
5926 1
4147 2
4148 4
670 1279
671 1359
6794 1
672 1385
673 1397
674 1302
675 1371
676 1393
677 1349
678 1312
679 1410
4600 1
4601 5
4602 2
4606 2
4607 1
4608 2
4609 3
1590 21
1591 16
1592 25
1593 22
1594 8
5470 1
1595 18
1596 14
5472 2
1597 21
5473 2
1598 17
1599 19
5475 1
5476 1
5477 4
5478 3
5930 1
4151 1
4152 2
4154 1
4156 1
4157 2
8042 1
680 1365
681 1364
682 1287
683 1364
684 1326
685 1318
686 1283
687 1225
688 1320
689 1268
4610 1
4611 1
4612 2
4613 2
4614 2
4615 3
4616 2
4618 2
4619 2
8501 1
8502 2
8503 1
5480 1
8504 1
5481 1
5482 2
8505 3
8506 1
8507 2
5485 1
8508 3
8509 1
5486 2
5489 2
5941 1
4162 3
4164 1
4165 2
4167 5
4168 3
4169 1
690 1378
691 1297
8056 1
692 1318
693 1269
694 1313
695 1278
696 1260
697 1284
698 1269
699 1363
4620 1
4621 1
4622 1
4623 1
4624 2
4626 3
4627 2
4628 1
4629 3
8510 3
8511 1
8512 1
8513 2
5490 1
5491 2
8514 3
5492 1
8515 4
8516 2
5493 1
8517 2
5494 2
5495 4
5496 1
8519 5
5497 1
5499 2
3300 2
3302 2
3303 1
3304 2
3305 4
3306 4
3307 2
3308 2
3309 2
4170 2
4171 3
4172 1
4173 1
4174 5
4175 2
4176 2
4177 3
5958 1
4178 2
8067 1
4630 1
4631 2
4633 2
4636 1
4638 4
4639 1
8520 5
8521 4
8522 4
8523 4
8524 6
8525 4
8526 7
8527 2
8528 2
8529 6
3310 3
3311 3
3312 1
3313 4
3314 3
3316 1
3317 1
3318 2
3319 6
7200 1
7203 1
5961 1
4181 5
4182 5
4183 1
5964 1
4184 2
4185 3
5965 1
5966 1
4186 2
4187 4
4188 2
4189 2
8076 1
8078 1
4642 1
4643 2
4644 1
4645 1
4646 1
4647 1
4649 2
8530 8
8531 8
8532 9
8533 12
8534 4
8535 11
8536 8
8537 4
8538 9
8539 11
3320 3
3321 3
3323 1
3324 4
3325 5
3326 3
3327 5
3328 3
4192 3
4193 3
4197 2
2000 6
2001 13
2002 13
2003 8
2004 9
2005 4
2006 7
2007 5
2008 8
2009 9
4651 2
4652 1
4654 3
4655 1
4657 3
4658 1
4659 2
8540 14
8541 10
8542 14
8543 15
8544 11
8545 13
8546 10
8547 14
8548 10
8549 13
3331 2
3332 5
3333 2
3335 4
3337 3
3338 1
3339 1
5980 1
5984 1
5989 1
2010 6
2011 8
2012 10
2013 7
2014 10
2015 7
2016 8
2017 8
2018 7
2019 9
4660 3
4661 1
4662 1
4663 1
4664 1
4665 1
4666 3
4667 1
4669 2
8550 7
8551 8
8552 11
8553 7
8554 13
8555 6
8556 3
8557 1
8558 4
8559 2
3340 1
3341 1
3342 1
3343 3
3344 2
3345 3
3346 4
3347 2
3348 1
3349 3
2020 11
3800 5
3801 5
2021 8
2022 4
2023 7
2024 10
3804 2
2025 12
3805 2
3806 1
2026 14
3807 4
2027 7
3808 3
2028 5
3809 4
2029 10
4671 1
4672 1
4674 1
4675 2
4676 1
4677 2
4678 1
4679 1
8560 2
8561 3
8562 3
8563 1
8564 2
8567 1
3350 5
3351 1
3352 1
3354 4
3355 4
3356 2
3357 2
3358 4
3359 2
3810 6
2030 14
3811 5
2031 8
3812 1
2032 7
3813 1
2033 6
3814 1
2034 6
3815 4
2035 9
3816 1
2036 13
2037 5
2038 5
3819 2
2039 15
7700 1
7701 1
7703 1
4680 2
4681 2
4682 1
4683 2
7707 1
4684 2
4686 1
4687 1
4688 3
4689 1
8570 1
8573 1
3360 2
3361 2
3363 3
3365 3
3367 2
3368 1
3369 3
2040 8
3820 3
3821 4
2041 9
3822 3
2042 7
2043 8
3823 2
3824 2
2044 8
3825 1
2045 10
2046 4
3826 2
3827 1
2047 8
2048 14
3828 2
3829 3
2049 11
7713 1
4690 1
4691 1
7715 1
4692 1
7716 1
4693 3
4694 2
4695 2
4696 2
4697 2
4698 2
4699 2
8580 1
2500 2
8582 1
2501 3
2502 2
2503 3
2504 5
2505 3
2506 1
8588 1
2507 3
2508 1
2509 4
3370 8
3371 3
3372 2
3373 2
3375 1
3376 2
3377 4
3378 2
3379 3
3830 2
2050 8
2051 8
3832 1
2052 3
2053 8
3833 1
3834 2
2054 7
3835 4
2055 12
3836 4
2056 13
3837 3
2057 6
3838 3
2058 11
3839 1
2059 4
7720 2
7721 1
7725 1
7728 1
2510 3
2511 2
2512 5
2513 4
2514 3
2515 4
2516 4
2517 1
2518 1
2519 1
3380 3
3381 3
3382 2
3383 1
3384 3
3385 2
3386 1
3387 2
3388 1
3389 5
2060 13
3840 1
3841 4
2061 10
3842 1
2062 12
2063 10
2064 6
3844 4
2065 10
3845 2
2066 9
3847 2
2067 12
3848 2
2068 13
3849 1
2069 11
7731 1
7732 1
2520 3
2521 5
2522 1
2523 1
2524 1
2525 1
2526 2
2527 1
6403 1
2528 3
2529 6
3391 5
3392 1
3393 1
3394 6
3395 6
3397 2
3398 3
3399 1
1200 100
1201 100
1202 111
1203 104
1204 104
1205 94
-3 2
-4 1
1206 105
1207 92
1208 105
-7 1
1209 100
2070 9
3850 3
3851 2
2071 12
2072 9
3853 5
2073 10
3854 2
2074 10
3855 3
2075 11
3856 1
2076 12
3857 3
2077 8
2078 6
3858 2
3859 3
2079 11
7746 1
7749 1
2530 5
2531 1
2533 5
2534 6
2535 3
6411 1
2536 6
2537 4
2538 5
1210 101
1211 86
1212 84
1213 83
1214 97
1215 87
1216 86
1217 96
1218 97
1219 85
3860 1
2080 9
2081 5
3861 4
3862 3
2082 14
3863 4
2083 7
3864 1
2084 10
3865 2
2085 7
2086 8
2087 9
3868 1
2088 10
3869 2
2089 14
7751 1
7754 1
7757 1
2540 3
2542 2
2543 1
2544 4
2545 2
2546 4
300 1908
301 1986
2548 5
2549 3
302 1875
6425 1
303 1939
304 1897
6427 1
305 1876
306 1922
307 1938
308 1846
309 1869
1220 92
1221 90
1222 74
1223 80
1224 86
5100 3
1225 77
5101 1
1226 68
5102 2
1227 79
5103 2
1228 103
5104 1
1229 95
5105 2
5107 1
5108 3
5109 3
3870 2
2090 7
3871 3
2091 5
3872 3
2092 9
2093 4
3873 4
2094 12
3875 1
2095 12
3876 1
2096 9
3877 4
2097 9
2098 5
3879 3
2099 4
7763 2
2550 2
2551 9
2552 1
2553 1
2554 2
2556 3
2557 1
310 1829
311 1858
2558 2
312 1846
2559 2
313 1939
314 1892
315 1888
316 1814
317 1844
318 1835
319 1853
1230 64
1231 79
1232 77
1233 73
1234 87
5110 2
1235 88
1236 77
5112 5
1237 85
5113 3
1238 80
5114 5
1239 96
5115 3
5116 1
5119 1
3880 4
3881 2
3882 2
3883 4
3884 3
3885 2
3886 4
3887 1
3889 2
2560 3
2561 4
2562 5
2563 3
2564 1
2565 2
2566 4
2567 3
320 1771
2568 4
321 1923
6444 1
2569 6
322 1856
323 1812
324 1837
6447 1
325 1781
6448 1
326 1880
327 1865
328 1787
329 1834
1240 87
1241 70
10 3
1242 83
11 2
1243 77
12 3
1244 84
5120 1
1245 85
13 4
5121 3
14 5
1246 71
5122 2
1247 62
15 2
6903 1
16 2
5123 3
1248 90
5124 2
1249 68
17 6
18 3
5125 1
5126 2
19 3
5127 2
6907 1
5128 2
5129 1
3890 1
3891 2
3893 2
3894 2
3895 2
3896 2
3897 2
3898 2
1700 15
1701 15
1702 16
1703 12
1704 11
1705 17
1706 16
1707 13
7789 1
1708 9
1709 11
2570 1
2571 1
2572 4
2573 6
2574 5
2575 4
2576 3
330 1813
2578 1
331 1793
2579 3
332 1714
333 1832
334 1805
335 1826
336 1827
337 1795
338 1749
339 1767
1250 76
1251 60
1252 67
20 4
1253 87
21 4
22 3
1254 76
6910 1
5130 2
1255 82
23 9
5131 1
24 6
1256 72
5132 1
1257 81
25 4
26 7
5133 1
1258 71
5134 1
6914 1
1259 69
27 8
5135 1
6915 1
28 8
5136 3
29 11
5138 3
5139 2
7791 2
1710 11
1711 15
1712 16
1713 13
1714 12
1715 11
1716 9
1717 11
1718 15
1719 9
2580 2
2581 5
2582 1
2583 3
2584 4
2585 2
2586 4
340 1725
2587 5
2588 1
341 1711
342 1740
2589 2
343 1856
344 1724
345 1725
346 1813
347 1781
348 1739
349 1762
1260 80
1261 64
1262 84
30 9
1263 71
31 18
1264 64
32 11
1265 71
33 13
5141 1
1266 71
34 20
35 12
5142 2
1267 81
800 817
1268 61
36 28
801 857
5144 1
6924 2
1269 88
37 46
802 900
5145 1
38 89
803 828
6926 1
5146 3
39 135
804 819
5147 1
805 816
5148 2
806 832
5149 2
807 828
808 769
809 810
1720 11
1721 11
1722 12
1723 18
1724 8
1725 3
5601 1
1726 16
1727 12
5603 1
1728 7
5604 3
1729 7
5605 1
5606 4
5607 1
5609 1
2590 3
2591 3
2592 2
2593 4
2594 5
2595 3
2596 2
2597 4
350 1688
2598 4
351 1778
2599 6
352 1757
353 1688
354 1755
355 1745
356 1724
357 1677
358 1639
359 1739
1270 95
1271 86
1272 68
40 218
1273 54
41 348
1274 85
42 610
1275 78
43 892
5151 1
6931 1
1276 62
44 1289
5152 1
810 825
1277 73
45 1690
811 857
1278 72
46 2187
6934 1
5154 2
812 786
1279 68
47 2607
5155 2
813 779
48 3070
814 789
5156 2
49 3643
815 795
6937 2
5157 6
6938 1
5158 2
816 792
5159 1
817 764
818 711
819 785
1730 12
1731 12
1732 10
1733 9
1734 11
1735 16
1736 11
1737 7
5612 2
1738 7
5614 1
1739 12
5615 1
5617 1
5619 3
360 1706
361 1770
6484 1
362 1728
363 1645
364 1726
365 1719
366 1670
367 1689
368 1656
369 1638
1280 63
1281 49
1282 64
50 4305
1283 79
51 4605
1284 78
52 5179
5160 2
6940 1
1285 71
53 5548
1286 73
54 6001
5162 2
1287 79
55 6529
820 760
1288 55
56 6903
821 711
5164 1
1289 74
57 7205
822 774
5165 2
58 7728
823 708
5166 1
59 7976
824 763
5167 3
825 749
5168 5
826 729
5169 5
827 717
828 726
829 769
1740 18
1741 10
1742 13
1743 13
1744 15
5620 3
1745 15
5621 1
1746 5
5622 3
1747 10
5623 1
1748 10
5624 1
1749 8
5628 2
6491 1
6492 1
370 1686
371 1608
372 1614
373 1673
374 1688
375 1666
376 1642
377 1634
378 1670
379 1681
4300 2
4301 1
4302 4
4303 4
4304 1
4305 3
4307 1
4308 2
4309 1
1290 75
1291 77
1292 66
60 7921
1293 70
61 8098
1294 66
62 8279
5170 1
6950 1
1295 68
63 8261
6951 1
5171 2
1296 61
64 8524
5172 2
1297 49
65 8307
830 756
5173 1
1298 72
66 8135
831 722
6954 1
5174 6
1299 60
67 8302
832 712
5175 2
68 8056
833 752
5176 2
69 8061
834 719
5177 2
835 704
5178 2
836 681
5179 3
837 710
838 724
839 674
1750 6
1751 9
1752 7
1753 12
1754 14
5630 2
1755 9
5631 1
1756 12
1757 15
1758 10
1759 8
5635 1
5636 1
5637 2
5638 4
380 1663
381 1651
382 1659
383 1666
384 1624
385 1609
386 1657
387 1640
388 1594
389 1688
4311 4
4312 1
4314 2
4315 1
4316 2
4318 1
4319 1
70 8062
71 8032
72 7926
5180 1
73 7842
5181 3
74 7670
5182 2
75 7565
840 717
5183 2
76 7534
841 700
5184 4
77 7540
842 716
5185 3
78 7169
843 711
5186 1
79 7323
844 682
5187 2
845 693
5188 2
846 638
5189 3
847 628
848 670
849 695
1760 11
1761 9
1762 9
1763 13
1764 12
1765 15
1766 15
1767 14
5643 1
1768 15
1769 15
5645 1
5646 1
5648 1
390 1715
391 1618
392 1702
393 1605
394 1570
395 1602
396 1607
397 1658
398 1619
399 1633
4320 1
4321 3
4323 2
4324 2
4325 1
4326 1
4327 2
4328 3
4329 4
80 7279
81 7234
82 7238
5190 4
83 7066
5191 3
84 6998
5192 1
850 634
85 6906
5193 1
851 584
86 6940
852 678
87 6946
5195 3
853 582
88 6662
5196 2
854 647
89 6686
855 671
5197 4
5198 1
856 621
5199 1
857 649
858 623
859 661
3000 2
3001 3
3003 4
3004 2
3005 3
3006 5
3008 5
3009 2
1770 8
1771 8
1772 11
1773 10
1774 17
1775 8
1776 5
5652 1
1777 11
5653 1
1778 11
5654 3
1779 10
5656 1
5658 1
4330 2
4332 1
4333 1
4335 1
4337 3
4338 1
4339 4
90 6642
91 6590
92 6589
93 6461
94 6292
95 6282
860 619
96 6340
861 640
97 6201
862 592
98 6202
863 609
8229 1
99 6132
864 624
865 557
866 575
867 634
868 626
869 555
3010 5
3011 2
3012 6
3013 1
3014 2
3015 4
3016 3
3017 1
3018 5
1780 12
1781 5
1782 6
1783 14
1784 6
1785 12
1786 10
1787 13
5663 2
1788 4
1789 9
5664 1
5665 2
5668 1
5669 2
4342 5
4343 2
4344 3
4345 1
4346 5
4347 2
4348 2
4349 1
870 563
871 595
6994 1
872 600
873 559
8239 1
874 604
875 547
876 551
877 566
878 603
879 567
4800 1
3020 7
3021 3
4801 1
4802 1
3023 1
4803 1
4804 2
3024 6
3025 3
3026 2
4807 2
3027 3
3028 2
4808 1
3029 4
4809 1
1790 10
1791 13
1792 11
1793 10
1794 8
5670 2
1795 8
5671 1
1796 6
5672 1
1797 15
5673 1
1798 12
5674 2
1799 9
5675 1
5676 1
5678 1
4350 1
4351 2
4352 1
4353 3
4354 3
4355 2
4356 3
4357 1
4359 1
880 522
881 568
8247 1
882 588
883 509
884 563
885 517
886 551
887 573
888 514
889 522
4810 1
3030 3
4811 2
3031 5
3032 8
4812 1
4813 1
3033 3
4814 1
3034 3
3035 3
4815 2
3037 4
3038 1
4818 3
3039 3
5680 1
5683 2
5685 4
5687 1
5688 1
4360 6
4362 2
4363 2
4364 3
4365 4
4366 5
4367 1
4368 1
8253 1
890 564
891 502
892 536
893 546
894 536
895 468
896 504
897 513
898 516
899 531
3040 5
3041 2
4822 1
3042 6
3043 6
4823 2
4824 2
3045 2
4825 1
3046 4
3047 4
4827 1
3048 3
4829 2
3049 8
5690 1
5693 3
5695 2
5696 1
5697 1
5698 4
3500 6
3501 1
3502 1
3503 1
3505 2
3508 2
3509 2
4370 2
4371 5
4372 2
4373 2
4374 2
4375 5
4376 2
4377 2
4378 1
4379 4
3050 6
4830 1
3051 1
3052 1
4832 2
3053 1
4833 3
4834 2
3054 5
3055 3
4835 1
3056 4
3058 2
4839 1
3059 4
3510 1
3511 2
3512 1
3513 1
3514 4
3515 4
3516 2
3517 1
3518 2
3519 4
4380 1
4381 3
4382 1
4383 2
4384 1
4385 1
4386 2
4387 5
4388 1
4389 2
3060 1
4840 2
4841 1
3061 4
3062 4
4843 1
3063 2
4844 2
3064 4
3065 2
4846 1
3067 5
4847 3
4848 3
3068 5
3069 3
4849 1
3520 3
3522 2
3523 1
3524 3
3525 2
3526 1
3528 3
3529 4
4390 4
4391 2
4393 1
4398 1
4399 6
2200 4
2201 8
2202 6
8284 1
2203 8
8285 1
2204 8
2205 12
2206 8
8288 1
2207 5
2208 9
2209 11
3070 3
4850 1
3071 2
4852 2
3072 4
4853 3
3073 2
4854 2
3074 5
3075 4
3076 1
4856 1
3077 3
4857 1
4858 1
3078 3
3079 1
4859 3
3530 1
3531 3
3535 1
3536 1
3537 2
3538 2
3539 4
7429 1
2210 4
2211 11
2212 3
8293 1
2213 8
2214 7
2215 6
8297 1
2216 7
2217 5
2218 10
2219 11
3080 1
4860 1
4861 1
3081 3
4862 3
3082 3
3083 1
3084 3
4865 2
3085 3
4866 2
3086 2
4867 1
3087 2
4868 1
3088 1
3089 1
4869 1
3540 1
3541 5
3542 3
3543 1
3544 4
3545 1
3546 1
3547 2
3548 4
3549 1
2220 8
2221 12
2222 7
2223 6
2224 4
2225 9
2226 13
2227 6
2228 4
2229 11
6107 1
6108 1
4870 1
3090 2
4871 1
3092 4
3093 1
4873 1
4874 1
3094 1
4875 3
3095 5
4876 1
3096 2
3097 2
4877 2
4878 1
3098 4
3099 1
3550 3
3551 2
3552 2
3553 1
3554 1
3555 1
3556 1
3557 4
3558 2
3559 4
2230 5
2231 6
2232 4
2233 10
2234 4
6110 1
2235 9
2236 7
2237 5
2238 7
2239 9
6116 2
6119 1
4880 1
4881 1
4882 1
4884 1
4889 3
3560 2
3561 2
3562 2
3563 3
3564 5
3565 3
3567 1
3568 5
3569 2
2240 7
2241 7
2242 8
2243 6
2244 7
2245 7
2246 10
2247 11
2248 8
2249 7
7910 1
4893 2
4894 3
7918 1
4896 2
4898 3
4899 1
2700 1
2701 3
2702 1
2703 1
2704 4
2705 6
2706 2
2707 1
2708 7
2709 4
3570 1
3571 4
3572 3
3574 3
3575 2
3577 2
3578 5
3579 3
7462 1
2250 8
2251 6
2252 9
2253 12
2254 5
6130 1
2255 4
2256 8
2257 5
2258 6
2259 2
6134 1
6137 3
7921 1
6139 2
7923 1
7929 1
2710 4
2711 2
2712 3
2713 4
2714 3
2715 4
2716 5
2717 12
2718 7
2719 4
3580 2
3581 2
3582 5
3583 2
3584 2
3585 2
3586 4
3587 1
3588 4
3589 6
7477 1
2260 4
2261 6
2262 8
2263 7
2264 7
2265 5
2266 5
2267 9
2268 7
6144 1
2269 7
6146 1
7939 1
2720 6
2721 5
2722 3
2723 5
2724 4
2725 6
2726 3
2727 1
2728 8
2729 1
3590 2
3591 4
3592 2
3593 4
3594 4
3595 3
3596 1
3597 2
3598 2
3599 3
1400 44
1401 44
1402 44
1403 36
1404 45
1405 46
1406 45
1407 35
1408 45
1409 36
2270 8
2271 7
2272 6
2273 3
2274 11
6150 1
2275 8
6151 1
2276 4
6152 1
2277 9
2278 5
6154 1
2279 6
7943 1
7947 1
7949 1
2730 4
2731 3
2732 3
2733 6
2734 4
2735 4
2736 3
2737 6
2738 2
2739 4
6619 1
7491 1
1410 36
1411 40
1412 47
1413 48
1414 41
1415 47
1416 43
1417 36
1418 50
1419 40
2280 5
2281 7
2282 8
2283 6
2284 5
2285 6
2286 6
6161 1
2287 4
2288 10
6164 1
2289 7
6169 1
7956 1
2740 4
2741 3
2742 6
2743 2
2744 3
2745 3
2746 3
500 1538
2747 3
2748 4
501 1514
2749 3
502 1658
503 1629
504 1582
505 1620
506 1653
507 1598
508 1628
509 1633
1420 33
1421 38
1422 36
1423 39
1424 34
5300 2
1425 43
1426 46
5302 3
1427 34
5303 1
1428 40
5304 1
1429 33
5305 1
5308 2
5309 2
2290 6
2291 5
2292 5
2293 10
2294 9
2295 6
2296 4
6172 1
2297 6
2298 5
2299 6
6176 1
6177 1
2750 3
2751 3
2752 2
2753 5
2754 1
6630 1
2755 4
2756 1
2757 4
510 1568
2758 7
511 1575
2759 1
512 1539
513 1617
514 1621
515 1639
516 1672
517 1617
518 1643
519 1598
1430 43
1431 41
1432 43
1433 41
1434 46
5310 2
1435 45
5311 1
1436 43
5312 1
1437 31
1438 46
1439 26
5315 1
5316 1
5317 2
5318 2
5319 4
6182 2
6185 1
6186 1
6188 1
6189 1
7976 1
7979 1
2760 5
2761 3
2762 5
2763 1
2764 7
2765 1
2766 2
6642 1
2767 4
520 1591
2768 3
521 1618
522 1746
523 1672
524 1583
525 1620
526 1651
527 1617
528 1673
529 1662
1440 23
1441 28
1442 40
1443 31
1444 37
1445 31
5321 1
1446 29
5322 4
1447 27
5323 2
1448 27
5324 1
1449 33
5325 3
5326 2
5327 2
5328 1
5329 2
6193 1
6194 2
6196 1
6197 1
1900 5
1901 10
1902 3
1903 6
1904 9
4000 1
1905 10
4001 1
1906 5
7988 1
4002 2
1907 6
7989 1
1908 5
4003 1
4004 1
1909 9
4005 1
4006 2
4007 2
4009 3
2770 5
2771 5
2772 4
2773 3
2774 3
2776 4
530 1652
2777 7
531 1595
2778 1
2779 4
532 1598
533 1617
6656 1
534 1572
535 1648
536 1648
537 1614
538 1608
539 1617
1450 25
1451 22
1452 46
1453 37
1454 40
5330 1
1455 36
1456 36
5332 2
1457 32
5333 2
1458 28
5334 1
1459 29
5336 2
5337 3
5339 1
1910 9
1911 9
1912 8
1913 12
1914 5
4010 1
1915 7
4011 1
1916 6
7998 1
1917 5
4012 1
4013 1
1918 8
1919 7
4015 2
4017 1
4018 2
4019 1
2780 5
2781 3
2782 2
2783 2
2784 3
2785 5
2786 2
2787 7
540 1613
541 1599
2788 3
2789 2
542 1611
543 1622
544 1657
545 1663
546 1614
547 1608
548 1619
549 1614
1460 43
1461 40
1462 29
1463 35
1464 26
1465 21
5341 1
1466 35
5342 2
1467 34
5343 2
1468 36
5344 1
1469 30
5345 1
5346 4
5347 3
5348 2
5349 1
1920 7
1921 16
1922 5
1923 6
1924 8
4020 2
5800 3
1925 8
5801 1
1926 10
4022 1
5802 2
1927 12
5803 1
4023 2
1928 8
4024 1
1929 9
5804 1
4025 2
5805 1
5806 1
5807 1
5808 1
4028 1
4029 3
2790 1
2791 3
2792 4
2793 2
2794 4
2795 2
2796 4
2797 5
550 1641
2798 1
551 1567
2799 1
552 1571
6675 1
553 1615
554 1581
6677 1
555 1661
556 1605
557 1643
558 1619
559 1551
1470 40
1471 31
1472 31
1473 36
1474 28
5350 4
1475 29
5351 1
1476 33
5352 2
1477 39
5353 3
1478 35
5354 2
1479 32
5355 2
5356 2
5357 1
5358 2
5359 2
1930 13
1931 9
1932 9
1933 9
1934 18
4030 1
1935 8
4031 2
1936 7
4032 1
1937 9
1938 7
4033 4
4034 2
1939 4
4036 1
5817 1
4037 3
4038 2
5819 2
560 1594
561 1617
562 1634
563 1515
564 1618
565 1627
566 1595
567 1639
568 1557
569 1623
1480 46
1481 19
1482 34
1483 18
1484 37
5360 3
1485 32
5361 1
1486 39
5362 1
1487 21
1488 36
5364 2
1489 24
5365 2
5366 4
5367 5
5368 3
1940 5
1941 5
1942 8
1943 7
1944 8
4040 1
1945 15
5821 1
1946 13
4041 2
4042 2
1947 12
5823 1
4043 1
1948 8
5824 1
1949 8
4044 1
4046 2
5826 1
5827 1
5828 1
4048 1
570 1653
571 1605
572 1600
573 1566
574 1600
575 1575
576 1549
577 1615
578 1573
579 1529
4500 1
4501 2
4502 2
4504 1
4505 2
4508 1
4509 2
1490 23
1491 26
1492 42
1493 32
1494 25
5370 2
1495 22
5371 3
1496 27
1497 24
5373 1
1498 25
5374 1
1499 30
5375 1
5378 3
5379 2
1950 8
1951 6
1952 10
1953 9
1954 3
4050 2
1955 6
5831 1
1956 13
4051 1
1957 6
5832 1
4052 4
4053 1
5833 3
1958 8
4054 2
1959 6
5835 1
4055 1
4056 1
4058 3
4059 1
580 1605
581 1609
582 1576
583 1608
584 1594
585 1628
586 1571
587 1530
588 1583
589 1570
4511 2
4513 3
4514 1
4516 2
4517 1
4518 3
4519 2
5380 1
5381 1
5383 1
5385 1
5388 1
5389 4
1960 7
1961 6
1962 7
1963 11
1964 9
1965 5
4060 1
1966 8
5842 1
4062 2
1967 6
4063 2
5843 1
1968 11
1969 6
5846 1
4066 2
5847 1
4067 2
4068 2
4069 1
590 1618
591 1515
592 1525
593 1536
594 1593
595 1573
596 1528
597 1620
598 1558
599 1568
4520 1
4521 2
4522 3
4523 2
4524 4
4525 2
4526 1
4527 3
4528 5
4529 1
5390 1
8413 1
5392 2
5393 1
5394 1
5395 3
5396 2
5398 1
5399 6
3200 4
3201 3
3202 1
3203 4
3205 3
3206 2
3207 4
3208 1
3209 4
1970 8
1971 10
1972 8
1973 9
1974 8
4070 4
1975 6
5851 2
4071 4
1976 11
1977 9
4072 3
1978 6
5853 1
4073 2
4074 3
1979 9
4075 2
4076 3
4078 2
4530 3
4531 1
4532 2
4533 2
4534 1
4535 1
4536 3
4537 2
4538 1
4539 2
8422 1
8424 1
8426 1
3210 4
3211 3
3212 2
3213 4
3214 3
3215 4
3217 3
3218 2
3219 3
1980 13
1981 11
7100 1
1982 8
1983 11
1984 11
5860 1
1985 7
4081 1
1986 8
5862 1
1987 14
5863 1
1988 10
4084 1
1989 6
4086 1
5867 2
4087 1
4088 1
4540 1
4541 2
4542 6
4543 1
4544 2
4545 3
4546 3
4548 1
4549 2
8430 1
8433 2
8436 1
8438 1
8439 1
3220 5
3221 2
3222 4
3223 6
3224 3
3225 4
3226 1
3227 2
3228 1
3229 2
1990 8
1991 6
1992 7
1993 10
1994 9
1995 8
4090 1
4091 2
1996 8
1997 5
4092 2
5873 1
1998 9
4093 3
1999 12
4094 4
4095 1
4096 2
4097 1
4098 2
4099 3
5879 1
4550 4
4551 1
4552 2
4553 3
4555 4
4556 6
4557 1
4558 2
4559 1
8443 1
8448 1
8449 2
3230 1
3231 2
3232 3
3233 2
3234 2
3235 2
3236 1
3237 3
3238 2
3239 5
5884 1
5889 1
4560 5
4561 1
4562 4
4563 1
4564 2
4565 3
4566 1
4567 2
4568 1
8450 1
8451 1
8452 1
8453 1
8458 2
8459 1
3240 2
3242 4
3243 3
3244 2
3245 2
3246 3
3247 5
3248 2
3249 5
7131 1
5890 1
7135 1
5892 2
5893 1
5894 1
5896 1
5898 1
5899 1
3700 1
3701 1
3702 3
3703 2
3704 5
3705 2
3706 3
3707 5
3708 1
3709 3
4571 3
4572 2
4573 1
4574 1
4575 2
4576 1
4578 1
4579 1
8460 1
8464 1
8466 1
8469 1
3251 3
3253 4
3254 6
3255 1
3256 1
3257 3
3258 3
3259 1
3710 2
3711 4
3712 5
3713 4
3714 2
3715 5
3716 2
3717 4
3718 5
3719 4
4580 1
4581 2
4582 1
4583 1
4584 5
4585 1
4587 1
4588 2
4589 2
8470 1
8471 1
8472 1
8475 1
8476 1
8479 1
3260 2
3261 6
3262 4
3263 2
3264 1
3265 2
3266 1
3267 2
3268 2
3269 6
3721 3
3722 4
3723 4
3724 2
3725 2
3726 1
3727 1
3728 2
3729 2
4590 3
4591 3
4593 1
4594 1
4596 1
4598 1
4599 1
2400 4
2401 5
2402 1
2403 3
2404 7
2405 1
8487 1
2406 2
8488 2
2407 3
8489 2
2408 4
2409 2
3270 5
3271 1
3272 2
3273 4
3274 2
3275 2
3276 2
3277 1
3278 2
3279 2
7162 1
7167 1
3730 4
3731 3
3733 1
3734 1
3735 1
3736 1
3737 2
3739 3
-14 1
8490 2
2410 9
8492 1
2411 3
2412 9
8493 3
8494 2
2413 5
8495 1
2414 4
2415 3
8497 2
2416 3
2417 2
8499 1
2418 5
3280 2
3281 2
3282 1
3283 5
3284 3
3285 1
3288 1
3289 2
7171 1
7172 1
3741 2
3742 1
3743 3
3744 2
3745 4
3747 5
3748 2
3749 3
-22 2
7639 1
2420 5
2421 2
2422 3
2423 6
2424 7
2425 5
2426 2
2427 3
2428 3
2429 8
3290 2
3291 3
3292 1
3293 1
3294 1
-214 1
3296 2
3297 3
3298 2
3299 2
1100 173
1101 148
1102 147
1103 155
1104 172
1105 153
7187 1
1106 143
1107 166
1108 132
1109 141
3751 1
3752 1
3753 3
3754 2
3755 3
3756 1
-30 1
3757 1
-34 1
-38 1
7643 1
-39 1
2430 2
2431 5
2432 3
2433 5
2434 3
2435 4
6310 1
2436 3
2437 5
2438 3
2439 7
6319 1
1110 149
1111 165
1112 167
1113 172
1114 143
1115 175
1116 145
1117 135
1118 153
1119 125
3760 3
3761 3
3762 6
3763 1
3764 2
3765 4
3766 2
-40 1
3767 2
3768 3
3769 4
-43 1
7658 1
2440 4
2441 6
2442 5
2443 4
2444 3
6320 1
2445 3
2446 1
6321 1
2447 4
200 2721
2448 3
201 2590
2449 4
202 2675
6325 1
203 2565
204 2467
205 2546
206 2576
207 2492
208 2543
209 2506
2900 5
1120 112
2901 7
1121 155
2902 5
1122 164
2903 4
1123 161
1124 129
2905 2
5000 2
1125 123
2906 6
5001 2
1126 137
2907 2
5002 2
1127 132
5003 1
2908 4
1128 126
2909 5
5004 1
1129 131
5005 2
5006 4
5007 2
5008 3
5009 2
3770 2
3771 1
3772 6
3773 2
3774 2
3775 5
3776 2
3777 3
3778 1
-51 1
2450 4
2451 1
2452 3
2453 3
2454 3
2455 2
2456 3
6331 1
2457 3
210 2456
211 2460
2459 4
212 2488
213 2487
214 2451
215 2416
216 2369
217 2510
218 2495
219 2437
2910 4
1130 136
2911 5
1131 137
2912 2
1132 155
2913 2
1133 124
2914 4
1134 130
2915 5
1135 116
2916 3
1136 147
5012 1
2917 5
1137 117
5013 2
2918 3
1138 109
5014 1
2919 10
1139 131
5015 2
5016 1
5018 1
5019 1
3780 2
3781 1
3782 3
3783 4
3784 1
3786 3
3787 3
3789 3
7673 1
2460 6
2461 3
2462 3
2463 4
2464 6
2465 7
6340 1
2466 2
6342 2
220 2412
2467 2
221 2445
2468 5
6344 1
222 2301
2469 3
223 2385
224 2317
225 2404
226 2421
227 2302
228 2377
229 2326
1140 121
2920 3
2921 2
1141 132
2922 2
1142 125
1143 128
2923 6
1144 140
2924 7
5020 1
2925 1
1145 126
2926 2
1146 130
5022 1
1147 109
2927 3
2928 2
5023 1
1148 139
6803 1
5024 2
1149 140
2929 5
5025 3
5028 2
5029 1
3790 1
3791 4
3792 4
3793 3
3794 2
3795 3
3796 2
3797 2
3798 1
3799 2
1600 22
1601 19
1602 16
1603 25
1604 18
1605 12
1606 13
7687 2
1607 21
1608 18
1609 17
2470 3
2471 1
2472 1
2473 6
2474 1
6350 1
2475 3
2476 3
6352 1
2477 5
230 2311
2478 2
231 2307
232 2336
2479 4
233 2226
234 2291
235 2256
236 2373
237 2338
6359 1
238 2315
239 2372
2930 3
1150 123
2931 1
1151 144
2932 4
1152 107
2933 4
1153 110
2934 4
1154 110
6810 1
2935 1
5030 2
1155 119
2936 3
1156 112
5032 1
2937 4
1157 119
2938 1
5033 3
1158 119
2939 1
5034 2
1159 113
5035 1
5036 3
5038 1
7690 1
7691 1
1610 14
1611 20
1612 10
1613 18
1614 19
1615 24
1616 17
1617 26
7699 1
1618 15
1619 19
2480 4
2481 5
2483 8
2484 2
2485 2
2486 4
2487 3
240 2259
2488 4
241 2238
2489 4
242 2189
243 2251
244 2265
245 2232
6368 1
246 2131
247 2250
248 2209
249 2157
2940 1
1160 109
2941 2
1161 109
2942 3
1162 109
2943 4
1163 122
2944 6
1164 118
2945 3
1165 103
2946 1
5041 2
1166 108
5042 2
2947 3
1167 125
700 1316
2948 6
5043 2
1168 138
701 1272
5044 1
2949 5
1169 88
702 1276
5045 1
703 1257
5046 3
704 1255
705 1313
6828 1
5048 2
706 1188
5049 1
707 1224
708 1219
709 1249
1620 15
1621 27
1622 19
1623 18
1624 15
5500 1
1625 19
5501 2
1626 18
5502 2
1627 13
5503 2
1628 21
5504 3
1629 21
5505 2
5507 2
5508 1
2490 5
2491 2
2492 5
2493 4
2494 4
2495 4
2496 6
2497 2
250 2163
2498 5
251 2185
2499 3
6374 1
252 2152
253 2191
254 2256
6377 1
255 2153
256 2165
257 2190
258 2165
259 2047
2950 6
1170 103
2951 3
1171 138
2952 2
1172 105
2953 1
1173 103
2954 1
1174 108
2955 1
5050 2
1175 100
2956 5
1176 108
5052 1
1177 100
710 1184
2958 5
1178 80
711 1241
2959 1
5054 1
1179 108
712 1202
5055 1
713 1197
5056 1
714 1222
5057 1
6837 1
715 1259
5058 3
716 1244
5059 2
717 1240
718 1141
719 1202
1630 12
1631 26
1632 20
1633 24
1634 8
5510 1
1635 18
5511 5
1636 21
5512 3
1637 9
5513 1
1638 16
5514 1
1639 8
5515 2
5516 2
5517 1
5519 2
260 2120
261 2169
262 2105
6385 1
263 2108
264 2099
265 2080
6388 1
266 2194
267 2086
268 2104
269 2127
-294 1
2960 2
1180 87
2961 5
1181 106
2962 4
1182 122
2963 2
1183 108
1184 105
2964 4
5060 1
1185 107
2965 3
1186 95
2966 4
2967 3
5062 2
1187 117
720 1191
5063 1
1188 92
721 1187
2968 2
2969 3
1189 104
722 1233
5065 1
723 1217
724 1146
725 1173
5068 2
726 1159
727 1173
728 1135
729 1119
1640 21
1641 22
1642 21
1643 17
1644 10
5520 1
1645 18
1646 17
5522 4
1647 23
1648 16
1649 19
5526 1
6392 1
270 1961
6393 1
271 1999
272 2059
273 2006
274 2059
275 2058
6398 1
276 2070
6399 1
277 2049
278 2018
279 1991
4200 3
4201 1
4202 2
4203 2
4204 1
4205 3
4206 4
4207 4
4208 2
4209 5
2970 6
1190 83
2971 2
1191 114
2972 5
1192 100
2973 2
1193 87
1194 109
2975 4
5070 4
1195 98
2976 1
5071 1
1196 100
2977 1
5072 1
730 1202
1197 83
2978 2
731 1064
5073 1
1198 95
2979 2
5074 3
732 1098
1199 93
733 1152
5076 1
734 1142
5077 2
735 1138
5078 4
736 1101
5079 3
737 1148
738 1050
739 1169
1650 20
1651 13
1652 18
1653 11
1654 14
5530 4
1655 10
5531 2
1656 15
5532 1
1657 16
5533 3
1658 17
5534 1
1659 13
5535 3
5536 1
5538 2
5539 3
280 2046
281 1986
282 1992
283 2053
284 2007
285 1993
286 2044
287 1977
288 2048
289 2037
4210 1
4211 2
4212 3
4213 3
4215 2
4216 3
4217 1
4218 2
4219 2
2980 2
2981 2
2982 3
2983 1
2984 5
2985 4
5080 3
5081 4
2986 4
2987 3
740 1077
2988 5
741 1148
2989 1
742 1078
5085 1
743 1075
6866 1
744 1067
745 1098
5088 2
746 1087
5089 1
747 1035
748 1123
749 1064
1660 23
1661 22
1662 13
1663 10
1664 16
5540 1
1665 17
5541 2
1666 11
5542 2
1667 14
5543 1
1668 10
1669 9
5544 3
5545 1
5547 1
5548 2
5549 1
290 1956
291 1970
292 1984
293 1967
294 1937
295 1974
296 1945
297 1976
298 1966
299 1936
4221 1
4222 1
4223 2
4224 1
4226 3
4228 3
2991 1
2992 3
2993 1
2994 1
2995 4
5090 2
2996 2
2997 3
5092 2
750 1056
5093 1
2998 2
8116 1
751 1015
5094 2
2999 3
752 1002
5095 2
753 1070
5096 1
754 1037
5097 3
755 1026
5098 2
756 1063
757 980
758 1040
759 1008
1670 12
1671 11
1672 10
1673 18
1674 12
5550 2
1675 13
5551 4
1676 13
5552 1
1677 12
1678 9
5554 3
1679 11
5555 3
5556 2
5557 5
5559 2
4231 1
4233 2
4234 2
4235 4
4236 3
4237 1
4239 1
8120 1
760 1036
8126 1
761 964
8127 1
762 939
6884 1
763 1005
764 1019
765 1028
766 1035
767 980
768 1026
769 984
1680 7
1681 18
1682 17
1683 12
1684 16
5560 2
1685 18
5561 4
1686 10
5562 2
1687 9
1688 14
5564 1
1689 13
5566 2
5568 1
4240 2
4241 3
4242 3
4243 4
4246 1
4248 1
4249 1
8130 1
6891 1
770 897
771 960
772 934
773 929
774 948
775 1010
776 926
777 950
6899 1
778 971
779 899
4700 1
4701 1
4702 1
4703 1
4705 2
4706 1
4708 1
4709 2
1690 18
1691 11
1692 18
1693 9
1694 17
5570 1
1695 12
5571 2
1696 7
1697 19
5573 3
1698 14
5574 2
1699 9
5576 2
5578 2
5579 3
4250 2
4251 1
4252 2
4253 2
4254 1
4255 2
4256 2
4258 1
8144 1
780 938
781 965
782 918
783 898
784 905
785 889
786 910
787 870
788 909
789 933
4710 1
4712 1
4713 1
4715 5
4716 1
4718 1
4719 2
5580 1
5581 2
5583 3
5584 1
5585 1
5588 1
5589 1
4260 1
4263 2
4264 2
4265 1
4266 3
4267 1
4268 2
790 837
791 865
8157 1
792 898
8158 1
793 911
8159 1
794 849
795 918
796 888
797 842
798 813
799 865
4722 1
4723 2
4724 1
4726 3
4727 2
4728 2
4729 5
5590 2
5592 1
5593 1
5594 1
5595 1
5596 2
3400 2
3401 1
3402 5
3403 1
3404 5
3405 3
3406 1
3408 4
4270 1
4271 2
4272 2
4273 2
4274 2
4276 4
4277 2
8164 1
4731 5
4732 2
4733 2
4734 3
4735 3
4736 2
4737 2
4738 1
3410 3
3411 3
3412 2
3413 2
3414 4
3415 3
3416 1
3417 3
3418 1
7300 1
4280 1
4281 1
4282 3
4283 1
4284 2
4285 1
4286 3
4287 3
4288 2
8172 1
8174 1
8175 1
4741 2
4742 2
4744 2
4745 1
4746 4
4747 1
4749 1
3420 1
3421 2
3422 2
3423 3
3424 4
3425 4
3427 1
3428 4
3429 2
4290 1
4291 4
4293 1
4294 2
4295 2
4296 2
4298 1
4299 4
2100 9
2101 7
2102 7
2103 9
2104 5
2105 10
2106 7
2107 7
2108 15
2109 6
4750 1
4752 1
4753 2
4754 3
4755 1
4756 3
4757 2
4759 1
3431 3
3432 2
3433 2
3434 4
3435 5
3436 4
3438 5
3439 5
2110 12
2111 7
2112 7
2113 5
2114 8
2115 11
2116 11
2117 7
8199 1
2118 11
2119 8
4760 2
4761 3
4762 1
4763 3
4765 3
4767 2
4769 1
3440 3
3441 3
3442 2
3443 1
3446 2
3447 3
3448 4
3449 5
2120 7
3900 5
3901 5
2121 13
2122 8
2123 14
3904 2
2124 5
2125 8
3905 2
3906 2
2126 5
3907 3
2127 10
3908 1
2128 11
3909 1
2129 8
4770 3
4771 1
4772 1
4774 3
4775 4
4776 1
4777 4
4778 3
3450 1
3451 3
3452 2
3453 3
3454 3
3455 4
3456 2
3457 2
3458 2
3459 2
3910 1
2130 4
3911 1
2131 6
3912 4
2132 8
3913 4
2133 12
3914 1
2134 9
3915 3
2135 7
3916 1
2136 8
3917 1
2137 7
3918 3
2138 10
3919 2
2139 5
7800 1
6017 1
7801 1
4781 1
7804 1
4782 4
4784 1
4785 1
4786 1
4787 1
4788 1
3460 4
3462 1
3463 6
3464 2
3465 3
3466 2
3467 3
3468 2
3469 1
7357 1
3920 2
2140 6
2141 9
3922 2
2142 9
2143 6
2144 11
3925 3
2145 13
2146 15
3926 3
2147 4
3928 1
2148 10
2149 5
3929 5
6026 2
4790 1
7814 1
7815 1
4793 2
4794 4
4796 1
4798 1
4799 2
2600 5
2601 3
2602 5
2604 4
2605 5
2606 1
2607 1
2608 3
2609 4
3470 1
3471 5
3472 2
3473 4
3474 3
3475 1
3476 1
3477 2
3478 3
3479 4
7363 1
7368 1
2150 8
2151 9
3931 2
3932 3
2152 12
2153 6
2154 6
3934 3
3935 2
2155 9
3936 2
2156 9
6032 1
3937 4
2157 9
3938 1
6033 1
2158 10
6034 1
3939 1
2159 9
6038 1
7824 1
7826 1
2610 1
2611 5
2613 2
2614 4
2615 2
2616 3
2617 2
2618 4
2619 3
3480 4
3482 1
3483 1
3484 3
3485 3
3486 3
3487 3
3488 2
3489 1
2160 5
3940 2
2161 5
3942 5
2162 8
2163 9
3944 2
2164 14
3945 3
2165 11
3946 2
2166 6
3947 1
2167 8
3948 2
6043 1
2168 4
2169 7
3949 5
7837 1
7838 1
2620 3
