2621 2
2622 2
2623 3
2625 2
2626 4
2627 2
2629 1
3490 1
3491 2
3492 1
3493 1
3494 3
3496 1
3497 2
3498 1
3499 1
1300 12
1301 11
1302 14
1303 12
1304 15
1305 10
1306 18
1307 18
1308 22
1309 15
3950 1
2170 4
3951 1
2171 6
2172 4
3953 2
2173 4
3954 3
2174 4
3955 1
2175 6
3956 1
2176 6
3957 2
2178 4
3959 3
2179 4
2630 3
2631 2
2632 1
2633 5
2635 3
2636 2
2637 4
2638 1
2639 4
1310 22
1311 16
1312 13
1313 20
1314 16
1315 14
1316 13
1317 16
1318 29
1319 18
2180 2
3961 2
2181 4
2182 5
2183 2
3963 3
3964 2
2184 6
3965 1
2185 7
3966 1
2186 1
3967 1
2187 3
2188 5
3968 2
3969 1
2189 2
6066 1
2641 4
2642 3
2643 3
2644 1
6520 1
2645 2
2647 2
400 1514
2648 2
401 1545
2649 2
402 1539
403 1431
404 1539
405 1396
406 1481
407 1352
408 1441
409 1467
1320 11
1321 14
1322 15
1323 12
1324 7
1325 21
1326 11
1327 15
1328 10
5204 1
1329 17
2190 3
3970 1
2191 4
2192 4
2193 4
3974 1
2194 2
2195 4
3976 2
2196 4
6072 1
2197 4
2198 10
3979 1
2652 2
2653 4
2654 3
2655 5
2656 2
2657 3
410 1374
2658 1
411 1370
2659 1
412 1377
413 1293
414 1358
415 1293
416 1304
417 1313
418 1230
419 1229
1330 16
1331 17
1332 19
1333 12
1334 17
1335 17
1336 12
1337 8
1338 17
1339 14
5217 1
5218 1
5219 1
3981 1
3982 2
3983 1
3984 3
3985 2
3986 1
3987 3
6083 1
3989 1
2660 6
2661 4
2663 4
2664 4
2665 3
2666 4
420 1254
2667 2
421 1270
2668 3
422 1205
2669 4
423 1226
424 1160
425 1202
426 1124
427 1143
6549 1
428 1100
429 1076
1340 10
1341 17
1342 18
1343 15
1344 15
1345 10
1346 11
1347 17
1348 13
1349 12
3991 4
3992 1
3995 1
3996 1
3998 1
1800 3
1801 3
1802 2
1803 5
1804 6
1805 4
1806 5
7887 1
1807 8
1808 2
1809 5
2670 2
2671 2
2672 3
2673 2
2674 1
2675 2
2676 3
2677 1
430 1174
431 1181
2679 2
432 1125
433 1026
434 1066
6557 1
435 1092
436 1000
437 1001
438 1027
439 991
1350 12
1351 12
1352 9
1353 16
1354 17
1355 18
5231 1
1356 14
1357 20
1358 11
1359 19
5238 1
5239 1
1810 3
1811 4
1812 6
1813 7
1814 4
1815 6
1816 5
1817 6
1818 7
1819 2
2681 2
2683 3
2684 3
2685 1
2686 5
2687 2
440 1021
2688 3
441 971
2689 3
442 970
443 909
444 934
445 907
6568 1
446 884
447 927
448 916
449 906
1360 10
1361 5
1362 11
1363 11
1364 11
1365 13
1366 16
1367 13
900 152
1368 13
901 121
1369 12
902 98
903 114
904 109
905 112
906 98
907 98
908 95
909 108
1820 3
1821 5
1822 2
1823 6
1824 5
1825 7
1826 9
1827 4
1828 3
1829 5
5709 1
2690 1
2691 2
2692 2
2693 1
2694 2
2695 5
2696 4
450 896
2697 4
451 905
2698 1
2699 2
452 846
453 853
454 843
455 887
456 836
457 878
458 798
459 848
1370 10
1371 7
1372 8
1373 7
1374 13
1375 15
1376 10
1377 21
910 98
1378 6
911 117
1379 9
912 119
913 93
914 87
915 91
916 89
917 101
918 97
919 109
1830 4
1831 4
1832 6
1833 7
1834 2
1835 7
1836 6
1837 6
1838 2
1839 4
5717 1
6580 1
460 732
461 758
462 782
463 776
464 734
465 747
466 692
467 741
468 711
469 700
1380 15
1381 11
1382 4
1383 16
1384 13
1385 10
1386 7
5262 1
920 100
1387 12
921 99
1388 12
922 93
5264 1
1389 11
923 92
924 94
925 92
926 96
5268 1
927 87
928 96
929 85
1840 4
1841 5
1842 3
1843 4
1844 2
1845 5
1846 5
1847 1
1848 3
1849 8
470 661
471 676
472 651
473 736
474 683
475 689
476 647
477 673
478 619
479 651
4400 2
4401 2
4403 2
4404 2
4405 1
4406 1
4407 1
4409 2
1390 6
1391 12
1392 12
1393 10
1394 9
1395 10
1396 12
930 106
1397 6
931 81
1398 12
932 85
1399 10
933 85
934 94
935 83
936 83
937 79
5279 1
938 80
939 92
1850 2
1851 4
1852 4
1853 3
1854 5
1855 5
1856 6
1857 5
1858 6
1859 6
480 598
481 610
482 614
483 633
484 590
485 608
486 616
487 612
488 550
489 599
4410 3
4412 1
4415 1
4416 1
4418 1
4419 1
940 66
941 80
942 80
943 72
944 73
945 60
946 73
947 70
948 80
949 77
1860 4
1861 5
1862 3
1863 7
1864 5
1865 3
1866 4
1869 8
490 596
491 523
492 601
493 535
494 542
495 520
496 519
497 519
498 492
499 491
4420 2
4422 1
4423 2
4425 1
4426 1
4427 2
950 64
951 58
952 95
953 70
5296 1
954 70
5297 1
955 68
956 65
957 67
958 68
959 74
3100 3
3101 2
3102 2
3103 1
3104 2
3105 2
3106 1
3107 1
3108 1
3109 1
1870 4
1871 6
1872 4
1873 3
1874 3
1875 6
1876 9
1877 4
1878 6
1879 8
5759 1
4430 1
4431 2
4432 4
4433 1
4436 2
4437 2
4438 1
960 68
961 60
962 67
963 72
964 56
965 68
966 68
967 60
968 70
969 63
3112 1
3113 2
3114 1
3115 2
3118 1
3119 1
1880 1
1881 2
1882 2
1883 6
1884 4
1885 4
1886 1
1887 2
1888 3
1889 4
4446 1
4447 1
970 54
971 68
972 56
973 59
974 64
975 76
976 49
977 52
978 62
979 53
4902 1
4903 1
3123 1
3125 3
3128 1
4908 1
3129 1
1890 2
1891 3
1892 4
1893 3
1894 2
1895 3
1896 2
1897 2
1898 4
1899 4
5779 1
4451 1
4452 1
4454 1
4456 1
4457 1
4458 1
4459 4
980 58
981 47
982 59
983 58
984 50
985 56
986 51
987 51
988 58
989 62
3130 1
3131 2
3132 3
3133 3
3134 2
4915 1
3136 2
3138 3
3139 2
7021 1
4466 3
4467 2
4468 1
4469 2
990 51
991 46
992 58
993 55
994 53
995 53
996 42
997 45
998 44
999 46
3140 1
3142 1
4923 1
3143 4
4924 1
3144 1
3145 1
3147 1
3149 2
3603 1
3606 1
3607 1
4470 1
4472 1
4473 1
4474 1
4479 1
3150 4
3151 1
3152 1
3153 1
3154 2
4935 1
3155 4
3156 2
3157 2
3158 1
3159 1
3610 1
3613 1
3614 1
3616 2
3617 1
3618 1
4480 2
4481 2
4483 4
4485 1
4486 1
4487 1
4489 2
3160 1
3161 1
3162 3
3163 3
3164 2
3167 1
3168 4
3169 7
3620 1
3622 1
3624 2
3627 1
3628 1
4490 1
4491 2
4492 1
4493 1
4494 1
4495 1
2300 6
2301 2
2303 6
2304 3
2305 5
2306 2
2307 4
2308 2
2309 3
3170 1
3171 3
3172 2
4953 1
3173 5
4954 1
3174 1
3176 2
4956 1
3177 3
3178 6
3179 3
3631 1
3633 1
3637 1
2310 2
2311 5
2312 2
2313 4
2314 7
2315 2
2316 5
2317 2
2318 3
2319 3
3181 3
3182 3
3183 3
3184 2
4965 1
3185 3
3186 4
3187 4
3188 3
4969 1
3189 1
3641 1
3642 1
3643 1
3645 1
3646 2
3647 1
3648 2
3649 1
2320 5
2321 2
2322 4
2323 4
2324 1
6200 1
2325 1
2326 5
2327 4
2328 2
2329 3
3190 2
4971 1
3192 3
3194 1
3195 4
4976 1
3196 6
3197 3
3198 3
3199 2
3650 1
3651 1
3652 1
3654 1
3656 2
3658 2
2330 5
2331 4
2332 3
2333 4
2334 5
2335 2
2336 3
2337 2
2338 3
2339 5
6219 1
1000 50
1001 52
1002 56
1003 36
1004 55
1005 43
7090 1
1006 66
1007 54
1008 40
1009 33
3660 3
3661 1
3662 3
3664 1
3665 1
3667 1
3668 2
3669 2
2340 4
2341 3
2342 2
2343 6
2344 7
2345 1
2346 3
100 3491
2347 2
2348 1
101 3462
102 3636
2349 1
103 3474
104 3502
105 3588
106 3478
107 3665
108 3699
4991 1
109 3669
4992 1
4995 1
1010 50
1011 45
1012 41
1013 49
1014 28
1015 37
1016 34
2800 6
1017 44
1018 40
2802 1
1019 49
2803 1
2804 2
2805 5
2806 3
2807 1
2808 5
3670 2
3671 3
3672 3
3674 3
3675 3
3676 1
3678 3
3679 1
2350 1
2351 3
2352 5
2353 3
2354 1
6230 1
2355 4
2356 1
2357 1
110 3760
2358 3
111 3632
2359 1
112 3581
113 3819
114 3623
115 3773
116 3761
117 3749
118 3906
119 3858
1020 42
1021 34
1022 39
1023 28
1024 39
1025 33
1026 36
1027 38
2810 3
2811 1
1028 28
2812 2
1029 50
2814 2
2815 6
2816 2
2817 2
2818 2
2819 5
3681 1
3682 2
3684 4
3685 3
3686 2
3687 4
2360 5
2361 4
2362 4
2363 3
2364 3
2365 5
2366 4
2367 4
120 3844
121 3769
2369 4
122 3814
123 3851
124 3771
125 3927
126 3934
127 3823
128 3858
129 3815
1030 29
1031 43
1032 41
1033 42
1034 31
1035 35
1036 42
2820 3
1037 25
2821 2
1038 32
2822 2
1039 37
2823 2
2824 1
2825 3
2826 1
2827 2
2828 2
3690 3
3694 4
3695 5
3696 3
3697 3
3698 3
3699 3
1500 6
1501 6
1502 5
1503 6
1504 6
1505 6
1506 4
1507 3
1508 5
1509 7
2370 1
2371 1
2372 2
2373 4
2374 7
2375 3
2376 3
2377 2
130 3777
131 3842
2379 2
132 3753
133 3827
134 3809
135 3802
136 3731
137 3819
138 3794
139 3805
1040 34
1041 28
1042 40
1043 37
1044 27
1045 30
1046 31
2830 5
1047 30
2831 1
1048 29
2832 2
1049 24
2833 3
2834 2
2835 3
2836 2
2837 4
2838 2
2839 2
6715 1
6716 1
6718 1
1510 7
1511 7
1512 6
1513 5
1514 4
1515 4
1516 4
1517 7
1518 3
1519 8
2380 2
2381 5
2382 2
2383 3
2384 2
2385 1
6260 1
2386 3
2387 1
140 3656
141 3755
142 3659
2389 3
143 3702
144 3722
6266 1
145 3735
146 3628
147 3683
148 3643
149 3618
1050 31
1051 25
1052 38
1053 31
1054 26
1055 34
1056 34
2840 1
1057 36
1058 31
2842 2
1059 24
2843 4
2844 1
2846 2
2847 2
600 317
2848 5
601 353
2849 1
602 321
603 335
604 334
605 338
606 338
607 322
608 356
609 337
1520 6
1521 9
1522 6
1523 5
1524 4
1525 6
1526 9
1527 3
1528 6
1529 7
2391 2
2392 2
2393 4
6270 1
2395 6
2396 1
2397 1
150 3582
6272 1
151 3711
2398 3
6274 1
152 3510
2399 2
153 3547
154 3637
155 3558
156 3538
157 3584
158 3547
159 3429
1060 31
1061 24
1062 33
1063 20
1064 38
1065 27
1066 26
2850 1
1067 37
1068 17
2851 2
2852 1
1069 22
2853 1
2854 1
2855 4
2856 2
610 357
611 368
2858 1
2859 1
612 369
613 322
614 374
615 355
616 348
617 346
618 350
619 371
1530 5
1531 4
1532 1
1533 3
1534 5
1535 6
1536 4
1537 3
1538 7
1539 3
160 3432
161 3521
162 3486
163 3426
164 3520
165 3501
166 3226
167 3388
168 3284
169 3363
1070 26
1071 29
1072 22
1073 26
1074 30
1075 18
1076 23
2860 1
1077 32
2861 4
1078 28
2862 1
1079 27
2863 1
2864 2
2865 1
620 300
621 327
2868 4
622 363
623 361
624 408
625 341
626 329
627 372
628 348
629 371
1540 10
1541 5
1542 5
1543 6
1544 4
1545 4
1546 5
1547 5
5423 1
1548 8
1549 5
5425 1
170 3339
171 3288
172 3332
173 3361
174 3332
175 3302
176 3316
177 3286
178 3212
179 3230
4100 2
1080 23
4104 2
1081 32
4105 1
1082 30
1083 26
1084 29
4108 1
1085 34
4109 4
1086 36
2870 1
1087 24
2871 2
1088 21
2872 1
1089 24
2873 2
2874 1
2875 3
2876 2
630 325
2878 4
631 345
2879 1
632 328
633 352
634 332
635 349
636 336
637 341
638 325
639 336
1550 7
1551 6
1552 8
1553 4
1554 5
1555 4
1556 4
1557 11
1558 1
1559 5
180 3262
181 3354
182 3237
183 3184
184 3204
185 3295
186 3221
187 3233
188 3118
189 3158
4110 1
4112 2
4113 1
1090 18
1091 26
1092 27
4115 1
1093 33
1094 31
1095 33
4118 1
1096 40
4119 1
2880 1
1097 35
2881 1
1098 28
2882 1
1099 33
2884 1
2886 3
2887 1
640 344
2888 1
641 345
2889 4
642 319
643 313
644 364
645 347
646 317
647 305
648 339
649 316
1560 7
1561 4
1562 4
1563 1
1564 9
5440 1
1565 5
1566 4
1567 6
1568 3
1569 4
190 3228
191 3224
192 3152
193 3063
194 3195
195 3174
196 3117
197 3132
198 3129
199 3137
5901 1
4122 1
4123 2
4124 1
5906 1
4126 1
2890 2
2891 1
2892 1
2893 1
2894 1
6770 1
2895 1
2896 3
2897 3
650 329
651 317
2898 3
2899 1
652 309
6775 1
653 292
654 331
655 302
656 317
6779 1
657 294
658 288
659 297
1570 4
1571 7
1572 5
1573 4
1574 4
1575 5
1576 2
1577 5
5453 1
1578 6
1579 6
5456 1
4130 1
4131 1
4132 1
4133 1
4138 1
4139 1
660 314
661 297
662 274
663 287
664 290
665 325
666 303
667 317
668 290
669 309
1580 3
1581 9
1582 4
1583 8
1584 4
1585 2
1586 6
1587 1
5462 1
1588 3
5464 1
1589 5
4142 1
4143 1
5923 1
4144 1
4145 1
4146 1
6792 1
670 304
671 282
672 305
673 280
674 283
675 270
676 262
677 288
678 261
679 263
4600 2
4602 1
4603 1
4605 2
1590 11
1591 7
1592 6
1593 3
1594 7
1595 7
1596 12
1597 6
1598 6
1599 3
5475 1
5476 1
4150 1
4152 1
4154 1
4155 2
4157 1
4158 1
4159 1
680 261
681 267
682 272
683 276
684 280
685 264
686 283
687 253
688 253
689 264
4616 1
4619 1
5480 1
5485 1
4160 1
4161 1
4164 1
4165 1
4166 1
4167 1
4169 1
690 291
691 231
692 271
693 234
694 254
695 232
696 250
697 239
698 236
699 276
4620 1
4629 1
5493 1
3300 2
3301 1
3302 1
3303 3
3304 2
3305 1
3307 2
3309 1
4170 2
4178 1
4632 1
3310 1
3311 3
3312 3
3314 1
3315 2
3316 1
3317 1
3318 1
3319 2
4180 2
4182 1
4184 1
4187 2
4188 2
4642 1
4644 1
4645 1
4646 1
3320 1
3321 1
3322 1
3323 1
3324 2
3325 1
3328 2
3329 1
4190 1
4191 3
4192 3
4194 2
4198 1
4199 1
2000 3
2001 1
2002 5
2004 2
2005 1
2006 2
2007 1
2008 2
2009 2
4653 1
3332 1
3337 2
3338 1
3339 1
5986 1
2011 2
2012 4
2013 2
2015 3
2016 1
2017 1
2018 1
2019 2
4663 1
3341 1
3342 4
3343 2
3344 3
3345 2
3347 1
3348 1
3349 3
2020 1
3801 1
3802 1
2023 2
3803 3
2024 3
3804 2
2025 3
3805 1
3807 1
2027 4
3808 1
2028 2
2029 3
4673 1
4674 1
4677 1
4679 1
3350 1
3351 4
3352 3
3353 2
3354 2
3356 1
3358 1
3359 2
3810 1
2030 2
3811 2
2031 3
2032 2
3813 1
3814 2
2034 3
3815 1
2035 5
2036 4
3817 1
2037 2
3818 2
2038 1
2039 2
3819 3
4680 2
4681 1
4687 1
3360 4
3361 2
3362 3
3363 5
3364 3
3365 1
3366 2
3367 1
3368 1
3820 1
2040 1
2041 1
3821 3
3822 1
2042 2
3823 1
3824 3
2044 4
2045 2
3826 1
2046 3
3827 2
2047 4
3828 2
2048 1
3829 4
2049 5
4690 1
4693 1
4695 2
4697 1
2500 1
2502 1
2503 4
2504 2
2505 1
2506 1
2507 3
2508 1
2509 2
3370 1
3371 2
3373 2
3374 2
3376 2
3377 1
3378 3
3379 2
2050 2
3830 2
2051 2
3832 2
3833 1
2053 2
3834 2
2054 3
3835 1
2055 5
2056 5
3837 2
2057 5
3838 1
2058 5
3839 2
2059 1
2510 2
2511 1
2512 1
2513 2
2515 1
2516 1
2517 1
3382 1
3383 1
3384 2
3386 1
3388 1
3389 2
2060 4
3841 2
2061 2
3842 1
2062 1
2063 1
3843 1
3844 2
2064 1
2065 1
3845 4
3846 1
2067 1
3847 3
3848 2
2068 5
2069 2
3849 1
2520 2
2521 1
2523 1
2524 2
2525 3
6401 1
2526 2
2527 2
2528 1
2529 1
6407 1
3390 2
3391 3
3392 1
3395 2
3396 1
3397 1
3398 5
1200 18
1201 20
1202 19
1203 32
1204 27
1205 13
1206 15
1207 22
1208 16
1209 18
2070 3
3850 2
3852 3
3853 2
2073 1
3854 3
2074 4
3855 2
2076 2
3858 1
2078 2
3859 1
2079 1
2530 2
2531 1
2533 2
2534 4
2535 1
6410 1
2539 2
6418 1
1210 26
1211 24
1212 23
1213 23
1214 13
1215 20
1216 16
1217 15
1218 21
1219 19
3860 3
2080 2
3861 2
2081 4
3862 2
2082 2
3863 1
2083 2
2084 3
3864 3
2085 1
2086 1
3866 1
2087 2
2088 2
3869 1
2541 1
2542 1
2543 1
2547 2
300 3038
301 3052
2549 1
302 3026
303 2953
304 2992
305 2893
306 2955
307 2927
308 2937
309 2889
1220 17
1221 23
1222 19
1223 26
1224 20
1225 19
1226 21
1227 14
1228 16
1229 28
3870 3
2090 2
3871 2
2091 2
2092 2
3872 1
3873 1
2093 2
2094 2
3874 1
2095 2
3876 1
2096 1
3877 2
2097 3
3878 1
2098 1
2099 3
2551 1
2554 2
2555 2
2556 3
2557 1
310 2938
311 2804
2558 1
2559 1
312 2867
313 2805
314 2776
315 2827
316 2756
317 2838
318 2818
319 2808
1230 23
1231 13
1232 18
1233 14
1234 12
1235 20
1236 26
1237 19
1238 17
5114 1
1239 33
5116 1
3881 1
3883 1
3885 1
3887 3
3888 3
3889 1
2560 1
2561 3
2565 3
6441 1
2566 1
320 2857
321 2715
322 2767
323 2679
324 2665
325 2679
326 2698
327 2741
328 2723
329 2716
1240 18
1241 22
1242 17
1243 16
1244 18
5120 1
1245 22
1246 17
1247 20
1248 22
5124 1
1249 20
5125 1
3891 1
3892 2
3893 1
3894 3
3895 1
3896 1
3898 3
3899 3
1700 6
1701 8
1702 6
1703 5
1704 8
1705 6
1706 8
1707 10
1708 6
1709 10
2570 3
2571 1
2572 2
2575 2
330 2659
331 2661
2579 1
332 2620
333 2671
334 2571
335 2588
336 2581
337 2652
338 2503
339 2475
1250 25
1251 19
1252 22
1253 15
1254 18
1255 19
1256 17
1257 21
1258 15
5134 1
1259 30
1710 9
1711 4
1712 5
1713 6
1714 7
1715 6
1716 3
1717 6
1718 3
1719 3
2580 1
2584 1
6460 1
6461 1
340 2587
341 2465
342 2447
343 2489
344 2460
345 2488
346 2359
347 2428
348 2438
349 2385
1260 15
1261 9
30 1
1262 21
1263 19
1264 15
5140 1
1265 16
1266 21
1267 9
800 187
1268 16
36 2
801 213
37 1
5144 1
1269 8
802 194
38 6
803 168
39 9
804 186
805 190
5148 1
806 204
807 191
808 187
809 206
1720 3
1721 5
1722 2
1723 12
1724 4
1725 9
1726 6
1727 7
1728 8
5604 1
1729 6
2593 1
2594 1
2595 2
350 2413
351 2309
352 2364
2599 2
353 2293
354 2280
355 2224
356 2355
357 2211
358 2235
359 2131
1270 10
1271 21
1272 12
40 16
1273 20
41 34
1274 18
42 47
5150 1
1275 10
43 98
1276 14
44 114
810 221
1277 21
45 199
811 209
1278 14
46 250
812 171
1279 7
47 333
813 166
48 401
814 192
49 518
815 197
5158 1
816 167
817 183
818 169
819 214
1730 5
1731 8
1732 7
1733 7
1734 9
1735 5
1736 5
1737 9
1738 6
1739 2
360 2226
361 2171
362 2166
363 2131
364 2010
365 2071
366 2076
367 2083
368 2012
369 2070
1280 16
1281 16
1282 12
50 577
1283 19
51 759
1284 15
52 894
1285 11
53 996
6941 1
1286 24
54 1140
1287 12
55 1253
820 168
1288 23
56 1309
821 204
1289 16
57 1404
822 176
58 1579
823 178
59 1663
824 172
825 172
6948 1
826 158
827 181
828 187
829 178
1740 4
1741 2
1742 6
1743 9
1744 8
1745 6
1746 2
1747 5
1748 5
1749 9
5629 1
370 2042
371 1981
372 2062
373 1963
374 1957
375 1961
376 1958
377 1894
378 1825
379 1881
4300 1
4301 2
4307 1
4308 2
1290 16
1291 23
1292 13
60 1831
1293 14
61 1919
1294 18
62 1886
1295 7
63 1981
1296 13
64 2068
6952 1
5172 1
1297 15
65 2071
830 181
1298 12
66 2075
831 171
5174 1
1299 12
67 2096
832 185
68 2136
833 192
69 2095
834 169
6957 1
835 166
836 174
837 171
838 157
839 172
1750 6
1751 7
1752 3
1753 2
1754 2
1755 7
1756 9
1757 7
1758 9
1759 3
380 1864
381 1878
382 1812
383 1877
384 1756
385 1733
386 1808
387 1693
388 1709
389 1722
4310 1
4311 1
4312 3
4314 2
4316 3
4317 1
4318 1
70 2109
71 2161
72 2101
73 2201
74 2257
75 2380
840 175
5183 1
76 2271
841 169
5184 1
77 2350
842 164
78 2340
843 154
79 2422
844 180
845 171
846 150
847 157
848 166
849 140
1760 3
1761 4
1762 4
1763 2
1764 7
5640 1
1765 6
1766 4
1767 6
1768 5
1769 5
390 1706
391 1713
392 1700
393 1617
394 1609
395 1669
396 1622
397 1542
398 1487
399 1521
4320 5
4321 2
4322 1
4325 1
4326 1
4328 3
80 2484
81 2576
82 2540
83 2639
84 2606
850 148
85 2765
851 138
86 2802
852 173
87 2827
853 139
88 2837
854 138
89 2921
855 148
856 140
857 148
858 130
859 169
3000 2
3001 3
3003 1
3004 1
3005 2
3006 2
3007 1
3008 1
3009 3
1770 5
1771 7
1772 7
1773 4
1774 3
1775 4
1776 7
1777 3
1778 4
1779 5
4331 1
4332 1
4333 4
4337 3
4338 1
90 3054
91 3095
92 3151
93 3077
94 3169
95 3212
860 154
96 3279
861 144
97 3338
862 148
98 3341
863 142
99 3418
864 141
865 156
866 123
867 153
868 143
869 132
3010 1
3011 2
3012 2
3013 1
3014 1
3015 1
3018 3
3019 2
1780 4
1781 6
1782 4
1783 4
1784 5
5660 1
1785 5
1786 5
1787 7
1788 4
1789 6
5666 1
4340 2
4341 4
4342 3
4343 1
4344 1
4345 1
4346 3
4347 2
4348 1
4349 2
870 144
871 122
872 144
873 139
874 127
875 135
876 127
6999 1
877 124
878 126
879 138
4800 2
3020 2
4801 1
3021 1
3022 1
3023 1
3024 3
3025 3
3027 1
4808 1
3028 1
3029 1
4809 1
1790 5
1791 4
1792 4
1793 3
1794 6
1795 4
5671 1
1796 5
1797 5
1798 3
1799 7
5679 1
4351 4
4353 1
4355 1
4356 1
4357 1
4359 1
880 135
881 124
882 121
883 121
884 113
885 122
886 117
887 115
888 134
889 113
4810 1
3030 1
4811 1
3031 1
3032 1
4812 1
3033 3
3036 1
3038 1
5682 1
5685 1
5686 1
4361 2
4362 1
4363 2
4364 3
4365 1
4366 3
4367 1
4369 2
890 134
891 112
892 115
893 99
894 132
895 111
896 133
897 131
898 120
899 122
3040 1
4820 1
3042 1
3044 2
3045 3
3047 1
4827 1
3048 2
5693 1
5695 1
3500 1
3503 1
3505 2
3506 1
3507 1
3508 1
3509 1
4370 1
4371 2
4372 2
4373 1
4375 1
4377 2
4378 2
3051 2
3053 3
3054 1
4835 2
3055 3
3059 1
3511 1
3512 1
3515 2
3516 1
3517 1
3518 1
4381 2
4382 2
4383 2
4384 2
4385 1
4387 2
4841 1
3061 2
3062 4
4842 1
3063 3
4845 1
4847 3
3069 1
3521 1
3522 2
3523 1
3525 2
3526 2
3527 1
3528 2
4391 1
4394 2
4395 1
4396 2
4398 2
4399 3
2200 5
2201 4
2202 4
2203 3
2204 5
2205 1
2206 5
2207 2
2208 2
2209 5
4851 1
4856 1
3076 1
3077 3
3078 1
3079 2
3531 1
3532 2
3533 1
3534 1
3535 1
2210 5
2211 1
2212 8
2213 7
2214 2
2215 2
2216 3
2217 5
2218 6
2219 1
4860 1
3082 1
3084 1
3085 2
3087 1
3088 1
3540 3
3543 4
3546 1
3548 2
3549 1
2220 3
2221 4
2222 5
2223 5
2224 3
2225 4
6101 1
2226 3
2227 3
2228 2
2229 4
4870 1
3090 2
3092 1
4873 2
3093 1
3094 1
3095 3
3096 2
4877 1
3097 1
3098 3
4879 1
3099 1
3550 1
3551 1
3553 1
3556 1
3557 1
3558 1
3559 1
2230 6
2231 3
2232 2
2233 3
2234 4
2235 6
2236 2
2237 5
2238 2
2239 3
4880 2
4883 1
4886 1
4889 1
3560 1
3561 1
3562 1
3566 2
3567 1
2240 1
2241 3
2242 2
2243 2
2244 1
2246 6
2247 4
2248 4
6124 1
2249 5
4890 1
4893 1
2700 3
2701 4
2702 3
2703 1
2704 1
2706 6
2707 3
2708 5
2709 2
3571 2
3573 1
3578 2
3579 1
2250 4
2251 2
2252 6
2253 2
2254 1
2255 4
2256 3
2257 3
2258 4
2259 3
2710 1
2711 4
2712 3
2713 1
2714 3
2715 3
2716 7
2717 3
2718 4
2719 2
3580 1
3582 1
3585 1
3586 1
3589 1
2260 5
2261 9
2262 4
2263 7
2264 2
2265 3
2266 1
2267 5
2269 2
2720 6
2721 8
2723 2
2724 3
2726 4
2728 2
2729 1
3591 1
3595 1
3596 1
3599 1
1400 4
1401 8
1402 15
1403 17
1404 10
1405 6
1406 8
1407 6
1408 14
1409 13
2270 4
2271 5
2272 4
2273 5
2274 4
2275 3
2276 2
2277 5
2278 2
2279 4
2730 2
2731 3
2732 1
2733 1
2734 2
2735 2
2736 1
2738 1
2739 4
1410 6
1411 8
1412 13
1413 12
1414 11
1415 13
1416 8
1417 11
1418 19
1419 10
2280 1
2281 6
2282 3
2283 2
2284 2
2285 3
2286 2
2287 4
2288 1
2289 3
2740 1
2741 3
2742 5
2743 4
2744 1
2745 1
2746 1
500 487
2747 3
501 453
2748 1
502 483
2749 2
503 484
504 474
505 477
506 478
507 465
6629 1
508 442
509 457
1420 12
1421 14
1422 17
1423 8
1424 8
1425 19
5301 1
1426 10
1427 17
1428 11
1429 13
2290 6
2291 4
2292 5
2293 1
2294 1
2295 2
2296 4
2297 1
2298 5
2299 4
2750 3
2751 3
2752 3
2754 5
2757 2
510 456
2758 5
511 423
2759 4
512 454
513 401
514 425
515 433
516 404
517 388
518 400
519 402
1430 6
1431 12
1432 9
1433 12
1434 4
1435 4
1436 9
1437 9
1438 9
1439 7
2760 1
2761 3
2763 3
2764 1
2765 2
2766 1
2767 1
520 395
2768 1
521 330
2769 2
522 398
523 376
524 390
525 339
526 346
527 364
528 335
529 355
1440 9
1441 9
1442 9
1443 7
1444 9
5320 1
1445 14
1446 5
5322 1
1447 9
1448 12
1449 7
1900 5
1901 1
1902 1
1903 4
1904 2
1905 3
4000 1
1906 3
4002 1
1908 4
4003 1
4004 1
1909 8
4005 3
4009 1
2770 4
2771 1
2773 4
2775 1
2776 4
530 373
2777 2
2778 3
531 331
2779 2
532 333
533 347
534 327
6657 1
535 317
536 342
6658 1
537 334
538 303
539 339
1450 10
1451 12
1452 9
1453 10
1454 8
1455 10
1456 7
1457 6
1458 6
1459 10
5335 1
1910 7
1911 2
1912 4
1913 2
1914 1
4010 2
1915 2
1916 7
4011 3
1917 3
1918 5
1919 6
4015 1
4016 1
4017 2
4019 1
2780 2
2781 3
2782 1
2784 2
6660 1
2785 1
2786 4
2787 2
540 340
2788 3
541 313
2789 3
542 356
543 291
544 306
545 289
546 283
547 282
548 276
549 289
1460 9
1461 11
1462 7
1463 5
1464 6
1465 10
1466 9
1467 11
1468 10
1469 7
1920 2
1921 1
1922 4
1923 2
1924 3
4020 1
1925 1
1926 7
4022 2
1927 4
1928 3
1929 2
4025 1
4026 1
2790 3
2791 3
2792 2
2794 3
2795 2
6672 1
2797 1
550 268
2798 1
551 262
552 255
553 247
554 305
555 274
556 252
557 268
558 246
559 258
1470 9
1471 6
1472 7
1473 4
1474 6
1475 6
5351 2
1476 9
1477 8
1478 6
1479 5
5355 1
1930 3
1931 3
1932 5
1933 2
1934 1
4030 1
1935 2
4031 1
1936 1
1937 5
4032 2
1938 1
4033 1
4034 1
1939 2
560 272
561 236
562 248
563 281
564 302
565 282
566 297
567 288
568 299
569 297
1480 11
1481 7
1482 12
1483 6
1484 7
5360 1
1485 6
1486 6
1487 5
1488 12
1489 7
5367 1
1940 6
1941 5
1942 2
1943 1
1944 3
4040 1
1945 6
4042 1
1947 2
4043 1
1948 5
4044 1
1949 2
4045 2
570 323
571 325
572 320
573 311
574 304
575 318
576 298
577 288
578 309
579 308
4500 1
4504 3
4505 1
4507 1
4508 1
1490 10
1491 5
1492 5
1493 3
1494 5
1495 3
1496 6
5372 1
1497 8
1498 10
1499 7
5377 1
1950 2
1951 3
1952 2
1953 3
1954 3
1955 1
1956 2
4051 1
1957 1
4052 2
1958 3
4053 1
5837 1
4058 2
580 315
581 345
582 308
583 331
584 299
585 320
586 302
587 320
588 298
589 332
4512 1
4517 1
4518 1
4519 2
5381 1
5384 1
1960 2
1961 4
1962 1
1963 1
1964 1
4060 1
1965 3
1966 2
5842 1
4062 2
1967 5
1968 2
1969 4
4068 1
590 326
591 323
592 321
593 341
594 333
595 346
596 314
597 321
598 337
599 363
4520 1
4521 1
4522 1
4523 1
4526 4
4529 1
5396 1
5399 1
3200 1
3201 2
3202 1
3203 1
3204 1
3205 1
3206 2
3207 3
3208 4
3209 1
1970 4
1971 3
1972 1
1973 4
1974 2
1975 4
4070 1
1977 3
5853 1
1978 2
4074 1
4077 2
4530 1
4536 1
3210 2
3211 4
3212 4
3213 2
3214 3
3215 3
3216 3
3217 2
3218 1
3219 1
1980 4
1981 3
1983 1
1984 2
1985 1
4081 1
1986 2
1987 1
4082 2
1988 2
1989 3
4085 1
4086 2
4087 1
4541 1
4542 1
4544 3
3220 2
3221 3
3222 2
3224 1
3225 3
3226 1
3227 1
3228 4
3229 1
1990 3
1992 3
1993 3
4090 1
1995 2
1996 2
4091 2
4092 1
4093 1
1998 3
1999 4
4098 1
4553 1
4555 1
4557 1
4558 1
3230 3
3231 2
3232 4
3233 1
3234 4
3235 1
3236 1
3237 6
3238 3
5887 1
4561 1
4563 1
4569 1
3241 1
3242 2
3243 3
3244 1
3245 2
3246 3
3248 1
3249 2
5893 2
3700 4
3702 2
3703 3
3704 2
3706 1
3707 2
3708 2
3709 1
4571 1
4575 1
4576 1
3250 3
3251 2
3252 3
3253 2
3254 2
3255 1
3256 1
3257 1
3258 1
3259 1
3710 4
3711 2
3712 4
3713 2
3714 2
3715 3
3716 2
3717 2
3718 2
3719 1
4581 1
4587 1
4588 1
4589 1
3260 2
3261 4
3262 3
3263 2
3264 3
3265 3
3266 2
3267 3
3268 4
3721 1
3722 2
3723 2
3724 2
3725 1
3726 2
3727 3
3729 2
2400 5
2401 1
2402 3
2403 1
2404 1
2406 2
2407 1
2408 2
2409 3
3272 3
3273 3
3274 1
3275 4
3278 2
3730 2
3732 3
3733 2
3734 4
3735 2
3736 2
3737 2
3738 2
3739 2
2410 2
2411 2
2413 5
2414 3
2415 2
2416 2
2417 1
2419 2
3280 1
3281 3
3282 3
3283 3
3284 1
3285 2
3286 2
3287 3
3288 3
3289 2
3740 4
3744 2
3745 1
3746 1
3747 3
3748 3
3749 1
2420 1
2421 2
2422 2
2423 2
2424 3
2425 2
2426 1
2427 3
2428 1
6306 1
3290 5
3291 2
3292 1
3293 1
3294 3
3295 1
3296 2
3298 1
3299 1
1100 17
1101 22
1102 31
1103 31
1104 21
1105 25
1106 35
1107 31
1108 33
1109 28
3750 1
3751 1
3752 1
3753 6
3754 1
3755 5
3756 2
3757 1
3759 2
2430 4
2432 3
2433 1
2436 3
2437 1
2438 1
2439 4
1110 34
1111 29
1112 22
1113 28
1114 31
1115 24
1116 27
1117 22
1118 18
1119 44
3761 6
3762 1
3764 1
3765 2
3766 1
3767 2
3768 2
3769 2
2440 2
2441 3
2442 1
2443 2
2444 5
2445 5
2446 3
2447 1
200 3155
2448 3
201 3108
2449 1
202 3047
203 3170
204 3141
205 2949
206 3136
207 3005
208 3020
209 2998
1120 29
1121 23
2902 1
1122 28
2903 2
1123 32
2904 2
1124 23
5000 1
2905 1
1125 33
5001 2
2906 1
1126 23
2907 4
1127 31
2908 1
1128 38
2909 1
1129 29
3770 4
3771 4
3773 1
3776 2
3777 1
3778 2
3779 1
2450 1
2451 2
2452 2
2453 4
2454 2
2455 2
210 3017
2458 1
211 3065
2459 1
212 3103
213 3140
214 3050
215 3167
216 3074
217 3202
218 3075
219 3151
2910 1
1130 23
2911 2
1131 38
1132 35
2913 1
1133 29
2914 1
1134 21
2915 3
1135 25
2916 1
1136 29
2917 6
1137 16
2918 1
1138 29
5014 1
1139 26
5018 1
3781 2
3782 2
3783 1
3785 3
3786 3
3787 2
3789 3
2461 1
2462 1
2463 2
2464 1
2465 1
2466 2
220 3071
6342 1
221 3066
2468 1
2469 2
222 3025
223 3040
224 3106
225 2953
226 2990
227 3100
6349 1
228 3099
229 3111
1140 22
2920 2
2921 2
1141 26
2922 1
1142 25
1143 19
2923 2
1144 28
2924 1
1145 30
2925 3
2926 1
1146 17
1147 17
2927 1
6803 1
1148 29
1149 23
3790 1
3791 2
3792 2
3794 4
3795 1
3796 1
3798 3
1600 12
1601 3
1602 10
1603 7
1604 8
1605 8
1606 5
1607 6
1608 5
1609 2
2471 3
2473 1
2475 1
6351 1
2476 2
230 3091
2477 2
231 3009
2478 1
232 2993
233 3097
234 3015
235 3097
236 3041
237 3074
238 3023
239 3064
2930 1
1150 26
2931 2
1151 25
2932 3
1152 25
1153 31
2934 1
1154 33
5030 1
2935 4
1155 33
2936 1
1156 24
1157 22
2938 1
1158 28
5034 2
2939 1
1159 23
5037 1
5038 1
1610 2
1611 8
1612 5
1613 10
1614 4
1615 5
1616 10
1617 8
1618 3
1619 4
2480 2
2482 2
2485 2
2486 1
2487 1
240 3089
2488 2
241 3056
2489 2
242 3129
243 3061
244 2992
245 3131
246 3039
247 3117
248 3005
249 3064
2940 2
1160 18
2941 2
1161 25
2942 1
1162 30
2943 2
1163 22
2944 2
1164 26
2945 2
1165 27
5041 1
2946 2
1166 25
1167 24
700 260
2948 2
1168 30
701 276
1169 18
702 229
703 234
704 249
705 251
706 231
707 233
708 249
709 269
1620 5
1621 7
1622 12
1623 5
1624 10
1625 6
1626 7
1627 7
1628 5
1629 5
5509 1
2493 2
2494 2
2495 6
2496 2
6372 1
2497 3
250 3058
2498 2
251 2991
252 3142
253 3061
254 3020
255 3175
256 3054
257 3088
258 3098
259 3129
2950 4
1170 25
2951 3
1171 27
2952 1
1172 28
2953 2
1173 22
2954 2
1174 27
2955 3
1175 21
1176 28
2957 2
1177 18
710 269
2958 3
1178 24
711 227
2959 4
1179 23
712 225
713 231
714 248
715 217
716 202
717 229
718 237
719 242
1630 7
1631 8
1632 13
1633 6
1634 13
5510 1
1635 7
1636 12
1637 6
1638 5
1639 7
5518 1
260 2968
261 3089
262 3076
263 3178
264 3117
265 3096
266 3019
267 3090
268 3070
269 3087
2960 1
1180 21
1181 18
2961 1
1182 22
2963 1
1183 29
2964 1
1184 22
2965 2
1185 17
5061 1
1186 28
2966 1
1187 19
720 244
2967 2
1188 20
721 230
5064 1
1189 24
722 213
5065 1
723 216
724 229
725 231
726 247
5069 1
727 230
728 201
729 224
1640 5
1641 11
1642 11
1643 5
1644 6
1645 10
1646 8
1647 5
1648 5
1649 9
270 3028
271 3058
272 3026
273 3122
274 3097
275 3134
276 3082
277 3167
278 3009
279 3048
4200 1
4201 3
4207 1
4208 1
4209 2
2970 1
1190 27
2971 1
1191 16
2972 2
1192 25
1193 24
2974 1
1194 13
2975 2
1195 23
1196 24
2977 1
730 200
1197 25
2978 1
731 247
1198 21
2979 1
732 227
1199 21
733 230
734 229
735 217
736 240
737 218
738 237
739 222
1650 4
1651 9
1652 8
1653 10
1654 6
1655 7
1656 13
1657 4
5533 1
1658 8
1659 11
5537 1
280 3140
281 3072
282 3070
283 3068
284 3116
285 3038
286 3029
287 3007
288 3014
289 3151
4211 1
4212 1
4213 1
4214 1
4215 4
4216 2
4217 1
4219 2
2980 2
2981 2
2982 2
2983 2
2984 1
2985 1
2987 2
740 241
2988 1
741 222
2989 1
742 209
743 202
744 210
745 220
746 214
747 203
748 193
749 218
1660 9
1661 12
1662 9
1663 10
1664 8
1665 9
1666 6
1667 9
1668 8
1669 7
5548 1
290 3008
291 3030
292 3089
293 3084
294 3004
295 3127
296 3007
297 2998
298 2995
299 3010
4220 3
4221 2
4223 1
4224 1
4225 1
4226 3
4227 1
4229 1
2990 1
2993 3
2994 4
2995 1
750 225
751 207
2999 2
752 210
5095 1
753 195
754 210
755 225
756 212
757 197
758 215
759 211
1670 4
1671 8
1672 3
1673 7
1674 7
1675 2
1676 10
5552 1
1677 13
1678 15
1679 8
4230 4
4231 1
4232 1
4236 2
4239 5
760 207
761 211
762 205
763 204
764 224
765 211
766 210
767 187
768 200
769 201
1680 8
1681 12
1682 6
1683 5
1684 9
1685 5
1686 11
1687 6
1688 9
1689 5
4241 1
4243 1
4244 2
4245 3
4246 2
4248 1
4249 1
6891 1
770 219
771 206
772 219
773 213
774 215
775 203
776 169
777 192
778 218
779 218
4700 1
4703 1
4705 1
4708 1
4709 2
1690 10
1691 3
1692 8
1693 7
1694 8
1695 9
1696 8
1697 10
5573 1
1698 6
1699 5
4250 2
4252 1
4253 1
4254 3
4255 4
4256 1
4257 3
4259 3
780 195
781 237
782 224
783 199
784 190
785 180
786 195
787 194
788 203
789 192
4710 1
4714 2
4716 1
4261 1
4262 2
4264 1
4266 2
4268 1
4269 1
790 190
791 200
792 210
793 195
794 216
795 204
796 215
797 171
798 189
799 175
4720 1
4724 2
4727 1
5597 1
3400 1
3401 1
3402 2
3403 1
3404 1
3405 1
3407 3
3408 3
3409 3
4270 3
4271 1
4272 2
4273 1
4274 2
4276 2
4277 1
4278 1
4738 1
3410 1
3412 2
3413 1
3414 4
3416 2
3417 1
4283 2
4284 2
4285 1
4286 2
4287 2
4288 3
4741 1
4744 1
4746 1
4748 1
3420 2
3422 2
3425 1
3427 3
3428 1
3429 2
4290 1
4291 1
4292 1
4294 1
4298 3
4299 1
2100 2
2101 2
2102 2
2103 4
2104 3
2105 5
2106 2
2107 4
2108 3
2109 7
4750 1
4751 1
4752 2
4758 2
3430 1
3433 3
3434 4
3435 2
2110 2
2111 3
2112 2
2113 3
2115 4
2116 2
2117 1
2118 5
2119 1
4760 2
4763 2
4766 1
4767 1
3440 1
3442 1
3443 1
3444 1
3445 1
3446 1
3447 3
3448 1
3449 2
3900 2
2120 3
2121 2
3901 1
3902 1
2122 3
2123 1
3903 2
3904 1
2124 2
6000 1
2125 2
2126 1
3906 1
2127 2
3908 3
2128 6
2129 1
4770 1
4772 1
3450 3
3454 1
3456 2
3457 2
3458 2
2130 1
3911 1
2132 4
2133 3
3914 1
2134 5
2135 4
3916 1
2136 3
2137 1
3917 4
2138 2
3919 1
2139 2
4781 1
4787 1
3460 1
3463 4
3465 1
3468 1
3469 1
3920 2
2140 6
2141 4
3921 1
2142 4
3922 2
2143 5
3923 1
2144 5
2145 6
3925 1
3926 2
2146 3
2147 3
3928 3
2148 3
3929 1
2149 6
4794 1
4796 1
2600 1
2601 1
2602 2
2606 1
2609 1
3470 2
3471 2
3474 1
3475 1
3477 1
3479 3
3930 1
2150 3
3931 1
2151 5
3933 2
2153 3
3934 2
2154 3
2155 5
3936 1
2156 2
3937 3
2157 4
3939 1
6034 1
2159 6
2610 2
2613 2
2615 1
2616 3
2617 1
2619 1
3480 2
3481 1
3482 3
3483 2
3484 4
3485 1
3486 1
3487 1
3489 3
3940 2
2160 5
3941 1
2161 1
3942 3
2162 4
3943 1
2163 5
2164 8
3945 1
2165 7
2166 4
6042 1
3947 1
2167 2
3948 1
2168 7
2169 3
2620 3
