2621 5
2623 4
2624 2
2626 3
2627 3
2628 2
2629 2
3490 1
3491 2
3492 1
3493 2
3494 4
3495 5
3496 2
3497 4
3498 4
3499 3
1300 75
1301 59
1302 79
1303 62
1304 76
1305 62
1306 61
1307 62
1308 66
1309 60
3950 2
2170 8
2171 6
3952 3
2172 6
3953 1
2173 8
3954 5
2174 6
3955 1
2175 7
3956 3
2176 7
3957 1
2177 5
2178 2
3958 2
3 1
3959 2
2179 10
4 1
5 2
6 1
6057 1
9 2
7845 1
7846 2
7849 1
2630 2
2631 3
2632 2
2633 6
2634 4
2635 5
2636 4
2637 2
2638 3
2639 2
6516 1
7391 2
1310 66
1311 70
1312 69
1313 67
1314 65
1315 61
1316 68
1317 68
1318 68
1319 60
3960 2
2180 6
3961 1
2181 6
3962 1
2182 10
2183 12
2184 12
3965 3
2185 13
2186 8
3967 1
2187 12
2188 9
2189 9
3969 2
7852 1
7854 1
7855 2
7859 1
2640 1
2641 2
2642 1
2643 7
2644 2
2645 3
2646 1
2647 4
400 1627
2648 5
401 1549
2649 3
402 1545
403 1561
404 1616
405 1606
6528 1
406 1626
6529 1
407 1694
408 1548
409 1612
1320 59
1321 83
1322 84
1323 58
1324 51
1325 53
5201 2
1326 76
5202 5
1327 61
5203 3
1328 50
5204 5
1329 66
5205 1
5206 1
5207 2
5208 5
5209 1
2190 6
3971 2
2191 12
3972 3
2192 2
3973 3
2193 9
3974 2
2194 7
3975 3
2195 3
2196 7
3976 1
2197 4
3977 7
6073 1
3978 2
2198 11
2199 2
7862 1
7865 1
2650 2
2651 3
2652 2
2653 6
2654 6
2655 3
2656 3
2657 3
410 1571
2658 3
411 1645
2659 4
412 1645
413 1527
414 1595
415 1585
416 1491
417 1632
418 1583
419 1551
1330 40
1331 66
1332 59
1333 74
1334 60
5210 2
1335 50
5211 2
1336 53
5212 3
1337 57
5213 1
1338 60
5214 4
1339 57
5216 1
5217 1
5218 1
5219 2
3982 1
3983 4
3984 1
3985 1
3986 2
6081 1
6082 1
3987 1
3988 3
3989 2
7874 1
2660 1
2661 4
2662 3
2663 7
2664 3
2665 2
2666 3
420 1590
2667 5
2668 2
6543 1
421 1570
2669 3
422 1583
423 1523
424 1632
425 1577
426 1568
427 1547
428 1609
429 1601
1340 50
1341 76
1342 51
1343 49
1344 49
5220 3
1345 64
5221 3
1346 53
1347 61
5223 2
1348 60
5224 1
1349 59
5225 3
5226 1
5227 3
5228 2
3990 2
3991 1
3992 2
3993 2
3994 1
3995 3
3996 4
3998 1
6093 1
6094 1
3999 4
6095 1
6096 1
1800 6
1801 5
1802 7
1803 4
1804 14
1805 6
1806 8
1807 9
1808 10
1809 8
2670 3
2671 2
2672 5
2673 5
2674 2
2675 4
2676 7
2677 3
430 1647
2678 7
431 1591
2679 7
432 1518
433 1600
434 1543
435 1607
436 1537
437 1607
438 1569
439 1508
1350 60
1351 55
1352 66
1353 61
1354 59
5230 1
1355 54
5231 1
1356 60
1357 63
5233 1
1358 50
5234 3
1359 62
5235 1
5236 3
5239 2
1810 8
1811 12
1812 12
1813 15
1814 11
1815 8
1816 13
1817 7
7898 1
1818 3
1819 8
2680 1
2681 7
2682 1
2683 5
2684 2
2685 4
6561 1
2686 4
2687 3
440 1590
2688 7
441 1628
2689 4
442 1580
443 1514
444 1577
445 1497
446 1588
447 1559
448 1567
449 1614
1360 60
1361 55
1362 54
1363 50
1364 58
5240 4
1365 58
5241 1
1366 43
5242 1
1367 53
900 487
5243 4
1368 50
901 558
1369 49
902 507
5245 2
903 519
5246 1
904 563
5247 2
905 535
5248 2
906 519
5249 3
907 479
908 494
909 493
1820 11
1821 9
1822 9
1823 6
1824 13
1825 12
5701 1
1826 9
5702 1
1827 8
1828 11
1829 7
5708 1
5709 3
2690 5
2691 3
2692 5
2693 4
2694 3
2695 1
2696 3
450 1552
2697 6
2698 5
451 1613
452 1534
2699 1
453 1554
454 1589
455 1539
456 1529
457 1567
458 1567
459 1487
1370 50
1371 60
1372 41
1373 55
1374 62
5250 3
1375 57
5251 4
1376 52
5252 2
1377 49
910 511
5253 4
1378 49
911 516
5254 3
1379 53
912 455
5255 4
913 531
914 505
5257 3
915 450
916 489
5259 2
917 502
918 468
919 456
1830 7
1831 7
1832 11
1833 10
1834 10
5710 2
1835 12
5711 1
1836 9
1837 9
1838 6
1839 9
5715 1
5716 2
5718 1
5719 1
460 1569
461 1584
462 1630
463 1669
464 1611
465 1544
466 1538
467 1588
468 1638
469 1569
1380 58
1381 58
1382 58
1383 51
1384 60
5260 3
1385 53
5261 1
1386 54
5262 1
920 510
1387 54
5263 2
921 472
1388 50
922 417
5264 4
1389 50
5265 3
923 475
5266 4
924 462
5267 2
925 480
5268 1
926 499
5269 2
927 487
928 467
929 481
1840 8
1841 13
1842 11
1843 11
1844 6
1845 6
5721 2
1846 12
5722 1
1847 10
5723 1
1848 12
5724 2
1849 6
5725 2
5726 1
5728 1
5729 1
470 1597
471 1499
472 1551
473 1601
474 1576
475 1599
476 1553
477 1562
478 1616
479 1516
4402 1
4403 1
4406 2
4407 5
4408 1
4409 1
1390 45
1391 53
1392 60
1393 51
1394 45
5270 1
1395 59
5271 1
1396 59
5272 2
930 459
1397 44
5273 1
931 449
1398 42
5274 1
932 428
1399 51
5275 1
933 421
934 399
5277 2
935 495
936 431
5278 2
5279 4
937 445
938 408
939 452
1850 10
1851 7
1852 10
1853 7
1854 7
5730 1
1855 5
1856 10
5732 1
1857 9
5733 1
1858 10
1859 10
5735 2
5736 2
480 1599
481 1596
482 1580
483 1560
484 1587
485 1514
486 1529
487 1603
488 1608
489 1620
4410 4
4412 2
4413 4
4414 5
4415 3
4416 3
4417 1
4418 4
4419 3
5280 1
5281 2
5282 4
940 454
5283 4
941 425
942 465
5285 2
943 407
5286 2
944 424
5287 1
945 443
5288 1
946 397
947 405
948 380
949 371
1860 7
1861 7
1862 8
1863 5
1864 10
1865 8
5740 3
5741 1
1866 9
1867 7
1868 14
1869 5
5747 1
5749 1
490 1589
491 1489
492 1602
493 1599
494 1542
495 1585
496 1582
497 1570
498 1593
499 1496
4420 2
4421 2
4422 1
4423 2
4424 2
4425 1
4426 3
4428 2
4429 3
5290 1
5291 1
5292 2
950 380
8316 1
5293 1
951 398
5294 1
952 400
5295 3
953 397
5296 2
954 373
5297 5
955 395
5298 2
956 373
5299 2
957 404
958 387
959 393
3100 2
3101 1
3102 3
3103 4
3104 4
3105 3
3106 4
3107 4
3108 3
3109 1
1870 6
1871 5
1872 10
1873 15
1874 9
5750 1
1875 8
1876 10
1877 11
1878 4
1879 9
5755 1
5757 1
5759 2
4430 3
4432 1
4433 2
4434 4
4435 1
4437 1
4438 1
4439 4
8325 1
960 386
961 377
962 390
963 364
964 388
965 392
966 417
967 390
968 372
969 356
3110 5
3111 4
3112 3
3113 3
3114 6
3116 2
3117 2
3119 1
1880 15
1881 7
1882 7
1883 7
1884 11
1885 7
5760 1
7004 1
1886 15
5762 2
1887 6
5763 1
1888 9
5764 2
1889 10
5765 1
4440 1
4442 2
4443 4
4444 3
4445 1
4448 3
970 376
971 390
972 340
973 348
8338 1
974 359
975 348
976 322
977 364
978 336
979 338
3120 2
4901 3
3121 4
3122 2
4903 1
3123 4
4904 1
3124 3
3125 2
4906 1
3126 4
3127 2
4907 1
3128 4
4909 1
3129 2
1890 7
1891 9
7010 1
1892 3
1893 8
1894 13
5770 1
1895 7
1896 14
5772 2
1897 7
1898 5
5773 2
5774 1
1899 13
5775 1
5779 2
4450 2
4452 2
4453 3
4454 1
4457 2
4458 1
4459 2
8341 1
980 322
981 360
982 353
983 383
984 340
985 320
986 302
987 307
988 304
989 303
4910 1
3130 2
4911 2
3131 6
4912 2
3133 3
3134 1
4915 2
3135 6
4916 1
3136 5
3137 4
3138 1
4918 1
4919 1
3139 2
5781 3
5783 1
5786 1
5787 1
5788 1
5789 1
4460 1
4462 2
4463 1
4464 1
4465 2
4466 2
4468 3
4469 1
990 289
991 296
992 305
993 303
994 322
995 277
996 330
997 303
998 319
999 278
4920 1
3140 2
3141 3
4922 1
3142 5
4923 1
3143 4
4924 1
3144 1
4925 1
3145 6
4926 2
3146 1
3147 1
4927 1
4928 1
3148 2
4929 1
3149 6
7032 1
5791 2
5795 1
5797 1
5798 1
3600 3
3601 1
3602 3
3603 2
3606 5
3608 5
3609 1
4471 4
4472 1
4473 3
4474 1
4475 1
4476 3
4477 1
4478 1
4479 2
8361 1
8366 1
8368 1
8369 1
3150 1
4930 1
4931 2
3151 7
3152 1
4932 1
3153 1
4934 1
3154 3
3155 2
3156 5
4937 2
3157 7
3158 3
4939 2
3159 2
3610 1
3611 5
3612 4
3615 5
3616 7
3617 3
3618 4
3619 4
4480 1
4481 2
4482 2
7506 1
4484 2
4486 1
4487 3
4488 4
8370 1
8371 1
3160 4
4941 3
3161 2
4942 1
3162 1
3163 1
4943 3
4944 4
3164 1
4945 1
3165 6
3166 3
3167 5
4948 1
3168 4
3169 2
7051 1
7057 1
3621 3
3622 2
3623 2
3624 1
3625 1
3626 3
3627 2
3628 3
3629 3
4490 1
4491 1
4492 2
4493 1
4495 1
4496 5
4497 2
4498 1
4499 1
8381 1
2300 4
2301 6
2302 10
2303 4
2304 5
2305 6
2306 8
8388 2
2307 7
2308 4
2309 4
3170 1
4951 1
3171 2
3172 3
3173 2
4953 2
4954 1
3174 2
4955 2
3175 5
4956 1
3176 2
4957 3
3177 1
3178 2
4958 1
3179 1
4959 1
7061 1
7065 1
3630 2
3631 3
3632 3
3633 2
3634 3
3635 3
3636 5
3637 2
3638 3
3639 3
2310 5
2311 4
2312 6
2313 5
2314 3
8396 1
2315 9
2316 4
2317 7
2318 7
2319 6
3180 3
3181 1
4961 4
4962 1
3182 6
4963 1
3183 3
4964 1
3184 5
3185 1
3186 3
3187 2
3188 3
3189 6
3640 1
3641 2
3642 4
3643 3
3644 2
3645 3
3646 4
3647 1
3648 1
3649 1
2320 7
2321 4
2322 3
2323 4
2324 6
2325 5
2326 7
2327 7
2328 5
2329 10
6206 1
6207 1
3190 2
4970 2
4971 1
3191 3
3192 2
4973 1
3193 1
3194 5
4974 1
3195 4
4975 3
3196 2
4976 1
4977 1
3197 5
4978 2
3198 7
4979 2
3199 6
7080 1
7085 1
3651 1
3652 3
3653 1
3654 1
3655 6
3656 4
3657 3
3658 4
3659 2
7542 1
7544 1
2330 4
2331 6
2332 2
2333 5
2334 7
2335 8
2336 6
2337 5
2338 6
2339 9
6217 3
4981 3
4984 2
4985 1
4986 1
1000 316
4987 2
1001 307
1002 319
1003 307
1004 318
1005 293
1006 321
1007 281
1008 290
1009 286
3660 5
3661 1
3662 4
3663 5
3664 4
3665 4
3666 4
3667 3
3668 2
3669 4
2340 8
2341 7
2342 7
2343 3
2344 5
2345 3
2346 6
2347 5
100 6292
2348 2
101 6173
2349 1
102 5970
6225 1
103 5946
6226 1
104 5928
105 5849
106 5829
107 5787
4990 1
108 5796
4991 2
109 5670
4992 1
4994 1
4995 3
1010 265
1011 277
1012 259
4999 2
1013 268
1014 275
1015 302
1016 260
2800 5
1017 280
2801 4
1018 279
2802 1
1019 264
2803 2
2804 3
2805 4
2806 6
2807 4
2808 2
2809 1
3670 2
3671 3
3672 4
3673 1
3674 4
3675 1
3676 3
3677 3
3678 9
3679 3
2350 7
2351 4
2352 7
2353 7
2354 6
2355 6
2356 4
110 5619
2357 2
6233 1
111 5785
2358 9
112 5530
2359 6
113 5551
114 5556
115 5421
116 5268
117 5284
118 5230
119 5235
1020 253
1021 266
1022 273
1023 274
1024 289
1025 265
1026 234
2810 3
1027 270
2811 2
1028 265
1029 237
2812 2
2813 7
2814 5
2815 1
2816 6
2817 3
2818 2
2819 5
3681 4
3682 3
3683 2
3684 2
3686 4
3687 4
3688 4
3689 3
2360 3
2361 3
2362 2
2363 6
2364 8
2365 3
2366 4
6241 1
2367 5
120 5145
2368 7
121 4938
2369 2
122 5090
6245 1
123 4874
124 4859
6247 1
125 4764
6248 1
126 4592
127 4727
128 4655
129 4630
1030 258
1031 258
1032 246
1033 253
1034 275
1035 247
1036 239
2820 4
1037 255
2821 5
1038 242
2822 4
1039 248
2823 2
2824 2
2825 5
2826 6
2827 4
2828 2
2829 2
3690 1
3691 3
3692 4
3693 6
3694 3
3695 2
3696 3
3697 3
3698 2
3699 3
1500 38
1501 33
1502 26
1503 35
1504 31
1505 21
1506 23
1507 25
1508 30
1509 26
2370 6
2371 9
2372 3
2373 3
2374 5
2375 5
2376 3
6252 1
2377 6
130 4600
2378 7
131 4514
2379 6
132 4517
133 4543
134 4436
135 4368
136 4364
137 4252
138 4319
139 4093
1040 250
1041 241
1042 243
1043 245
1044 213
1045 233
1046 232
2830 3
1047 236
2831 5
1048 238
2832 3
1049 236
2833 3
2834 4
2835 5
2836 6
2837 2
2838 1
2839 3
1510 27
1511 27
1512 32
1513 34
1514 20
1515 33
1516 28
1517 29
1518 24
1519 34
2380 8
2381 4
2382 3
2383 5
2384 6
2385 3
2386 4
6262 1
140 4132
2387 8
2388 9
141 4206
6263 2
2389 6
142 3982
143 3983
6266 1
144 4012
145 3991
6268 1
146 3934
147 3925
148 3761
149 3764
1050 202
1051 224
1052 224
1053 227
1054 242
1055 240
1056 209
2840 3
1057 205
2841 6
1058 213
2842 4
1059 223
2843 3
2844 2
2845 4
6720 1
2846 1
2847 4
600 1548
2848 5
601 1551
2849 1
602 1526
603 1574
604 1621
605 1602
606 1477
607 1560
608 1641
609 1572
1520 29
1521 21
1522 18
1523 28
1524 20
1525 23
5401 3
1526 20
5402 3
1527 31
5403 2
1528 28
5404 2
1529 24
5406 3
5407 2
5409 2
2390 10
2391 8
2392 4
2393 4
2394 1
2395 2
2396 3
6272 1
150 3706
2397 9
2398 5
151 3714
2399 1
152 3760
153 3587
154 3603
155 3608
156 3627
157 3531
158 3487
159 3427
-185 1
1060 203
1061 210
1062 188
1063 198
1064 218
1065 169
1066 204
1067 172
2850 3
2851 6
1068 226
1069 203
2852 1
2853 3
2854 7
2855 4
2856 3
610 1572
2857 3
2858 2
611 1555
2859 2
612 1561
613 1528
614 1507
615 1470
616 1548
617 1501
618 1476
619 1502
1530 24
1531 35
1532 30
1533 23
1534 24
5410 2
1535 26
5411 4
1536 24
1537 18
5413 2
1538 27
5414 2
1539 27
5415 2
5416 2
160 3404
161 3350
162 3318
163 3274
164 3288
165 3309
166 3443
167 3321
168 3282
169 3252
1070 162
1071 212
1072 211
1073 192
1074 197
1075 189
1076 170
2860 5
1077 174
2861 3
1078 179
2862 6
1079 179
2863 6
2864 7
2865 3
2866 2
2867 2
620 1467
2868 6
621 1546
2869 7
622 1595
623 1537
624 1476
625 1523
626 1568
627 1474
628 1558
629 1488
1540 26
1541 23
1542 28
1543 22
1544 27
5420 1
1545 28
5421 2
1546 23
5422 2
1547 25
1548 15
5424 2
1549 20
5426 1
5427 1
5428 1
5429 2
6291 1
170 3087
171 3106
172 3071
173 3107
174 3074
175 3061
176 3056
177 3073
178 2951
179 3009
4100 2
4103 2
1080 200
4104 2
1081 208
4105 3
1082 216
1083 190
4107 3
1084 161
4108 1
1085 200
4109 1
1086 158
2870 4
1087 175
2871 3
1088 186
2872 2
1089 191
2873 2
2874 5
2875 1
2876 2
2877 1
630 1573
2878 5
631 1539
2879 6
632 1424
633 1550
634 1486
635 1476
6758 1
636 1500
637 1486
638 1544
639 1476
1550 27
1551 21
1552 17
1553 19
1554 26
5430 2
1555 25
1556 29
5432 1
1557 24
5433 1
1558 29
5434 1
1559 18
5437 2
5438 3
5439 2
180 2907
181 2958
182 2868
183 2903
184 2811
185 2810
186 2893
187 2810
188 2707
189 2712
4110 1
4111 1
4112 1
4113 1
1090 204
1091 172
4115 2
1092 170
4116 3
1093 195
4117 2
1094 183
4118 1
1095 172
4119 1
1096 169
2880 4
1097 172
2881 4
1098 167
2882 4
1099 159
2883 3
8002 1
2884 4
8003 1
2885 4
8004 1
2886 7
2887 2
640 1544
2888 2
641 1429
8007 1
642 1519
643 1487
644 1443
645 1389
646 1420
647 1446
648 1531
649 1527
1560 26
1561 27
1562 27
1563 28
1564 25
1565 24
1566 30
5442 1
1567 23
5443 1
1568 28
5444 1
1569 17
5445 3
5446 2
5448 1
5449 4
190 2752
191 2662
192 2762
193 2775
194 2676
195 2681
196 2689
197 2773
198 2742
199 2664
4121 4
5902 1
4122 2
4124 1
5905 1
4125 5
4126 1
5906 1
4128 1
4129 1
5909 1
2890 2
2891 7
2892 3
2893 3
2894 3
2895 6
2896 3
650 1422
2897 7
651 1486
2898 3
652 1472
2899 4
653 1466
6775 1
654 1405
655 1422
656 1437
657 1406
658 1479
659 1459
1570 15
1571 19
1572 29
1573 14
1574 25
5450 1
1575 18
5451 4
1576 22
5452 1
1577 18
5453 2
1578 17
5454 2
1579 20
5455 1
5457 1
5458 4
5459 2
4130 2
4131 3
4132 2
5913 2
5914 1
4134 1
4135 1
4136 1
4137 1
4138 1
4139 1
8020 1
6780 1
8024 1
660 1379
661 1462
8027 1
662 1429
663 1473
664 1434
665 1380
666 1376
667 1421
668 1424
669 1398
1580 21
1581 34
1582 24
1583 29
1584 23
1585 18
5461 3
1586 26
5462 1
1587 24
5463 1
1588 27
5464 2
1589 22
5465 2
5466 1
5467 2
5468 2
5469 1
4142 2
5922 1
5923 1
4143 2
5925 1
4145 2
4146 2
5928 1
4148 2
4149 1
8031 1
8033 1
6790 1
6792 1
670 1421
671 1324
6794 1
8037 1
672 1432
673 1400
674 1400
675 1378
676 1420
677 1432
678 1408
679 1306
4601 1
4602 1
4603 4
4604 1
4605 3
4606 1
4607 1
4608 1
4609 2
1590 21
1591 15
1592 18
1593 21
1594 14
5470 1
1595 24
5471 4
1596 12
1597 29
5473 3
1598 17
5474 2
1599 22
5475 4
5476 1
5477 1
5479 1
4150 1
4151 1
4152 2
5932 1
4153 2
4154 1
5934 1
4155 1
4157 4
4158 3
4159 4
8040 1
680 1364
681 1342
8047 1
682 1367
683 1322
684 1361
685 1331
686 1405
687 1369
688 1358
689 1347
4610 2
4611 2
4613 2
4614 3
4615 2
4616 1
4617 1
4618 3
4619 1
8500 1
8501 2
5480 1
8503 1
5481 1
8504 2
5482 2
8505 2
8506 1
5483 3
8507 2
5484 2
5486 2
8509 2
5488 1
5489 5
4161 1
4163 2
5943 1
4164 2
4165 2
4166 2
4167 2
5948 1
4168 1
5949 1
690 1259
691 1289
692 1359
8058 1
693 1368
694 1403
695 1294
696 1357
697 1310
698 1269
699 1257
4620 3
4621 3
4623 2
4624 1
4626 1
4627 1
4628 1
4629 1
8510 1
8511 2
8512 5
8513 2
8514 1
5492 1
8515 2
8516 2
8517 2
8518 3
8519 6
5496 3
5497 1
5498 4
3300 4
3301 2
3304 5
3305 4
3306 2
3307 2
3308 2
3309 2
4170 1
4171 4
4172 3
4173 3
4174 4
4175 2
4179 1
8063 1
8064 1
8066 1
4631 1
4632 2
4634 4
4637 1
4638 1
4639 1
8520 1
8522 3
8523 1
8524 1
8525 5
8526 10
8527 3
8528 7
8529 6
3310 1
3311 1
3312 1
3313 5
3314 2
3315 1
3316 1
3317 2
3318 1
3319 2
4180 1
4181 1
4182 2
4183 1
7208 1
4185 1
4186 1
5966 2
4187 1
5968 2
5969 1
4189 1
4640 1
4641 2
4643 1
4644 1
4646 2
4648 3
4649 2
8530 5
8531 5
8532 3
8533 7
8534 9
8535 10
8536 11
8537 10
8538 9
8539 8
3320 1
3321 3
3322 1
3323 2
3324 2
3325 1
3326 2
3328 4
3329 4
7212 1
5970 1
4190 1
5971 2
4191 2
5972 1
4192 1
4193 1
5974 1
4194 3
4195 1
4196 2
4197 1
4198 1
4199 1
2000 13
8082 1
2001 5
2002 9
2003 10
2004 8
2005 14
2006 7
2007 14
2008 8
2009 7
4650 1
4651 2
4652 3
4653 4
4654 2
4655 1
4656 2
4657 3
4658 5
4659 4
8540 13
8541 12
8542 17
8543 18
8544 10
8545 17
8546 18
8547 14
8548 9
8549 11
3330 5
3331 2
3332 1
3333 3
3334 3
3335 2
3338 2
3339 1
2010 9
2011 11
2012 8
2013 13
2014 11
2015 4
2016 7
2017 6
8099 1
2018 10
2019 7
4660 2
4661 1
4662 2
4663 1
4665 1
4666 4
4667 1
4668 4
4669 1
8550 5
8551 5
8552 7
8553 8
8554 5
8555 5
8556 2
8557 2
8558 3
8559 1
3340 2
3341 4
3342 6
3343 2
3344 1
3345 3
3346 2
3347 4
3348 2
3349 1
5991 1
5996 1
2020 11
3800 3
3801 2
2021 7
3802 1
2022 9
3803 1
2023 7
3804 3
2024 10
2025 7
3805 3
2026 14
3806 2
3807 3
2027 8
3808 5
2028 9
3809 2
2029 9
4671 3
4672 1
4673 2
4674 1
4675 2
4676 3
4677 1
8560 2
8563 2
8564 1
8565 1
8567 2
8568 2
3350 5
3351 3
3352 4
3353 2
3354 1
3355 2
3356 3
3357 3
3358 6
3359 3
2030 9
3811 3
2031 11
3812 3
2032 9
3813 4
2033 11
2034 6
3814 4
2035 7
3815 3
3816 3
2036 7
2037 8
3817 2
3818 5
2038 7
3819 2
2039 12
7700 1
7701 1
7702 1
4680 1
4681 2
7705 1
4682 2
4683 1
7706 2
4684 1
7707 1
4685 4
4686 3
4687 1
4688 3
8572 1
8576 1
3360 2
3362 1
3363 4
3364 1
3365 4
3366 2
3367 3
3368 2
3369 4
7251 1
7252 1
7259 1
2040 11
3820 4
3821 1
2041 10
3822 1
2042 16
3823 4
2043 6
2044 5
3825 1
2045 10
3826 6
2046 10
3827 2
2047 5
2048 8
3829 4
2049 10
7715 1
4692 1
4693 1
4694 1
4695 2
4696 1
7719 1
4697 1
4699 5
2500 6
2501 5
2502 5
2503 5
2504 1
8586 1
2505 3
8587 1
2506 7
8588 1
2507 3
2508 3
2509 3
3370 3
3371 2
3372 1
3373 6
3374 2
3375 2
3376 3
3377 2
3378 3
7262 1
3830 3
2050 9
3831 5
2051 12
3832 3
2052 9
2053 11
3834 4
2054 5
3835 3
2055 7
3836 5
2056 4
3837 2
2057 10
2058 8
3838 5
3839 2
2059 11
7724 1
7726 1
7727 1
7728 1
8590 1
2510 3
2511 2
2512 3
2513 1
2514 1
8595 1
2515 5
2516 2
2517 1
2518 4
2519 3
3380 2
3381 3
3382 1
3383 3
3385 2
3386 2
3387 5
3389 5
2060 11
3840 3
3841 5
2061 8
3842 2
2062 9
3843 1
2063 10
3844 1
2064 11
3845 1
2065 7
3846 2
2066 6
3847 4
2067 12
2068 7
3849 2
2069 8
7732 1
7739 1
2520 2
2521 3
2522 6
2523 3
2524 2
2525 3
2526 2
2527 4
2528 4
6404 1
2529 3
3390 3
3391 4
3392 2
3393 3
3394 3
3395 1
3396 4
3397 5
1200 95
1201 93
1202 106
-1 1
1203 96
1204 113
7286 1
1205 108
1206 96
1207 95
1208 99
1209 110
-8 1
3850 7
2070 13
2071 7
3851 3
3852 1
2072 7
3853 1
2073 8
3854 4
2074 7
2075 5
2076 8
3857 5
2077 8
3858 1
2078 14
3859 4
2079 7
7748 3
7749 1
2530 4
2531 6
2532 2
2533 2
2534 2
2535 2
2536 3
2537 5
2538 3
2539 2
1210 100
1211 115
1212 97
1213 103
7295 1
1214 90
1215 90
1216 83
1217 110
1218 92
1219 94
3860 3
2080 17
3861 4
2081 13
3862 2
2082 10
3863 5
2083 6
2084 10
3864 2
2085 8
3866 2
2086 12
2087 11
3868 1
2088 10
2089 11
3869 4
7751 1
7754 2
2540 5
2541 1
2542 4
2543 4
2544 3
2545 4
2546 5
2547 3
300 1937
2548 3
301 1984
2549 1
302 1908
303 1900
304 1892
6427 1
305 1878
306 1869
6429 1
307 1845
308 1895
309 1900
1220 107
1221 88
1222 96
1223 99
1224 82
5100 1
1225 80
5101 1
1226 83
5102 2
1227 111
5103 2
1228 105
5104 2
1229 92
5105 1
5106 2
5107 3
5108 2
5109 2
3870 4
2090 8
3871 1
2091 8
3872 1
2092 11
3873 3
2093 5
3874 1
2094 11
2095 8
2096 12
3877 2
2097 8
3878 3
2098 11
3879 2
2099 10
7761 1
7762 1
7763 1
7764 1
7766 1
2550 6
2551 5
2552 4
2553 4
2554 1
2555 3
2556 1
6431 1
310 1933
311 1795
2558 3
312 1843
313 1894
314 1850
315 1800
6438 1
316 1836
317 1777
318 1806
319 1840
1230 114
1231 114
1232 114
1233 114
1234 91
5110 2
1235 79
5111 3
1236 101
5112 1
1237 87
5113 1
1238 95
5114 2
1239 102
5116 2
5117 1
5118 2
5119 3
3880 3
3881 2
3884 4
3885 6
3887 1
3888 6
3889 6
7773 1
7779 1
2560 3
2561 4
2562 1
2563 3
2564 5
2565 4
2566 1
6441 2
2567 5
320 1756
2568 5
321 1898
2569 3
322 1883
323 1842
324 1810
325 1762
326 1825
327 1842
328 1887
329 1796
1240 91
1241 110
1242 87
1243 88
11 4
12 3
1244 106
6900 1
13 1
5120 4
1245 84
14 2
6901 1
1246 96
5122 2
15 2
1247 88
16 1
5123 2
1248 94
5124 1
6904 1
1249 80
6905 1
18 2
5125 1
6906 1
5126 2
5127 1
5128 2
5129 3
3890 1
3891 2
3892 1
3893 1
3894 1
3895 3
3896 2
3897 2
3898 6
3899 2
1700 13
1701 13
7783 1
1702 17
1703 13
1704 11
1705 12
7787 1
1706 14
1707 13
1708 14
1709 9
2570 5
2571 4
2572 2
2573 4
2574 3
2575 3
2576 4
2577 3
330 1717
2578 7
331 1833
2579 3
332 1762
6455 1
333 1782
6456 1
334 1801
335 1742
336 1793
337 1856
338 1739
339 1747
1250 67
1251 81
20 3
1252 79
1253 102
21 4
1254 62
22 3
6910 1
5130 1
23 2
1255 97
24 9
1256 88
25 1
1257 77
6913 1
5133 2
1258 78
26 8
5134 1
27 5
1259 71
28 5
5135 1
5136 1
29 9
6917 1
5137 1
6918 1
5138 3
6919 1
5139 1
1710 12
7792 1
1711 16
1712 13
1713 15
1714 12
1715 13
1716 11
1717 7
1718 9
1719 16
2580 4
2581 6
2582 6
2583 4
2584 3
2586 2
2587 5
340 1735
2588 2
341 1745
342 1748
2589 4
343 1743
344 1775
345 1768
6468 1
346 1722
347 1711
348 1681
349 1792
1260 80
1261 67
30 6
1262 86
1263 68
31 11
1264 79
32 7
5140 3
1265 81
33 17
6920 1
6921 3
5141 3
1266 68
34 20
5142 2
1267 93
35 24
800 879
5143 1
1268 73
36 40
801 921
5144 3
1269 83
37 43
802 860
38 85
803 897
6926 1
5146 4
39 175
804 852
5147 5
805 829
5148 3
6928 2
806 901
6929 1
5149 4
807 918
808 810
809 876
1720 11
1721 15
1722 17
1723 8
1724 11
5600 3
1725 8
1726 11
5602 1
1727 14
5603 2
1728 14
5604 4
1729 14
5605 3
5606 1
5608 2
5609 2
2590 2
2591 1
2592 4
2594 2
2595 3
2596 1
350 1747
2598 5
351 1698
352 1739
2599 3
353 1816
354 1714
355 1718
356 1681
357 1675
358 1667
359 1679
1270 70
1271 67
1272 73
40 257
1273 81
41 401
1274 70
42 642
6930 1
5150 3
1275 78
43 887
5151 3
1276 83
44 1268
6932 1
5152 2
810 888
1277 71
45 1776
811 829
5153 4
1278 76
46 2250
5154 2
812 863
1279 71
47 2746
5155 1
813 863
48 3211
5156 2
814 834
49 3703
5157 1
6937 1
815 847
5158 2
816 792
6939 1
817 832
5159 3
818 792
819 800
1730 10
1731 12
1732 10
1733 14
1734 12
5610 2
1735 19
5611 2
1736 13
5612 1
1737 17
5613 2
1738 12
5614 3
1739 9
5615 2
5616 1
5618 1
5619 2
360 1678
361 1680
362 1764
6485 1
363 1648
364 1719
365 1684
366 1733
367 1664
368 1697
369 1701
1280 66
1281 84
1282 71
50 4233
1283 76
51 4604
1284 81
52 5285
5160 4
1285 92
53 5675
1286 79
54 6175
5162 2
1287 83
55 6463
820 793
5163 2
1288 65
56 6907
821 801
5164 3
1289 71
57 7403
822 863
58 7724
823 763
5166 3
59 8056
824 842
5167 5
825 800
5168 2
826 771
5169 1
827 829
828 781
829 757
1740 13
1741 10
1742 17
1743 9
1744 9
1745 9
1746 9
1747 11
5622 4
1748 15
1749 10
5625 1
5627 3
5628 2
370 1689
371 1720
372 1669
373 1702
374 1671
375 1698
376 1694
377 1652
378 1693
379 1645
4300 2
4301 3
4302 3
4303 3
4304 2
4305 1
4306 2
4308 2
4309 3
1290 68
1291 86
1292 71
60 8256
1293 72
61 8280
1294 78
62 8411
5170 4
1295 64
63 8392
5171 1
1296 87
64 8398
5172 3
1297 74
65 8324
830 730
5173 4
1298 74
66 8305
831 730
5174 1
6954 1
1299 83
67 8186
832 745
5175 1
68 8152
833 783
5176 2
69 8213
834 801
5177 2
835 726
836 815
5179 2
837 779
838 757
839 730
1750 9
1751 14
1752 9
1753 9
1754 11
5630 1
1755 15
5631 2
1756 8
5632 1
1757 14
1758 11
5634 2
1759 15
5635 1
5637 2
5639 1
380 1689
381 1632
382 1623
383 1624
384 1609
385 1636
386 1554
387 1551
388 1693
389 1604
4310 1
4311 2
4313 1
4315 1
4316 1
4317 2
4318 3
4319 2
8200 1
70 8082
71 7875
72 8045
5180 3
73 7849
5181 3
74 7810
8204 1
5182 2
75 7737
840 760
5183 3
76 7652
841 737
5184 3
8207 1
77 7501
842 715
5185 3
78 7441
843 731
5186 5
79 7437
844 673
5187 1
845 739
5188 1
846 675
5189 2
847 755
848 746
849 720
1760 16
1761 12
1762 13
1763 15
1764 9
5640 2
1765 10
1766 11
5642 1
1767 12
1768 10
5644 1
1769 11
5646 2
5647 1
5648 1
5649 1
390 1550
391 1722
392 1596
393 1631
394 1615
395 1548
396 1635
397 1554
398 1608
399 1607
4320 1
4321 1
4322 3
4323 2
4324 1
4325 2
4326 1
4327 6
4329 1
80 7328
81 7106
82 7228
5190 3
83 7263
8214 2
5191 3
84 7178
5192 5
850 718
85 7006
5193 2
851 717
86 6978
5194 3
852 671
87 6849
5195 4
853 689
88 6773
5196 1
854 711
89 6758
5197 1
855 678
856 655
5199 2
857 672
858 664
859 696
3000 3
3001 3
3002 4
3003 2
3004 5
3005 2
3006 3
3007 7
3008 3
3009 1
1770 9
1771 6
1772 8
1773 8
1774 6
1775 9
1776 7
1777 13
5653 1
1778 10
1779 7
5655 1
5656 2
5658 1
5659 1
4331 3
4332 2
4333 3
4334 2
4335 2
4336 1
4337 1
4339 1
90 6772
91 6656
92 6534
8223 1
93 6500
94 6411
95 6471
860 686
96 6381
861 675
97 6307
862 611
98 6130
863 683
99 6217
864 640
865 671
866 687
867 663
868 597
869 676
3010 6
3011 4
3012 2
3013 3
3014 1
3015 3
3017 2
3018 5
3019 1
1780 7
1781 11
1782 19
1783 16
1784 10
5660 1
1785 12
1786 11
5662 1
1787 9
1788 10
1789 8
5666 2
5667 2
5668 1
4340 2
4342 4
4343 1
4344 2
4348 1
4349 1
8232 1
870 621
8236 1
871 629
872 612
873 610
8239 2
6996 1
874 624
875 634
876 643
877 631
878 637
879 620
3020 2
4800 1
4801 1
3021 3
3022 4
4802 3
4803 1
3023 1
3024 5
3025 2
3026 1
3027 2
4807 1
3028 6
3029 4
4809 2
1790 10
1791 18
1792 17
1793 12
1794 9
5670 1
1795 7
5671 3
1796 10
5672 1
1797 7
5673 2
1798 10
5674 1
1799 14
5676 2
5677 1
5679 1
4350 1
4351 1
4352 3
4354 2
4355 4
4356 4
4357 1
4358 2
880 538
881 585
882 613
883 598
884 599
885 601
886 584
887 593
888 573
889 550
3030 1
4810 1
4811 4
3031 4
3032 4
4813 1
3033 3
4814 1
3034 1
3035 1
4815 1
4816 1
4817 1
3037 2
3038 6
3039 2
4819 1
5681 1
5683 1
5684 1
5686 2
5689 2
4360 3
4362 2
4363 3
4365 4
4366 4
4367 1
4368 2
4369 1
8253 1
890 581
891 573
892 553
893 496
894 539
895 534
896 547
897 531
898 512
899 542
4820 2
3040 2
3041 1
4821 3
4822 1
3043 7
3044 1
4824 1
3045 2
3046 3
4826 2
3047 5
3048 1
3049 3
5691 2
5695 2
3500 1
3501 4
3502 2
3503 2
3504 3
3505 3
3506 2
3507 2
3508 3
3509 2
4370 1
4372 1
4373 4
4374 5
4375 1
4378 1
4379 3
8267 1
3050 3
3052 2
4833 2
3053 1
3054 1
3055 2
4835 2
4836 1
3056 1
3057 7
4837 2
3058 4
3511 3
3512 3
3513 5
3514 1
3515 1
3516 3
3517 3
3518 2
3519 3
4380 2
4381 3
4382 2
4383 3
4384 1
4385 4
4386 1
4387 2
4388 3
4389 2
8272 1
4840 1
3060 2
4841 1
3061 1
4843 2
3063 2
4844 1
3064 1
3065 2
4845 1
4846 3
3066 4
3067 3
3068 1
3069 4
3520 4
3521 3
3522 2
3523 2
3524 3
3525 3
3526 6
3527 3
3528 4
3529 1
4390 2
4391 3
4392 4
4393 1
4394 1
4395 2
7418 1
4396 4
4397 2
4398 1
4399 3
2200 8
2201 6
2202 9
2203 11
2204 15
2205 8
2206 10
2207 7
2208 13
2209 9
3070 1
4850 3
3071 2
4851 1
4852 2
3072 1
4853 1
3073 4
3074 2
4854 1
4855 1
3075 5
4856 1
3076 1
4857 1
3077 6
3078 5
3079 1
3530 2
3531 3
3532 4
3533 1
3534 2
3535 3
3536 1
3537 1
3538 1
3539 2
7420 1
7422 1
8291 1
2210 7
2211 6
2212 6
2213 8
8295 1
2214 10
2215 9
2216 11
2217 8
2218 4
2219 7
4860 2
3080 5
3081 6
4862 1
3082 3
3083 4
4863 1
3084 1
3085 2
4865 1
4866 1
3086 2
3087 2
3088 1
3089 2
4869 1
3540 1
3541 3
3543 5
3544 3
3545 2
3546 1
3547 3
3548 2
3549 3
2220 3
2221 6
2222 6
2223 10
2224 7
2225 7
2226 9
2227 3
2228 5
2229 9
6107 1
4870 1
3090 3
4871 1
3091 6
3092 5
4872 2
3093 3
3094 4
4874 1
3095 6
4876 2
3096 3
4877 1
3097 3
4878 1
3098 2
4879 1
3099 1
3550 1
3551 2
3552 2
3553 1
3554 4
3555 3
3556 2
3557 4
3558 4
3559 1
7446 1
2230 12
2231 7
2232 5
2233 11
2234 2
6110 1
2235 10
2236 5
6112 1
2237 7
2238 3
2239 6
6115 1
6117 1
4880 1
4881 2
4882 1
4884 2
4885 1
4886 1
7909 1
4889 3
3562 3
3563 2
3564 2
3566 4
3567 3
3568 1
3569 2
7450 1
7454 1
2240 8
2241 6
2242 6
2243 8
2244 7
2245 4
2246 7
6122 1
2247 4
2248 6
2249 4
6126 1
7911 1
7913 1
4891 1
4892 1
4893 2
4895 3
4896 2
4899 2
2700 6
2701 4
2702 3
2703 7
2704 3
2705 1
2706 2
2707 3
2708 7
2709 4
3570 3
3571 2
3573 1
3574 5
3575 3
3576 2
3577 2
3578 5
3579 3
7461 1
2250 11
2251 8
2252 8
2253 6
2254 8
2255 9
2256 8
2257 4
2258 3
6134 2
2259 7
6135 2
6138 1
6139 2
2710 5
2711 5
2712 2
2713 4
2714 5
2715 3
2716 3
2717 3
2718 3
2719 2
3580 3
3581 1
3582 4
3583 4
3584 5
3585 4
3586 2
3587 2
3588 5
3589 5
2260 12
2261 6
2262 8
2263 5
2264 6
6140 1
2265 10
6141 1
2266 3
6142 1
2267 6
2268 8
6144 2
2269 8
6145 1
6147 1
7937 1
2720 2
2721 5
2722 3
2724 4
2725 6
2726 2
2727 4
2728 3
2729 2
3590 5
3591 4
3593 1
3594 4
3595 4
3596 1
3597 2
3598 4
3599 2
1400 39
1401 53
1402 49
1403 44
1404 38
1405 51
1406 56
1407 53
1408 40
1409 57
2270 11
2271 10
2272 9
2273 2
2274 7
2275 4
2276 8
2277 9
6153 1
2278 5
2279 5
7940 2
2730 6
2731 4
2732 5
2733 3
2734 3
2735 4
2736 4
2737 1
2738 3
2739 2
1410 58
1411 39
1412 51
1413 28
1414 42
1415 37
1416 48
1417 47
1418 34
1419 43
2280 6
2281 3
2282 8
2283 7
2284 6
2285 9
2286 8
6162 1
2287 5
6163 1
2288 2
2289 11
6165 1
6168 1
7953 1
7959 1
2740 5
2741 7
2742 3
2743 2
2744 5
2745 6
2746 2
6622 1
2747 3
500 1603
6623 1
501 1600
2748 7
2749 4
502 1589
503 1505
504 1651
505 1616
506 1648
507 1647
508 1606
509 1665
1420 32
1421 40
1422 39
1423 31
1424 45
5300 2
1425 44
5301 1
1426 39
5302 2
1427 50
5303 2
1428 38
5304 1
1429 48
5305 5
5306 1
5309 2
2290 7
2291 8
2292 8
2293 3
2294 2
6170 1
2295 3
6171 1
2296 9
6172 1
2297 7
2298 3
2299 7
6178 1
6179 1
7964 1
7965 1
2750 1
2751 5
2752 8
2753 2
2754 4
2755 4
2756 3
2757 6
510 1547
2758 7
511 1570
2759 2
512 1542
513 1578
514 1620
515 1595
516 1574
517 1574
518 1626
519 1629
1430 43
1431 42
1432 32
1433 38
1434 36
5310 1
1435 33
5311 3
1436 27
5312 2
1437 38
5313 2
1438 28
1439 29
5315 2
5316 1
5317 2
5319 3
6184 1
7975 2
2760 4
2761 3
2762 3
2763 3
2764 3
2765 2
2766 2
2767 6
520 1583
2768 2
521 1573
2769 5
522 1586
523 1518
524 1497
525 1623
526 1570
527 1656
528 1604
529 1578
1440 44
1441 51
1442 43
1443 32
1444 29
1445 34
5321 2
1446 24
5322 1
1447 42
5323 2
1448 33
1449 44
5326 2
5327 1
5328 3
5329 1
6193 1
6194 1
6196 1
6197 1
1900 10
1901 11
1902 7
1903 13
1904 12
4000 2
1905 9
1906 6
1907 11
4003 3
1908 4
4004 1
1909 11
4005 2
4008 1
4009 1
2770 2
2771 1
2772 4
2773 3
2775 3
2776 2
530 1565
2777 4
2778 3
531 1616
532 1634
2779 4
533 1581
534 1561
535 1617
536 1597
537 1596
538 1626
539 1621
1450 36
1451 29
1452 34
1453 38
1454 40
1455 44
5331 1
1456 40
5332 4
1457 43
5333 1
1458 42
1459 43
5335 4
5336 2
5337 2
5338 2
1910 3
7992 1
1911 16
1912 7
1913 11
1914 5
4010 1
1915 8
4011 1
1916 12
4012 1
1917 7
1918 6
1919 9
4014 1
4015 1
4016 3
4017 1
4018 1
4019 3
2780 3
2781 3
2782 2
2783 9
2784 2
2785 6
2786 3
540 1605
2787 2
2788 6
541 1549
542 1626
2789 2
543 1578
544 1645
545 1509
546 1607
6669 1
547 1634
548 1671
549 1612
1460 27
1461 39
1462 28
1463 45
1464 32
5340 1
1465 35
5341 2
1466 39
5342 2
1467 33
5343 2
1468 37
5344 1
1469 43
5345 1
5347 1
5348 1
5349 2
1920 8
1921 10
1922 7
1923 7
1924 2
4020 2
5800 1
1925 11
1926 10
4021 5
1927 11
1928 11
1929 4
4024 1
4025 2
4026 2
4027 1
5808 1
4028 1
4029 2
2790 6
2791 2
2792 4
2793 3
2794 3
6670 1
2795 5
2796 3
6672 1
2797 2
550 1553
2798 6
551 1577
2799 8
552 1614
553 1516
554 1610
555 1620
556 1597
557 1593
558 1557
559 1518
1470 37
1471 29
1472 30
1473 40
1474 41
5350 4
1475 43
5351 1
1476 25
5352 3
1477 38
1478 28
5354 2
1479 44
5355 1
5358 4
5359 2
1930 6
1931 12
1932 11
1933 7
1934 11
4030 2
5810 3
1935 8
1936 9
4031 2
5812 1
4032 1
1937 9
5813 2
1938 6
4034 2
1939 8
5815 1
4036 2
4037 1
4038 1
5819 1
4039 3
560 1634
561 1572
562 1575
563 1503
564 1517
565 1577
566 1560
567 1575
568 1576
569 1584
1480 22
1481 32
1482 37
1483 39
1484 28
5360 3
1485 26
5361 1
1486 36
5362 2
1487 42
1488 26
1489 37
5365 2
5366 2
5367 2
5368 4
1940 12
1941 8
1942 6
1943 6
1944 8
1945 7
4040 2
5821 2
1946 13
4042 1
5822 1
1947 10
1948 7
5823 1
4043 2
4044 3
1949 7
5825 1
4045 3
4047 1
4049 3
6691 1
570 1569
571 1628
572 1558
573 1573
574 1561
575 1585
576 1580
577 1550
578 1544
579 1621
4500 2
4502 2
4503 1
4504 5
4505 4
4507 4
4508 2
4509 3
1490 27
1491 43
1492 35
1493 35
1494 43
5370 2
1495 31
5371 2
1496 36
5372 3
1497 29
5373 1
1498 36
5374 2
1499 34
5375 3
5376 1
5377 3
5379 1
1950 12
1951 9
1952 6
1953 12
1954 8
4050 1
1955 9
4051 2
1956 5
1957 9
5833 1
4053 3
1958 6
1959 12
4056 1
4057 1
4058 1
4059 1
580 1529
581 1686
582 1538
583 1571
584 1574
585 1571
586 1581
587 1664
588 1581
589 1590
4510 1
4511 1
4512 1
4514 2
4515 2
4516 3
4517 4
4518 3
4519 2
8401 1
5380 2
5381 1
5382 3
5383 2
5385 1
8409 2
5387 1
5388 2
5389 1
1960 14
1961 8
1962 14
1963 8
1964 6
4060 4
1965 11
1966 4
4062 2
1967 5
4063 4
1968 4
5844 1
4064 1
1969 7
4065 1
5845 2
4066 2
4068 1
4069 1
590 1538
591 1576
592 1588
593 1626
594 1619
595 1524
596 1581
597 1518
598 1563
599 1541
4520 1
4521 1
4522 1
4524 1
4525 2
4526 2
4527 1
4528 1
4529 1
8413 1
5390 1
5391 2
5392 2
5393 6
5394 2
5395 1
5398 1
5399 2
3200 5
3201 5
3202 2
3203 2
3204 1
3205 1
3206 2
3207 2
3208 2
3209 1
1970 10
1971 15
1972 7
1973 11
1974 6
4070 1
5850 1
1975 9
4071 1
5851 1
1976 14
4072 3
5852 1
1977 6
5853 1
4073 4
1978 8
4074 5
1979 7
4075 6
4076 3
4077 3
4078 3
4079 2
5859 1
4530 3
4531 2
4532 2
4533 2
4534 2
4535 1
4536 3
4537 3
4539 1
8420 1
8423 1
8424 1
3210 4
3211 3
3212 2
3213 3
3214 3
3215 5
3216 2
3218 3
3219 2
1980 15
1981 7
1982 15
1983 7
1984 12
4080 1
5860 1
1985 9
5861 1
1986 13
4082 1
1987 15
4083 2
1988 6
5863 1
4084 3
1989 6
4085 1
4086 4
5866 3
5867 1
4087 2
4088 5
4089 1
4540 5
4541 2
4542 3
4543 2
4544 2
4545 2
4547 2
4548 2
4549 2
8430 1
8436 1
3220 2
3221 1
3222 1
3223 4
3224 4
3225 2
3227 2
3228 1
3229 2
1990 10
1991 13
1992 15
1993 13
1994 7
1995 8
7114 1
1996 9
4091 1
5872 1
4092 1
1997 10
7116 1
4093 2
1998 15
7117 1
4094 2
5874 1
1999 10
4095 1
4096 2
5876 1
4097 2
5878 1
4098 6
4099 3
4550 1
4551 4
4552 1
4553 1
4554 1
4555 3
4556 4
4558 1
4559 2
8443 2
8444 1
3230 3
3231 3
3232 5
3233 2
3234 3
3235 1
3236 3
3237 3
3238 2
3239 3
5880 2
5883 1
5884 2
5886 1
4561 2
4562 1
4563 2
4564 3
4565 1
4566 2
4567 1
4568 2
4569 3
8450 1
8452 1
8453 1
8458 1
3240 2
3241 3
3242 2
3243 2
3244 3
3245 2
3246 2
3247 2
3248 3
3249 2
5891 1
7135 1
7137 1
5897 1
5898 1
3700 3
3701 2
3702 4
3703 2
3704 3
3705 6
3706 1
3707 2
3708 3
3709 4
4571 1
4572 1
4573 1
4574 2
4575 4
4576 3
4578 1
4579 4
8461 1
8462 1
8463 1
3250 3
3251 3
3252 2
3253 2
3254 2
3255 6
3256 4
3258 1
3259 2
3710 1
3711 2
3712 2
3713 5
3714 4
3715 3
3716 2
3717 2
3718 4
3719 1
4580 1
4581 2
4582 1
4583 1
4584 2
4586 1
4587 1
4589 1
8472 1
8473 2
8476 1
8477 3
8479 1
3260 3
3261 6
3262 2
3263 2
3264 1
3265 1
3266 2
3267 1
3268 3
3269 2
7152 1
7156 1
3720 1
3721 2
3722 3
3723 3
3724 6
3726 4
3727 4
3728 2
3729 1
4590 2
4593 2
4594 3
4595 2
4596 1
4597 5
4599 1
8480 1
2400 7
2401 3
2402 6
8484 1
2403 6
2404 1
8486 1
2405 4
2406 2
8487 1
2407 5
2408 5
2409 5
3270 6
3271 3
3272 4
3273 2
3274 3
3275 2
3276 3
3278 2
3279 5
7164 1
7166 1
3730 4
3731 1
3732 4
3733 1
3734 7
3735 2
3736 3
-10 1
3737 2
-11 2
3738 2
-12 2
3739 5
7623 1
-18 1
7624 1
8490 1
2410 6
2411 3
8492 3
2412 3
2413 5
8495 1
2414 5
2415 3
8496 3
2416 2
8497 2
2417 2
8499 1
2418 3
2419 8
3280 1
3281 4
3282 1
3283 1
3284 3
3285 5
3286 1
3287 4
3288 2
-207 1
3289 1
3740 5
3741 2
3742 4
3743 1
3744 7
3745 4
3746 3
3747 3
-20 1
3748 2
3749 1
-26 1
2420 5
2421 3
2422 3
2423 2
2424 3
2425 5
2426 3
2427 1
2428 7
2429 1
3290 2
3291 2
3292 2
3293 2
3294 3
3295 3
-215 1
3296 4
3297 3
3298 3
3299 1
1100 165
1101 166
1102 174
1103 158
1104 168
1105 178
1106 156
1107 171
1108 144
1109 193
3750 2
3751 4
3752 1
3753 2
3754 2
3755 3
3756 3
-30 1
3757 4
3758 2
3759 1
-32 1
-33 2
-39 1
2430 3
2431 4
2432 7
2433 4
2434 7
2435 3
2436 5
2437 4
2438 4
6314 1
2439 3
1110 163
1111 154
1112 149
1113 142
1114 168
1115 163
1116 145
1117 148
1118 137
1119 169
3760 2
3762 1
3763 4
3764 2
3766 4
3767 3
3768 1
3769 3
-46 1
-48 1
2440 2
2441 4
2442 1
2443 6
2444 2
2445 4
2446 5
2447 3
200 2656
2448 1
201 2568
2449 4
202 2519
203 2594
204 2665
205 2637
206 2577
207 2647
208 2573
209 2482
-232 1
1120 157
2901 2
1121 156
2902 3
1122 155
2903 1
1123 157
1124 149
2905 4
1125 133
2906 4
5001 4
1126 165
2907 7
5002 1
1127 162
5003 2
2908 6
1128 152
5004 4
2909 4
1129 148
5005 1
5008 1
5009 3
3771 3
3772 5
3773 1
3774 1
3775 2
3776 1
3777 4
3778 2
3779 2
-53 1
7669 1
2450 5
2451 3
2452 2
2453 1
2454 4
2455 1
2456 6
2457 2
210 2549
2458 8
211 2458
6334 1
2459 5
212 2501
213 2448
6336 1
214 2454
215 2493
216 2358
217 2421
218 2423
219 2396
2910 5
1130 141
2911 5
1131 151
2912 8
1132 144
2913 3
1133 170
2914 1
1134 148
2915 1
5010 1
1135 139
5011 2
2916 5
1136 165
2917 3
1137 138
2918 7
1138 152
5014 2
2919 6
1139 138
5015 2
5016 1
5017 2
5018 1
5019 2
3780 3
3781 2
3782 2
3783 1
3784 3
3785 5
3786 2
3787 3
3788 3
3789 1
-63 1
-66 1
-68 2
7677 1
7679 2
2460 3
2461 1
2462 2
2463 3
2464 2
2465 6
6341 1
220 2446
2467 7
221 2391
2468 4
222 2365
2469 5
223 2316
224 2453
6347 1
225 2416
226 2341
227 2327
228 2340
229 2320
1140 149
2920 6
2921 2
1141 129
2922 4
1142 118
2923 4
1143 157
1144 153
2924 4
5020 1
2925 4
1145 135
5021 2
2926 1
1146 126
5022 5
2927 4
1147 142
2928 1
5023 1
1148 158
5024 1
2929 1
1149 124
5027 1
6807 1
3790 4
3791 1
3792 2
3793 3
3795 1
3796 2
3797 2
3798 4
3799 5
-74 1
1600 22
1601 16
1602 26
7684 1
1603 17
1604 21
1605 27
1606 25
1607 19
1608 19
1609 22
2470 1
2471 2
2472 6
2473 4
2474 4
2475 3
2476 1
230 2241
2477 6
231 2264
2478 4
2479 5
232 2361
233 2278
234 2313
235 2312
236 2223
237 2279
238 2219
239 2311
-266 1
2930 1
1150 116
2931 5
1151 137
2932 4
1152 127
2933 1
1153 118
2934 4
1154 143
5030 4
2935 3
1155 115
2936 5
5031 1
1156 103
2937 4
5032 1
1157 119
5033 2
2938 2
1158 132
5034 2
2939 2
1159 128
5035 1
5036 3
5037 1
6819 1
7691 1
1610 13
1611 11
1612 10
1613 15
1614 19
7696 1
1615 19
1616 17
1617 20
1618 18
1619 16
2480 6
2481 2
2482 6
2483 6
2484 1
2485 8
2486 2
2487 3
240 2239
2488 2
241 2334
2489 3
242 2254
243 2293
244 2253
245 2173
246 2248
247 2285
248 2215
249 2132
-276 1
2940 2
1160 113
2941 1
1161 126
2942 4
1162 112
2943 1
1163 128
2944 2
1164 144
5040 3
2945 4
1165 119
5041 1
2946 4
1166 133
5042 3
2947 6
1167 114
700 1294
5043 1
2948 6
1168 133
701 1329
2949 2
1169 121
702 1241
5045 2
703 1272
5046 1
704 1363
5047 2
705 1233
5048 4
706 1294
707 1284
708 1302
709 1293
1620 19
1621 9
1622 22
1623 15
1624 28
1625 24
5501 4
1626 31
5502 2
1627 16
5503 2
1628 13
5504 1
1629 14
5505 2
5506 3
5507 1
5508 1
5509 1
2490 4
2491 5
2492 3
2493 4
2494 4
2495 7
6371 1
2496 6
2497 3
250 2125
2498 4
251 2158
2499 4
252 2205
253 2167
254 2139
255 2151
256 2086
257 2084
258 2134
259 2106
1170 115
2951 5
1171 113
2952 1
1172 113
2953 4
1173 120
2954 2
1174 127
5050 1
2955 3
1175 130
5051 3
2956 1
1176 124
2957 6
1177 131
710 1269
5053 1
2958 7
1178 93
711 1220
5054 2
2959 5
1179 115
712 1267
6835 1
713 1256
714 1248
5057 1
715 1269
716 1271
5059 2
717 1283
718 1320
719 1266
1630 25
1631 20
1632 16
1633 25
1634 13
1635 15
1636 10
5512 2
1637 18
5513 1
1638 7
5514 1
1639 17
5516 1
5518 2
5519 1
260 2147
261 2106
262 2146
6385 1
263 2084
264 2192
265 2125
266 2123
267 2078
268 2125
269 2079
2960 2
1180 90
2961 2
1181 130
1182 123
2962 1
2963 5
1183 104
2964 3
1184 97
5060 2
1185 103
2965 5
5061 4
1186 110
2966 3
1187 111
720 1185
2967 3
5063 2
2968 8
1188 111
721 1168
5064 3
1189 106
722 1168
2969 3
5065 3
723 1192
6846 1
724 1200
725 1169
726 1206
5069 1
727 1225
728 1188
729 1173
1640 15
1641 12
1642 13
1643 21
1644 10
5520 1
1645 27
5521 4
1646 14
5522 1
1647 13
5523 1
1648 20
5524 1
1649 11
5525 1
5526 1
5528 1
270 2041
271 2091
272 1965
273 2098
274 2045
275 2072
276 2018
277 2020
278 2037
279 2101
4201 2
4202 2
4203 1
4204 1
4205 1
4206 1
4207 3
4208 1
2970 1
1190 123
2971 3
1191 107
2972 5
1192 110
2973 4
1193 112
2974 1
1194 97
5070 4
6850 1
2975 4
1195 110
5071 2
2976 3
1196 106
2977 2
5072 3
730 1163
1197 90
6853 1
731 1239
2978 2
1198 109
2979 2
732 1159
5074 3
1199 108
5075 2
733 1206
5076 2
6856 1
734 1145
735 1125
736 1258
5079 1
737 1190
738 1159
739 1133
1650 21
1651 16
1652 19
1653 12
1654 12
1655 23
5531 2
1656 16
5532 2
1657 14
1658 15
1659 18
5536 2
5537 1
5539 3
280 1991
281 2003
282 2034
283 1908
284 2043
285 1976
286 1988
287 1967
288 1927
289 1977
4214 1
4216 1
4217 1
4218 2
4219 1
2980 5
2981 5
2982 2
2984 5
8103 1
2985 3
5080 3
2986 1
5081 1
2987 1
5082 3
740 1188
5083 2
741 1133
2989 7
5084 1
742 1176
8108 1
5085 2
743 1067
5086 1
744 1149
5087 1
745 1124
5088 2
746 1158
5089 1
747 1152
748 1115
749 1041
1660 17
1661 5
1662 25
1663 9
1664 13
5540 1
1665 14
5541 1
1666 17
5542 1
1667 12
1668 11
5544 1
1669 17
5545 2
5546 1
5547 1
5549 1
290 1936
291 1970
292 2030
293 1959
294 1945
295 1907
296 1929
297 1831
298 1925
299 1941
4220 3
4221 1
4222 1
4223 6
4226 2
4228 2
4229 1
2990 3
2991 2
2992 4
2994 6
2995 4
5090 5
5091 1
2996 5
2997 7
750 1090
2998 4
5093 9
751 1079
5094 1
2999 1
752 1051
5095 1
753 1070
8119 1
5096 1
754 1038
5097 1
755 1085
5098 5
756 1084
5099 1
757 1092
758 1059
759 1043
1670 10
1671 16
1672 10
1673 17
1674 11
5550 2
1675 15
1676 8
1677 21
1678 16
5554 3
1679 17
5555 3
5556 1
5557 1
4232 2
4233 2
4234 2
4236 2
4238 2
4239 1
8123 1
8125 1
760 1073
6882 1
761 1099
762 1021
763 1084
764 1012
765 1029
6888 1
766 1040
767 1000
768 987
769 980
1680 20
1681 22
1682 10
1683 16
1684 22
5560 2
1685 12
5561 2
1686 14
5562 2
1687 15
5563 1
1688 13
5564 2
1689 20
5565 6
5567 1
5569 4
4240 1
4241 1
4242 2
4244 2
4246 2
4247 2
4249 3
770 1041
771 1023
6894 1
772 1033
773 1041
774 980
6897 1
775 990
776 960
777 981
778 1019
779 991
4700 1
4701 1
4702 1
4703 1
4704 2
4705 2
4707 3
4708 1
4709 2
1690 23
1691 14
1692 12
1693 13
1694 21
5570 1
1695 15
1696 13
5572 1
1697 19
5573 3
1698 17
1699 10
5575 2
5576 2
5577 1
5579 2
4250 3
4251 2
4252 2
4254 1
4256 2
4257 3
4258 1
4259 2
780 931
781 998
782 990
783 982
784 925
785 951
786 976
787 900
788 952
789 928
4710 1
4711 1
4714 2
4715 2
4717 1
4719 2
5580 1
5581 1
5582 2
5583 1
5585 3
8609 1
5586 1
5588 1
5589 1
4260 1
4261 2
4262 4
4264 1
4266 3
4267 2
4268 4
4269 2
790 924
791 896
792 897
8158 1
793 943
794 926
795 927
796 906
797 919
798 903
799 931
4721 2
4722 2
4723 2
4724 1
4725 3
4726 1
4727 2
4729 2
5590 1
5591 3
5592 2
5593 2
5595 3
5596 2
5598 3
5599 1
3400 4
3401 2
3402 1
3403 4
3404 3
3405 4
3407 2
3408 1
3409 1
4270 4
4271 1
4272 2
4274 1
4275 2
4276 4
4277 2
4278 4
4279 2
8162 2
8166 1
4731 1
4732 2
4733 2
4734 1
4738 1
4739 2
3410 5
3411 2
3412 2
3413 2
3414 1
3415 1
3416 1
3417 4
3418 1
3419 1
4280 3
4281 2
4282 1
4283 4
7308 1
4285 1
4286 1
4287 3
4289 2
8171 1
8173 1
8178 2
4740 1
4742 1
4744 1
4745 3
4747 2
4748 1
4749 4
3420 3
3421 1
3423 2
3424 2
3425 2
3426 1
3427 3
3428 1
3429 2
4290 2
4291 1
4292 1
7315 1
4293 2
4295 4
4296 1
4297 1
4299 6
2100 13
2101 13
2102 8
2103 10
2104 7
2105 6
2106 7
2107 12
2108 8
2109 12
4750 1
4751 1
4752 2
4753 1
4756 3
4757 1
4759 2
3430 1
3432 4
3433 3
3434 3
3435 2
3437 1
3438 2
3439 1
8190 1
2110 11
2111 7
2112 8
2113 3
2114 15
2115 8
2116 10
2117 15
2118 11
2119 6
4762 2
4763 2
4765 1
4766 1
4767 2
4769 3
3440 2
3441 1
3442 3
3443 3
3444 2
3445 1
3446 3
3447 2
3448 3
3449 2
3900 5
2120 8
3901 4
2121 12
2122 11
2123 6
3903 2
3904 1
2124 6
3905 1
2125 10
3906 1
2126 8
3907 3
2127 12
6003 1
3908 3
2128 8
3909 2
2129 11
4770 2
4771 2
4773 2
4774 2
4775 3
4776 3
4778 4
3450 3
3451 1
3453 4
3455 5
3456 1
3457 4
3458 1
3459 2
7343 1
3910 1
2130 10
3911 2
2131 12
3912 2
2132 8
3913 1
2133 10
2134 3
3915 1
2135 8
6011 1
3916 4
2136 8
3917 2
2137 5
3918 3
2138 7
6014 1
2139 11
3919 2
4781 1
7805 1
4782 1
4783 1
4784 1
4785 1
7808 1
4786 1
4787 2
4788 3
3460 2
3461 5
3462 3
3463 2
3464 1
3466 2
3467 2
3468 1
3469 1
2140 12
3920 3
2141 9
3921 7
3922 1
2142 8
2143 15
3923 2
2144 7
2145 10
3925 3
3926 3
2146 10
3927 1
2147 6
3928 2
2148 10
2149 1
3929 5
7811 1
7814 1
4791 2
4792 2
4794 1
7817 2
4795 2
7818 1
4796 3
4797 1
4799 4
2600 2
2601 4
2602 3
2603 2
2604 6
2606 3
2607 3
2608 4
2609 1
3470 3
3472 2
3473 4
3474 3
3475 2
3476 2
3477 2
3478 3
3479 5
7362 1
2150 11
3931 2
2151 12
2152 11
3932 3
3933 2
2153 10
3934 1
2154 9
3935 2
2155 18
2156 14
3937 2
2157 8
3938 2
2158 10
3939 1
2159 9
7820 1
6037 1
7826 1
7827 1
2610 5
2611 4
2612 1
2613 6
2614 3
2615 3
2616 2
2617 3
2618 3
2619 3
3480 2
3482 2
3483 2
3484 3
3485 1
3486 2
3488 1
3489 2
3940 3
2160 8
3941 3
2161 9
3942 1
2162 15
3943 2
2163 9
3944 1
2164 9
2165 6
3946 2
2166 11
6042 1
3947 1
2167 6
3948 2
2168 18
2169 7
3949 2
7833 1
7835 2
7836 1
7838 2
7839 1
