2621 4
2622 6
2623 6
2624 5
2625 7
2626 4
2627 6
2628 3
2629 5
6509 1
3490 3
3491 3
3492 3
3493 2
3494 4
3495 2
3497 3
3498 4
3499 5
1300 187
1301 202
1302 186
1303 184
1304 185
1305 200
1306 187
1307 172
1308 195
1309 197
3950 2
2170 15
2171 10
3951 1
3952 2
2172 12
3953 3
2173 11
3954 1
2174 12
3955 3
2175 17
0 1
2176 16
3956 2
1 2
3957 8
2177 17
3958 5
2178 11
2 4
3959 1
3 4
2179 11
4 4
5 6
6 4
7 1
6058 1
7841 1
8 2
9 7
7848 1
2630 3
2631 3
2632 1
2633 6
2634 4
2635 7
2636 6
6511 1
2637 5
2638 4
2639 10
6516 1
1310 172
1311 192
1312 162
1313 165
1314 214
1315 187
1316 170
1317 188
1318 177
1319 175
2180 18
3960 2
3961 1
2181 17
2182 15
3962 3
3963 3
2183 20
3964 4
2184 10
6060 1
3965 1
2185 14
6061 1
2186 13
3967 2
2187 19
3968 3
2188 18
3969 1
2189 18
6065 1
6066 1
7851 1
7852 1
7854 1
7855 1
7857 1
2640 4
2641 4
2642 3
2643 7
2644 5
6521 1
2646 5
2647 10
400 1393
2648 4
401 1457
2649 4
402 1437
403 1423
404 1454
405 1463
406 1433
407 1529
408 1464
409 1470
1320 170
1321 171
1322 174
1323 166
1324 194
1325 163
5201 1
1326 201
5202 6
1327 176
5203 8
1328 191
1329 163
5205 3
5206 2
5207 2
5208 5
5209 1
3970 2
2190 16
3971 2
2191 19
3972 3
2192 13
2193 11
3973 6
3974 3
2194 12
3975 1
2195 8
3976 5
2196 10
3977 2
2197 14
3978 3
2198 13
3979 3
2199 12
6075 1
2650 7
2651 6
2652 4
2653 5
2654 4
2655 4
2656 3
410 1488
2657 7
2658 5
411 1390
412 1473
2659 8
413 1450
414 1394
415 1456
416 1399
417 1400
418 1439
419 1390
1330 170
1331 182
1332 151
1333 160
1334 176
5210 5
1335 161
5211 2
1336 164
5212 2
1337 158
5213 2
1338 150
5214 2
1339 159
5215 3
5216 3
5217 3
5218 3
5219 4
3980 2
3981 2
3983 2
3984 3
3985 7
3986 4
3987 1
6083 1
3988 1
3989 3
7872 1
7878 1
2660 3
2661 2
2662 6
2663 9
2664 6
2665 2
6541 1
2666 10
2667 3
420 1442
2668 4
421 1395
2669 3
422 1388
423 1475
424 1411
425 1370
6548 1
426 1429
427 1446
428 1330
429 1433
1340 149
1341 154
1342 161
1343 145
1344 152
5220 5
1345 168
5221 4
1346 172
5222 4
1347 140
5223 5
1348 150
5224 3
1349 154
5225 6
5226 5
5227 3
5228 3
5229 3
3990 4
3991 3
3992 2
3994 2
6090 1
3995 3
3996 1
6091 1
3997 3
6092 2
3998 4
3999 3
6096 1
6097 1
7881 1
1800 20
6099 1
1801 18
1802 13
7884 1
1803 24
1804 22
1805 23
1806 18
1807 25
1808 20
1809 22
2670 11
2671 5
2672 5
2673 5
2674 7
2675 1
2676 7
2677 3
430 1391
2678 8
431 1406
2679 2
432 1401
433 1415
434 1430
435 1397
436 1370
437 1387
438 1387
439 1367
1350 159
1351 152
1352 160
1353 164
1354 168
5230 2
1355 161
5231 4
1356 141
5232 1
1357 130
5233 2
1358 143
5234 4
1359 161
5235 3
5236 3
5237 4
5238 7
5239 1
7890 1
1810 20
1811 29
7893 1
1812 19
1813 18
7895 1
1814 15
1815 31
7897 1
1816 17
1817 18
7899 1
1818 19
1819 23
2680 8
2681 5
2682 3
2683 4
2684 9
2685 8
2686 8
2687 6
440 1369
2688 7
441 1348
2689 6
442 1406
443 1291
444 1300
445 1413
446 1319
447 1387
448 1422
449 1386
1360 149
1361 151
1362 166
1363 148
1364 131
5240 3
1365 132
5241 3
1366 134
5242 2
1367 150
900 997
5243 5
1368 146
901 982
5244 3
1369 141
902 924
5245 2
903 936
5246 1
904 988
5247 4
905 907
5248 6
906 972
5249 1
907 948
908 998
909 930
1820 18
1821 25
1822 20
1823 17
1824 25
5700 1
1825 14
5701 2
1826 18
1827 19
5703 1
1828 23
1829 13
5706 3
5707 2
5708 3
5709 3
2690 2
2691 3
2692 3
2693 5
2694 8
2695 3
2696 4
2697 6
450 1400
451 1339
2698 5
2699 4
452 1314
453 1353
454 1341
455 1366
456 1313
6579 1
457 1342
458 1331
459 1402
1370 125
1371 145
1372 141
1373 132
1374 163
5250 3
1375 127
5251 6
1376 124
5252 2
1377 133
910 876
5253 4
1378 124
911 948
5254 3
1379 142
912 958
5255 2
913 991
5256 3
914 936
5257 2
915 916
5258 1
916 967
5259 3
917 972
918 885
919 940
1830 17
1831 17
1832 10
1833 12
1834 18
1835 18
1836 29
5712 1
1837 18
1838 23
5714 1
1839 14
5715 1
5716 1
5717 2
5719 2
460 1342
461 1356
462 1309
463 1385
464 1327
465 1276
466 1352
467 1282
468 1402
469 1333
1380 148
1381 142
1382 142
1383 132
1384 133
5260 1
1385 133
5261 2
1386 118
5262 1
920 925
1387 136
5263 3
921 861
1388 126
5264 2
922 902
1389 155
5265 1
923 933
5266 1
924 955
5267 5
925 872
5268 4
926 934
5269 1
927 913
928 932
929 855
1840 17
1841 22
1842 12
1843 28
1844 19
5720 2
1845 20
5721 1
1846 18
1847 14
1848 15
5723 1
5724 1
1849 13
5725 1
5727 2
5728 1
470 1335
471 1323
472 1347
473 1354
474 1265
475 1351
476 1377
477 1353
478 1294
479 1279
4400 3
4401 3
4403 1
4405 3
4406 6
4407 1
4408 2
4409 4
1390 146
1391 126
1392 126
1393 133
1394 120
5270 2
1395 129
1396 121
930 935
5272 2
1397 145
931 870
1398 117
5274 2
932 879
1399 143
5275 1
933 822
5276 2
934 908
935 870
5278 2
936 878
5279 3
937 870
938 879
939 822
1850 17
1851 14
1852 12
1853 25
1854 21
1855 18
5731 2
1856 18
1857 28
1858 14
5734 1
1859 14
5735 2
5736 2
5737 2
5739 1
480 1278
481 1294
482 1314
483 1297
484 1276
485 1293
486 1319
487 1391
488 1282
489 1304
4410 6
4411 4
4412 2
4413 3
4414 2
4416 1
4417 3
4418 2
4419 4
8303 1
5280 5
5281 3
5282 4
940 846
5283 5
941 799
5284 1
942 893
5285 1
8308 1
943 806
8309 1
5286 1
944 814
5287 3
945 856
5288 2
946 865
5289 1
947 804
948 838
949 841
1860 20
1861 20
1862 18
1863 15
1864 27
5740 1
1865 21
5741 1
1866 24
5742 1
1867 20
1868 18
5743 2
5744 1
1869 15
5746 2
5747 1
5748 4
5749 1
490 1330
491 1258
492 1232
493 1292
494 1295
495 1307
496 1331
497 1320
498 1258
499 1379
4420 7
4421 5
4422 3
4423 1
4424 6
4425 3
4426 3
4427 5
4428 3
4429 4
8311 1
8313 1
5290 2
5291 2
5292 5
950 871
5293 3
951 851
5294 4
952 834
5295 2
953 821
5296 4
954 759
5297 1
955 858
5298 5
956 846
5299 5
957 796
958 780
959 730
3100 7
3102 1
3103 6
3104 9
3105 3
3106 4
3107 5
3108 6
3109 4
1870 19
1871 14
1872 19
1873 18
1874 19
5750 2
1875 14
5751 1
1876 16
1877 14
1878 12
1879 16
5755 2
5756 2
5757 1
5759 1
4430 6
4432 4
4433 4
4434 3
4436 3
4437 2
4438 2
4439 2
8321 1
960 844
8326 1
961 807
962 855
963 833
964 779
965 800
966 814
967 804
968 771
969 769
3110 2
3111 3
3112 6
3113 5
3114 3
3115 4
3116 3
3117 2
3118 4
3119 8
1880 28
1881 16
7000 1
1882 16
1883 20
1884 16
5760 1
1885 19
5761 1
1886 15
5762 4
1887 19
1888 22
5764 2
7007 1
1889 8
7008 1
5766 1
5767 2
5768 1
5769 3
4440 2
4441 6
4442 2
4443 2
4444 6
4445 1
4446 1
4447 4
4448 5
4449 4
8332 1
8334 1
970 827
8336 1
971 804
8337 1
972 798
973 792
974 722
975 771
976 773
977 748
978 768
979 685
4900 1
3120 9
4901 2
3121 4
4902 1
3122 4
4903 6
3123 4
3124 2
3125 2
3126 5
4907 1
3127 2
3128 5
4908 3
3129 5
1890 16
1891 23
1892 22
1893 20
7012 1
1894 17
5770 1
1895 13
5771 1
1896 25
1897 20
5773 2
1898 17
7017 1
1899 21
5776 2
5777 2
5778 1
5779 1
4450 3
4451 7
4454 2
4455 2
4456 1
4457 3
4458 2
4459 1
8344 1
980 759
981 747
982 777
8347 1
8348 1
983 754
984 759
985 789
986 756
987 743
988 762
989 745
3130 1
4910 2
4911 3
3131 7
4912 2
3132 2
3133 2
3134 1
3135 5
3136 3
4916 4
3137 1
4917 1
4918 2
3138 2
4919 2
3139 4
5780 3
7024 1
5781 1
5782 1
7027 1
5784 2
5786 1
5789 1
4460 2
4461 2
4462 2
4463 3
4464 2
4465 4
4466 4
4467 1
4468 4
4469 3
990 744
8356 1
991 696
992 701
8357 2
993 718
994 708
995 739
996 732
997 703
998 671
999 719
3140 4
4921 2
3141 4
3142 3
4922 1
4923 2
3143 1
4924 1
3144 4
4925 4
3145 3
4926 2
3146 6
4927 2
3147 5
3148 2
4928 1
4929 3
3149 3
5792 1
5793 1
5794 1
5797 2
3600 6
3601 3
3602 2
3603 1
3604 5
3605 2
3606 5
3607 2
3608 4
3609 3
4470 1
4471 1
4472 2
4473 3
4474 4
4475 2
4476 2
4479 2
8362 1
8368 1
4930 2
3150 4
4931 2
3151 3
4932 1
3152 4
4933 2
3153 4
4934 2
3154 2
4935 2
3155 2
4936 1
3156 4
3157 3
4937 3
3158 5
3159 1
4939 6
7040 1
7049 2
3610 7
3611 7
3612 5
3613 1
3614 4
3615 4
3616 4
3617 3
3618 7
3619 3
4480 5
4481 3
4482 2
4483 2
4484 3
4485 1
4486 1
4487 5
4488 1
8372 1
8375 2
8376 1
8378 1
3160 3
4941 5
3161 2
3162 4
4942 3
3163 3
4943 7
4944 2
3164 7
4945 2
3165 5
4946 1
3166 3
3167 5
3168 4
4948 3
4949 1
3169 6
7053 1
3620 1
3621 1
3622 3
3623 7
3624 3
3625 2
3626 3
3627 4
3628 9
3629 2
4490 1
4491 2
4492 4
4493 2
4494 2
4495 5
7519 1
4496 5
4497 3
4498 5
4499 4
2300 9
8382 1
2301 18
8383 1
2302 7
2303 16
8385 1
2304 8
2305 14
2306 8
8388 1
2307 12
2308 9
2309 8
3170 4
3171 3
4951 1
4952 2
3172 3
3173 1
4953 2
3174 2
4954 3
4955 2
3175 2
4956 1
3176 3
3177 3
4957 5
3178 1
4959 1
3179 2
7069 1
3630 2
3631 4
3632 3
3633 2
3634 4
3635 3
3636 5
3637 1
3638 4
3639 4
7528 1
8391 1
2310 10
8392 1
2311 11
2312 11
2313 11
2314 14
2315 14
2316 6
2317 14
8399 1
2318 7
2319 10
4960 4
3180 3
3181 3
4961 1
3182 6
4962 1
4963 4
3183 3
3184 2
4965 1
3185 2
3186 1
4966 3
3187 5
4967 3
-106 1
3188 1
4968 1
4969 1
3189 3
-109 1
7074 1
7078 1
3640 5
3641 5
3642 3
3643 2
3644 3
3645 5
3646 6
3647 2
3648 1
3649 1
2320 13
2321 8
2322 8
2323 15
2324 10
2325 14
2326 15
6202 2
2327 13
2328 9
6204 1
2329 11
6205 1
6207 1
4970 2
3190 3
4971 1
3191 3
4972 1
3192 1
3193 4
4974 1
3194 5
4975 2
3195 5
3196 4
4976 2
4977 1
3197 2
4978 2
3198 5
3199 3
4979 1
7086 1
3650 2
3651 2
3652 5
3653 4
3654 9
3655 5
3656 4
3657 4
3658 7
2330 13
2331 10
2332 4
2333 7
2334 10
2335 6
2336 12
6212 1
2337 12
2338 4
2339 14
6219 1
4980 5
-121 1
4982 4
4983 1
4984 3
4985 1
4986 3
1000 685
1001 669
4988 2
1002 742
4989 4
1003 679
1004 716
1005 665
1006 691
1007 625
1008 661
1009 693
7099 1
3660 5
3661 1
3662 2
3663 4
3664 4
3665 4
3666 5
3667 3
3668 5
3669 5
7556 1
2340 9
2341 11
2342 8
2343 8
2344 7
2345 6
2346 10
100 7814
2347 8
101 7531
2348 10
102 7422
2349 9
103 7599
104 7472
105 7309
6228 2
106 7269
6229 1
107 7107
4990 2
108 7140
4991 7
109 6933
4992 2
-131 1
4993 3
4995 2
4996 1
1010 685
4997 5
1011 657
4998 2
1012 695
4999 4
1013 646
-139 1
1014 614
1015 632
1016 647
2800 2
1017 678
2801 6
1018 699
2802 7
1019 628
2803 4
2804 3
2805 6
2806 6
2807 7
2808 8
2809 4
3670 5
3671 3
3672 4
3673 2
3674 2
3675 4
3676 1
3677 2
3678 4
3679 4
2350 11
2351 10
2352 13
2353 6
2354 5
2355 4
2356 7
6232 1
110 7073
2357 12
2358 10
111 6806
112 6926
2359 9
113 6826
114 6666
115 6695
116 6490
117 6406
118 6433
119 6429
1020 642
1021 623
1022 627
1023 657
1024 624
1025 720
1026 629
1027 639
2810 4
1028 615
2811 6
1029 630
2812 2
2813 7
2814 3
2815 7
2816 5
2817 4
2818 10
2819 8
3680 2
3681 3
3682 6
3683 3
3684 3
3685 3
3686 2
3687 5
3688 2
3689 4
7570 1
7574 1
7578 1
7579 2
2360 13
2361 4
2362 11
2363 4
2364 8
2365 9
6241 1
2366 6
2367 8
120 6316
2368 6
121 6208
2369 11
122 6156
123 6090
124 6030
125 5903
6248 1
126 5938
127 5868
128 5666
129 5806
1030 588
1031 626
1032 595
1033 614
1034 597
1035 608
1036 640
2820 8
1037 586
2821 4
1038 541
2822 1
1039 572
2823 7
2824 5
2825 8
2826 8
2827 5
2828 2
2829 4
6705 1
3690 3
3691 4
3692 1
3693 2
3694 3
3696 5
3697 5
3698 1
3699 3
1500 80
1501 82
1502 82
1503 95
1504 69
1505 68
1506 65
1507 57
1508 76
1509 71
2370 9
2371 10
2372 9
2373 6
2374 10
2375 11
2376 4
2377 9
130 5762
2378 17
131 5510
2379 12
132 5421
133 5471
134 5426
135 5316
136 5214
137 5146
138 5034
139 5211
1040 593
1041 589
1042 548
1043 587
1044 599
1045 598
1046 572
2830 5
1047 550
2831 3
1048 616
2832 8
1049 535
2833 5
2834 8
6710 1
2835 4
2836 5
2837 8
2838 8
2839 4
1510 59
1511 69
1512 83
1513 67
7595 1
1514 82
1515 66
1516 59
1517 65
1518 73
1519 90
2380 4
2381 7
2382 11
2383 4
2384 13
2385 6
2386 15
140 5114
2387 6
2388 6
141 5090
142 5039
2389 6
143 4827
144 4692
6267 1
145 4659
146 4823
147 4553
148 4620
149 4690
1050 576
1051 592
1052 609
1053 573
1054 587
1055 555
1056 548
2840 6
1057 537
2841 7
1058 552
2842 6
1059 570
2843 5
2844 10
2845 3
2846 10
2847 6
600 1294
2848 5
601 1234
2849 9
602 1198
603 1279
604 1275
605 1218
606 1308
607 1319
608 1292
609 1195
1520 63
1521 64
1522 67
1523 60
1524 74
5400 2
1525 78
5401 1
1526 78
1527 82
5403 3
1528 79
5404 5
1529 62
5406 3
5407 2
5408 3
5409 4
2390 7
2391 4
2392 9
2393 9
2394 9
2395 7
2396 8
150 4442
2397 6
6273 1
151 4296
2398 8
2399 7
152 4381
153 4298
154 4228
155 4218
156 4106
157 4149
158 4161
159 3896
-184 1
1060 525
1061 541
1062 534
1063 557
1064 542
1065 527
1066 524
2850 9
1067 518
2851 4
1068 533
1069 497
2852 4
2853 6
2854 4
2855 11
2856 6
2857 5
610 1222
2858 3
611 1278
2859 5
612 1250
613 1374
6736 1
614 1280
615 1260
616 1261
617 1273
618 1268
619 1236
1530 53
1531 70
1532 75
1533 64
1534 68
5410 1
1535 65
5411 3
1536 64
5412 4
1537 68
5413 1
1538 59
5414 1
1539 58
5415 3
5416 5
5417 6
5418 2
5419 4
160 4014
161 3980
162 3933
6285 1
163 3868
164 3897
165 3806
6288 1
166 3772
167 3753
168 3679
169 3512
1070 526
1071 505
1072 520
1073 537
1074 494
1075 531
1076 490
2860 7
1077 487
2861 9
1078 505
2862 5
1079 491
2863 4
2864 7
2865 7
2866 8
2867 7
620 1334
2868 6
621 1237
2869 5
622 1247
6745 1
623 1283
624 1274
625 1289
626 1237
627 1338
628 1280
629 1301
1540 47
1541 46
1542 63
1543 67
1544 62
5420 4
1545 60
5421 2
1546 55
5422 1
1547 61
5423 2
1548 61
5424 3
1549 52
5425 2
5426 1
5427 2
5429 3
170 3682
171 3636
172 3501
173 3481
174 3543
175 3423
176 3387
6299 1
177 3387
178 3419
179 3323
4101 1
4102 1
1080 513
4104 1
1081 485
4105 1
1082 497
1083 477
4107 2
1084 514
4108 1
1085 466
4109 1
1086 499
2870 4
1087 503
2871 2
1088 475
2872 5
1089 455
2873 2
2874 2
2875 4
2876 7
2877 2
630 1335
6753 1
2878 12
631 1322
2879 3
632 1329
633 1263
634 1320
635 1284
636 1296
637 1308
638 1294
639 1298
1550 57
1551 51
1552 70
1553 57
1554 59
5430 2
1555 55
5431 3
1556 67
5432 1
1557 53
5433 1
1558 60
5434 3
1559 49
5435 1
5436 4
5437 4
5438 3
5439 1
180 3325
181 3328
182 3120
183 3189
184 3168
185 3180
186 3048
187 3166
188 3099
189 3009
4110 2
4111 1
4112 3
4113 2
1090 474
1091 432
1092 479
1093 450
4117 4
1094 472
4118 1
1095 461
1096 448
4119 1
2880 4
1097 419
2881 5
1098 422
2882 1
1099 429
2883 7
2884 9
2885 6
8003 1
2886 1
2887 6
640 1302
2888 6
641 1358
2889 4
642 1326
6765 1
643 1241
644 1294
8009 1
645 1284
646 1298
647 1254
648 1273
649 1292
1560 48
1561 62
1562 60
1563 52
1564 62
5440 8
1565 58
5441 4
1566 49
5442 1
1567 51
5443 4
1568 46
5444 4
1569 55
5445 3
5446 1
5447 3
5448 3
5449 2
190 2973
191 2945
192 2890
193 3062
194 2986
195 2894
196 2788
197 2858
198 2847
199 2837
5900 1
4120 2
4122 3
4124 1
5904 2
4125 2
4126 2
4127 4
4128 1
4129 2
5909 1
2890 4
2891 4
2892 3
2893 10
2894 4
2895 4
2896 4
650 1289
2897 8
651 1292
2898 6
2899 6
652 1302
653 1197
654 1302
655 1330
656 1269
657 1272
658 1306
659 1321
1570 47
1571 42
1572 50
1573 73
1574 50
5450 1
1575 42
1576 51
5452 2
1577 47
5453 4
1578 45
5454 1
1579 56
5455 1
5456 7
5457 3
5458 2
5459 6
4130 3
5911 1
4132 3
4133 3
4135 2
4136 1
4137 2
4138 2
4139 1
8022 2
8024 1
660 1310
661 1284
662 1226
663 1223
664 1314
665 1315
666 1263
667 1281
668 1296
669 1251
1580 44
1581 52
1582 40
1583 57
1584 46
5460 2
1585 54
1586 47
5462 1
1587 45
5463 3
1588 35
5464 3
1589 47
5465 2
5466 2
5467 2
5468 2
5469 3
4140 3
5920 2
4141 2
4142 2
4144 3
5925 1
4145 3
4146 3
5927 1
4147 2
4148 2
4149 3
670 1263
671 1341
672 1295
673 1252
674 1287
675 1343
676 1317
677 1269
678 1232
679 1292
4600 3
4601 2
4602 5
4603 4
4604 3
4605 4
4606 1
4608 1
4609 1
1590 39
1591 60
1592 53
1593 55
1594 53
5470 3
1595 46
5471 3
1596 46
5472 1
1597 56
5473 4
1598 38
5474 1
1599 32
5475 2
5476 3
5477 2
5478 1
5479 3
4150 3
4151 2
4152 4
4153 2
4154 2
5935 1
4155 5
5936 1
4156 1
4158 2
4159 2
8041 1
8044 1
8045 1
680 1273
681 1310
682 1299
683 1252
8048 1
8049 1
684 1303
685 1324
686 1307
687 1258
688 1373
689 1288
4610 4
4611 2
4612 1
4613 3
4614 5
4615 3
4618 5
4619 2
8500 14
8501 19
8502 15
5480 2
8503 19
5481 3
8504 9
5482 2
8505 18
5483 1
8506 11
5484 2
8507 17
5485 1
8508 11
8509 11
5487 4
5488 1
5940 1
4160 3
4161 3
4163 1
4164 1
4165 1
5945 1
4166 3
4167 2
4168 4
5949 1
8054 1
690 1301
691 1273
692 1255
8058 1
693 1311
694 1238
695 1292
696 1239
697 1250
698 1245
699 1262
4620 2
4621 5
4622 1
4623 5
4624 1
4625 2
4626 2
4627 2
4628 4
4629 3
8510 4
8511 6
8512 9
5490 3
8513 10
8514 4
5491 3
5492 5
8515 4
5493 1
8516 4
8517 2
8518 2
5495 4
5496 2
5498 4
5499 2
3300 1
3301 3
3302 1
3303 2
3304 3
3305 1
3306 3
3307 3
3308 5
3309 1
4170 1
5951 1
4171 2
5953 1
4173 2
4174 3
5955 1
4175 1
5956 1
4176 4
4177 2
4179 1
5959 1
8062 1
4630 2
4631 2
4632 2
4633 2
4634 1
4635 4
4636 1
4637 4
4638 3
4639 6
8520 1
8521 1
8522 3
8523 2
8524 1
8526 1
8528 1
3310 1
3311 2
3312 3
3313 2
3314 5
3315 1
3316 4
3317 2
3318 7
3319 3
4180 3
4181 3
4182 2
4183 3
4184 2
4185 4
4186 1
5968 1
4188 2
8070 2
8076 1
4640 3
4641 2
4642 3
4643 3
4644 2
4645 5
4646 4
4647 4
4648 5
4649 4
8531 1
8533 1
8535 1
8537 1
8539 1
3320 1
3321 3
3322 3
3323 3
3324 5
3325 2
3326 1
3327 4
3328 4
3329 5
7210 1
4190 1
4191 6
4192 2
4193 1
4194 3
5975 1
4195 1
4196 3
4197 3
4198 1
4199 1
2000 15
2001 23
2002 22
8084 1
2003 19
2004 19
2005 18
2006 20
2007 12
8088 1
2008 20
2009 14
4650 1
4651 2
4652 2
4653 3
4654 1
4655 1
4656 3
4657 1
4659 4
8540 1
8541 1
3330 4
3331 3
3333 1
3334 4
3335 1
3336 6
3337 4
3338 3
3339 3
7221 1
7227 1
5989 1
2010 20
2011 17
2012 15
2013 19
2014 16
2015 13
2016 14
2017 14
2018 17
2019 20
4661 1
4662 4
4663 1
4664 4
4665 4
4666 1
4667 3
4668 1
4669 2
3340 4
3341 4
3342 2
3344 2
3345 3
3346 3
3347 3
3348 2
3349 3
5996 1
5997 1
5999 1
3800 3
2020 21
3801 1
2021 23
3802 6
2022 21
3803 3
2023 28
2024 19
3804 7
3805 5
2025 19
2026 19
3807 7
2027 17
3808 3
2028 17
3809 1
2029 22
4670 1
4671 2
4672 2
4673 3
4675 3
4676 2
4678 2
4679 2
3350 6
3351 2
3352 3
3353 6
3354 2
3355 5
3356 5
3357 3
3358 3
3359 2
3810 6
2030 20
3811 2
2031 14
3812 2
2032 26
3813 4
2033 19
3814 6
2034 15
3815 2
2035 27
3816 3
2036 18
2037 23
3817 5
3818 2
2038 21
3819 5
2039 16
7701 1
7702 1
7703 2
4681 1
4682 3
4683 1
4684 2
7709 1
4686 1
4687 2
4688 4
4689 1
3360 5
3361 4
3362 2
3363 3
3364 6
3365 1
3366 1
3367 2
3368 2
3369 1
7255 1
3820 4
2040 23
2041 23
3821 1
3822 5
2042 14
3823 2
2043 18
3824 2
2044 15
3825 2
2045 21
2046 17
3826 6
2047 19
3827 2
3828 2
2048 15
2049 17
3829 5
7710 2
7712 3
4690 2
7713 3
4691 3
4692 2
7716 2
4693 3
4694 4
7718 1
4695 6
7719 1
4696 2
4697 3
4698 1
4699 2
2500 6
2501 4
2502 11
2503 4
2504 2
2505 7
2506 9
2507 5
2508 8
2509 5
3370 3
3371 5
3372 5
3373 1
3374 2
3375 2
3376 1
3377 1
3378 3
3379 3
3830 2
2050 19
3831 1
2051 20
2052 14
3833 2
2053 16
3834 3
2054 17
3835 2
2055 18
3836 5
2056 21
3837 1
2057 26
3838 4
2058 17
3839 2
2059 15
7723 1
7724 1
7727 1
7728 1
2510 3
2511 4
2512 3
2513 8
2514 7
2515 1
2516 8
2517 7
2518 6
2519 4
3380 3
3381 2
3382 4
3383 2
3384 6
3385 2
3386 3
3387 2
3388 3
3389 1
3840 2
2060 13
3841 1
2061 17
3842 1
2062 13
3843 3
2063 25
2064 13
3845 5
2065 31
3846 3
2066 13
3847 7
2067 19
2068 16
3849 2
2069 12
7731 1
7737 1
7738 1
2520 6
2521 7
2522 7
2523 7
2524 6
2525 5
2526 7
2527 8
2528 4
2529 7
3390 2
3391 1
3392 3
3394 3
3395 4
3396 3
3397 1
3398 4
3399 1
1200 301
1201 289
7283 1
1202 336
-1 1
1203 250
-2 3
1204 289
-3 1
1205 285
7287 1
-4 1
1206 281
1207 279
-6 2
1208 284
1209 285
-8 1
-9 2
3850 1
2070 26
2071 17
3851 2
3852 5
2072 23
3853 2
2073 20
3854 8
2074 17
3855 1
2075 13
3856 1
2076 18
3857 3
2077 25
3858 1
2078 19
3859 3
2079 18
7741 2
7742 1
7743 1
7747 1
2530 6
2531 8
2532 5
2533 4
2534 3
2535 3
2536 8
2537 5
2538 3
2539 2
1210 317
1211 278
1212 279
7294 1
1213 291
1214 276
7296 1
1215 272
1216 277
1217 294
1218 264
1219 257
3860 3
2080 17
3861 1
2081 21
3862 6
2082 19
3863 2
2083 20
3864 7
2084 16
2085 19
2086 11
3866 2
3867 4
2087 14
3868 1
2088 20
3869 3
2089 17
7752 1
7755 1
7756 1
2540 4
2541 9
2542 5
2543 8
2544 6
2545 3
2546 11
2547 5
300 1828
301 1805
2548 4
6424 1
2549 9
302 1762
303 1820
304 1751
305 1805
306 1769
307 1792
308 1774
309 1768
1220 288
1221 265
1222 285
1223 283
1224 257
5100 5
1225 235
1226 269
5102 1
1227 269
5103 5
1228 256
5104 1
1229 285
5105 6
5106 2
5107 3
5108 2
5109 4
3870 6
2090 10
3871 4
2091 23
3872 4
2092 30
3873 3
2093 14
3874 3
2094 20
3875 1
2095 20
3876 2
2096 16
3877 2
2097 15
2098 12
3878 1
3879 3
2099 17
7762 1
7766 1
7768 1
7769 2
2550 4
2551 7
2552 4
2553 6
2554 2
2555 7
2556 4
2557 5
310 1683
311 1709
2558 5
2559 5
312 1808
313 1720
314 1765
315 1692
316 1797
317 1749
318 1721
319 1758
1230 264
1231 271
1232 262
1233 245
1234 287
5110 2
1235 245
5111 5
1236 237
5112 2
1237 204
5113 2
1238 215
5114 4
1239 271
5115 2
5116 4
5117 5
5118 6
5119 3
3880 2
3881 1
3882 5
3883 3
3884 4
3885 3
3886 2
3887 3
3888 5
3889 2
7773 1
7775 1
7776 1
7777 1
2560 2
2561 5
2562 6
2563 5
2564 7
2565 5
2566 5
2567 7
320 1775
2568 7
321 1713
6444 1
2569 8
322 1696
323 1657
324 1658
325 1682
6448 1
326 1723
327 1659
328 1706
329 1659
1240 235
1241 253
1242 248
10 3
11 5
1243 278
12 5
1244 253
5120 1
13 9
6900 1
1245 256
5121 4
14 5
1246 244
5122 2
1247 237
15 4
5123 4
16 5
1248 237
5124 1
17 3
1249 244
5125 4
18 2
6906 1
5126 2
19 7
5127 5
6907 2
5128 2
5129 3
3890 4
3891 5
3892 2
3893 3
3894 5
3895 3
3896 3
3897 5
3898 4
3899 4
7780 3
1700 30
7782 1
1701 21
1702 36
1703 34
1704 28
7786 1
1705 27
1706 31
1707 26
7789 2
1708 25
1709 20
2570 7
2571 6
2572 2
2573 5
2574 8
2575 6
2576 1
2577 4
330 1683
2578 8
331 1597
2579 6
332 1639
333 1701
334 1672
335 1601
336 1526
337 1673
338 1582
339 1630
1250 230
1251 252
20 6
1252 214
21 9
1253 230
22 9
1254 242
5130 4
1255 197
23 12
5131 2
1256 232
24 9
5132 1
25 8
1257 221
6913 1
26 10
1258 238
5134 3
27 16
1259 243
5135 4
28 17
5136 7
29 18
5137 1
5138 3
5139 3
7791 1
1710 20
7792 1
1711 35
1712 38
7794 1
1713 28
7795 1
1714 26
7796 1
1715 35
1716 22
7798 1
1717 26
1718 24
1719 25
2580 6
2581 9
2582 5
2583 3
2584 1
2585 3
6461 1
2586 6
340 1671
2587 7
2588 3
341 1573
2589 2
342 1677
343 1538
344 1643
345 1637
346 1611
347 1648
348 1644
349 1635
1260 214
1261 193
1262 218
30 18
1263 199
31 28
1264 224
32 30
5140 1
1265 228
33 46
5141 1
1266 215
34 51
5142 2
1267 202
35 59
800 1238
5143 5
1268 233
36 99
801 1223
5144 4
1269 234
37 164
802 1242
6925 1
5145 3
38 225
803 1150
5146 2
39 360
804 1188
5147 1
805 1185
5148 3
806 1155
5149 4
807 1143
808 1118
809 1114
1720 17
1721 35
1722 29
1723 27
1724 22
5600 2
1725 31
5601 3
1726 18
1727 19
5603 4
1728 29
5604 3
1729 22
5605 4
5606 1
5607 2
2590 5
2591 5
2592 5
2593 5
2594 6
2595 5
2596 3
2597 2
350 1606
2598 5
351 1613
2599 5
352 1634
353 1661
354 1653
355 1574
356 1646
357 1577
358 1598
359 1623
1270 232
1271 220
1272 194
40 466
1273 223
41 677
1274 212
42 914
5150 4
1275 210
43 1149
5151 4
1276 210
44 1592
6932 1
5152 6
810 1104
1277 207
45 2057
5153 2
6933 1
811 1172
1278 231
46 2603
5154 5
812 1207
1279 233
47 3221
5155 5
813 1143
48 3785
5156 3
814 1223
49 4396
5157 3
815 1165
5158 4
816 1158
817 1150
5159 5
818 1076
819 1105
1730 22
1731 26
1732 38
1733 17
1734 31
1735 31
5611 1
1736 15
1737 28
5613 1
1738 31
1739 27
5615 1
5616 2
5618 2
360 1519
361 1588
362 1499
363 1591
6486 1
364 1633
365 1599
366 1469
367 1645
368 1525
369 1541
1280 180
1281 208
1282 220
50 5049
1283 195
51 5585
1284 208
52 6411
5160 3
1285 203
53 6878
5161 5
1286 222
54 7447
6942 1
5162 3
1287 206
55 7821
820 1169
5163 3
1288 224
56 8312
821 1148
5164 3
1289 208
57 8689
822 1117
58 9141
823 1170
5166 4
59 9482
824 1176
5167 5
825 1142
5168 2
826 1174
5169 1
827 1140
828 1152
829 1148
1740 27
1741 23
1742 16
1743 19
1744 20
5620 2
1745 35
1746 25
5622 1
1747 24
5623 5
1748 22
1749 22
5626 2
5627 3
5628 3
5629 1
370 1550
371 1514
372 1568
373 1502
374 1502
375 1528
376 1470
377 1535
378 1578
379 1491
4300 3
4301 4
4302 3
4303 2
4304 2
4305 3
4306 5
4307 2
4308 5
4309 4
1290 218
1291 217
1292 202
60 9991
1293 208
61 10085
1294 196
62 10207
5170 2
1295 200
63 10304
5171 2
1296 223
64 10533
5172 2
1297 211
65 10394
830 1107
6953 1
5173 3
1298 219
66 10601
831 1092
5174 2
1299 186
67 10361
832 1148
5175 8
68 10116
833 1170
5176 4
69 10084
834 1161
5177 4
835 1167
5178 4
836 1089
5179 6
837 1178
838 1150
839 1116
1750 18
1751 31
1752 28
1753 20
1754 19
1755 29
1756 22
5632 2
1757 13
5633 4
1758 24
5634 1
1759 34
5635 3
5637 1
5638 1
380 1529
381 1507
382 1424
383 1527
384 1531
385 1484
386 1463
387 1466
388 1482
389 1490
4310 4
4311 2
4312 3
4313 2
4314 3
4315 3
4316 1
4318 3
4319 2
70 10147
71 10033
72 9890
6960 1
5180 2
73 9990
5181 1
8204 1
74 9829
5182 2
75 9754
840 1067
5183 5
76 9782
841 1127
5184 6
77 9778
842 1091
5185 4
78 9507
843 1091
5186 3
79 9312
844 1133
5187 1
845 1068
5188 2
846 1102
5189 6
847 1093
848 1086
849 1054
1760 22
1761 23
1762 28
1763 27
1764 23
5640 1
1765 18
5641 1
1766 16
5642 3
1767 28
5643 1
1768 21
5644 1
1769 21
5646 2
5647 1
5648 1
5649 1
390 1481
391 1403
392 1453
393 1444
394 1444
395 1432
396 1570
397 1484
398 1455
399 1493
4320 3
4321 1
4322 2
4323 2
4324 3
4325 3
4326 2
4327 2
4328 4
80 9175
81 9251
82 9312
5190 1
83 9163
5191 9
84 8919
5192 5
850 1040
85 8953
5193 1
851 1097
86 8775
5194 3
852 1091
87 8671
853 1076
5195 5
88 8609
854 1048
89 8572
5197 2
855 1110
856 1039
5198 5
5199 6
857 1058
858 1045
859 1092
3000 5
3001 8
3002 3
3003 4
3004 7
3005 4
3006 4
3007 6
3008 1
3009 8
1770 18
1771 31
1772 17
1773 32
1774 27
5650 2
1775 12
1776 30
5652 4
1777 16
5653 1
1778 24
5654 1
1779 21
5658 1
5659 2
4330 1
4331 2
4332 1
4333 3
4334 4
4335 3
4336 1
4337 1
4338 1
4339 2
90 8382
91 8311
92 8479
93 8146
8224 1
94 8220
95 8085
860 1076
8226 1
96 8135
861 1097
8227 1
6984 2
97 7885
862 1057
98 7851
863 1063
6986 1
99 7674
864 1048
865 1084
6988 1
866 1016
867 1058
868 1067
869 1039
3010 8
3011 3
3012 11
3013 4
3014 1
3015 5
3016 2
3017 9
3018 1
3019 9
1780 24
1781 27
1782 14
1783 27
1784 21
5660 1
1785 22
1786 15
5662 2
1787 24
5663 2
1788 14
5664 1
1789 24
5665 2
5666 1
5667 1
5668 1
5669 2
4340 4
4341 3
4342 1
4343 1
4344 2
4345 5
4346 3
4347 2
4348 4
4349 6
8234 2
870 1106
871 1048
872 1089
873 1028
874 1049
875 1037
876 998
6999 2
877 1039
878 988
879 1038
3020 4
4800 2
4801 1
3021 4
4802 2
3022 1
3023 3
4803 5
4804 3
3024 6
3025 6
4806 2
3026 8
4807 1
3027 2
4808 2
3028 1
4809 2
3029 7
1790 17
1791 17
1792 25
1793 14
1794 16
5670 1
1795 25
1796 24
1797 13
5672 2
5673 1
1798 22
5674 3
1799 18
5675 2
5677 1
5678 4
5679 2
4350 3
4351 6
4352 1
4353 2
4354 2
4355 2
4356 4
4357 2
4359 5
8243 1
8244 1
8245 1
880 1026
881 1039
882 963
883 1003
884 1013
885 983
886 1018
887 1000
888 1010
889 979
3030 4
4810 2
4811 1
3031 3
4812 2
3032 8
4813 3
3033 10
4814 4
3034 7
3035 3
4815 1
4816 2
3036 6
3037 4
4818 2
3038 8
3039 5
5680 1
5683 1
5684 1
5685 1
5686 2
5687 3
5689 1
4360 7
4361 2
4362 3
4363 2
4364 1
4365 3
4366 5
4367 3
4368 2
4369 6
8255 1
890 976
891 1045
8257 3
892 977
893 1016
894 981
895 968
896 1002
897 1003
898 979
899 971
4820 3
3040 3
4821 3
3041 5
3042 4
4822 4
3043 7
4823 3
4824 4
3044 6
4825 2
3045 4
3046 2
3048 6
4828 1
4829 2
3049 4
5691 2
5692 1
5693 4
5694 2
5695 3
5696 1
5698 1
3500 2
3501 1
3502 5
3503 6
3504 5
3505 3
3506 2
3507 4
3508 5
3509 5
4370 4
4371 2
4372 2
4373 1
4374 3
4375 2
4376 2
4377 3
4378 3
4379 5
8265 1
8266 1
4830 3
3050 8
3051 5
4831 1
4832 1
3052 2
3053 4
4833 6
4834 1
3054 4
3055 10
4835 4
3056 1
4836 3
3057 7
4837 4
3058 4
4838 1
4839 2
3059 5
3510 4
3511 1
3512 5
3513 2
3514 6
3515 3
3516 7
3517 3
3518 3
3519 1
4380 3
4381 1
4382 1
4383 2
4384 3
4385 4
4386 2
4387 1
4388 8
4389 3
8270 1
8273 1
8274 1
4840 1
3060 6
4841 2
3061 5
4842 1
3062 3
4843 2
3063 5
3064 4
4845 2
3065 2
3066 5
4846 2
4847 2
3067 6
4848 2
3068 10
3069 6
3520 8
3521 5
3522 2
3523 1
3524 1
3525 4
3526 3
3527 2
3528 4
3529 4
4390 1
4391 3
7415 1
4392 9
4393 4
4394 2
4395 7
4396 3
4397 2
4398 1
4399 6
2200 16
8282 1
2201 11
2202 15
2203 14
2204 20
2205 9
8287 2
2206 10
2207 12
8289 1
2208 15
2209 17
3070 3
4850 2
4851 1
3071 6
4852 1
3072 7
3073 4
4853 1
4854 1
3074 3
3075 3
4855 2
4856 2
3076 5
4857 2
3077 6
4858 6
3078 5
3079 5
4859 2
3530 2
3531 3
3532 5
3534 3
3535 3
3536 5
3537 5
3538 6
3539 2
7425 1
2210 14
2211 16
8293 1
2212 4
2213 13
2214 19
2215 12
2216 13
2217 12
2218 18
2219 8
4860 3
3080 5
3081 2
4861 1
3082 6
4862 5
3083 3
4863 2
4864 1
3084 3
3085 5
4865 4
4866 1
3086 3
4867 1
3087 10
4868 2
3088 5
4869 1
3089 5
3540 1
3541 2
3542 3
3543 1
3544 2
3545 3
3546 3
3547 2
3548 5
3549 8
7439 1
2220 13
2221 15
2222 15
2223 10
2224 13
2225 12
6101 1
2226 12
2227 12
6102 1
2228 8
2229 13
6106 2
3090 1
4870 2
3091 2
4871 2
3092 4
4872 3
3093 3
4873 4
4874 4
3094 2
3095 2
4875 1
4876 1
3096 3
4877 1
3097 4
4878 4
3098 6
3099 1
4879 3
3550 4
3551 5
3552 3
3553 2
3554 5
3555 3
3556 5
3557 6
3559 4
7444 1
2230 10
2231 12
2232 10
2233 13
2234 10
2235 7
6111 1
2236 17
2237 13
6113 1
2238 14
6114 1
2239 14
6117 1
7900 1
6118 1
4881 2
4882 2
4883 3
7907 2
4884 2
7908 1
4885 4
4887 5
4888 2
4889 3
3560 4
3561 5
3562 4
3563 8
3564 2
3565 4
3566 6
3567 4
3568 2
3569 5
2240 17
2241 10
2242 16
2243 12
2244 10
6120 1
2245 15
2246 10
2247 12
2248 12
6124 1
2249 13
6125 1
6126 1
4890 1
4891 3
4892 2
7915 1
4893 4
7917 1
4894 2
4895 6
4896 4
4897 3
4898 3
4899 2
2700 6
2701 1
2702 4
2703 8
2704 5
2705 7
2706 3
2707 3
2708 6
2709 4
3570 2
3571 3
3572 2
3573 5
3574 3
3575 1
3576 3
3577 2
3578 3
2250 12
2251 21
2252 11
2253 9
2254 13
2255 12
2256 10
2257 14
6133 1
2258 15
2259 10
6135 1
6136 3
6137 1
7920 1
7923 1
7928 1
2710 3
2711 7
2712 2
2713 5
2714 7
2715 3
2716 4
2717 2
2718 7
2719 5
3580 6
3581 2
3582 2
3583 4
3584 1
3585 1
3586 1
3587 2
3588 4
3589 3
2260 19
2261 14
2262 10
2263 17
2264 18
2265 11
2266 13
2267 12
6143 1
2268 14
6144 1
2269 13
6146 1
6147 1
7931 1
6149 1
7934 1
2721 9
2722 5
2723 7
2724 4
2725 2
2726 6
2727 7
2728 7
2729 3
3590 4
3591 2
3592 3
3593 3
3594 5
3595 5
3596 2
3597 2
3598 3
3599 7
1400 128
1401 110
1402 127
1403 134
1404 109
1405 126
1406 123
1407 121
1408 108
1409 115
2270 11
2271 9
2272 8
2273 11
2274 8
6150 1
2275 10
6151 1
2276 9
6152 1
2277 10
6153 1
2278 12
2279 9
6155 1
6156 1
7940 1
6158 1
6159 2
7944 1
2730 2
2731 1
2732 5
2733 2
2734 5
2735 5
2736 2
2737 2
2738 3
2739 4
1410 110
1411 121
1412 97
1413 114
1414 113
1415 123
1416 117
1417 114
1418 115
1419 125
2280 17
2281 10
2282 12
2283 9
2284 10
2285 11
2286 8
2287 9
2288 13
6164 1
2289 15
6165 1
6167 1
6168 1
6169 1
7959 1
2740 8
2741 8
2742 2
2743 6
2744 3
2745 4
2746 6
500 1294
2747 6
2748 5
501 1322
2749 4
502 1292
503 1314
504 1314
505 1266
506 1273
507 1318
508 1258
509 1273
1420 122
1421 115
1422 90
1423 100
1424 105
5300 3
1425 82
5301 1
1426 129
5302 1
1427 92
5303 3
1428 93
5304 4
1429 105
5305 1
5306 1
5307 2
5308 1
5309 4
2290 11
2291 6
2292 8
2293 10
2294 11
6170 1
2295 13
2296 12
6172 1
2297 7
6173 2
2298 12
6174 1
2299 7
6175 1
6177 1
6178 1
7962 1
7963 1
7967 1
2750 8
2751 7
2752 5
2753 11
2754 6
2755 4
2756 6
6632 1
2757 7
510 1346
2758 4
511 1381
2759 7
512 1280
513 1330
514 1293
515 1364
516 1302
517 1252
518 1305
519 1328
1430 109
1431 113
1432 116
1433 92
1434 105
1435 99
5311 3
1436 109
1437 103
5313 2
1438 100
5314 3
1439 98
5315 2
5316 1
5317 5
5318 3
5319 5
6180 1
6186 1
6189 2
7976 2
7977 1
2760 6
2762 2
2763 3
2764 9
2765 1
2766 7
2767 6
520 1282
2768 4
521 1299
2769 5
522 1238
523 1217
524 1201
525 1311
526 1227
527 1258
528 1239
529 1205
1440 97
1441 119
1442 111
1443 80
1444 96
5320 1
1445 104
5321 3
1446 101
5322 2
1447 92
5323 2
1448 99
5324 2
1449 91
5325 2
5326 3
5327 8
5328 1
5329 2
6190 1
6193 1
6194 1
1900 15
7982 1
1901 14
7983 1
1902 17
7984 2
1903 20
1904 9
1905 15
4000 4
4001 1
1906 20
1907 19
4002 1
4003 3
1908 16
4004 2
1909 20
4005 2
4006 2
4007 1
4008 2
2770 8
2771 5
2772 5
2773 6
2774 7
2775 5
2776 2
2777 4
530 1271
2778 4
531 1230
2779 3
532 1263
533 1275
534 1245
535 1245
536 1290
537 1249
538 1305
539 1267
1450 87
1451 113
1452 83
1453 85
1454 94
5330 1
1455 86
5331 4
1456 97
5332 1
1457 95
5333 2
1458 100
5334 4
1459 81
5335 1
5336 1
5337 3
5338 3
5339 2
7990 1
1910 15
1911 21
1912 12
1913 17
1914 14
4010 4
1915 17
4011 1
1916 18
4012 5
1917 12
4013 2
1918 13
4014 2
1919 14
4015 1
4017 3
4018 4
4019 1
2780 3
2781 4
2782 2
2783 7
2784 6
6660 1
2785 9
2786 3
540 1217
2787 4
541 1242
2789 8
542 1259
543 1229
544 1289
545 1266
546 1280
547 1239
548 1285
549 1335
1460 100
1461 97
1462 90
1463 94
1464 71
5340 1
1465 76
1466 103
5342 2
1467 101
5343 2
1468 79
5344 2
1469 98
5345 3
5346 4
5347 4
5348 2
5349 2
1920 18
1921 20
1922 15
1923 12
1924 11
1925 16
4020 3
5800 2
4021 3
5801 2
1926 23
4022 3
1927 17
5803 1
4023 3
1928 19
4024 1
1929 20
4025 3
4026 6
4027 4
4028 1
5808 4
5809 1
4029 4
2790 9
2791 5
2792 2
2793 8
2794 8
2795 7
2796 10
2797 6
550 1311
2798 10
551 1294
2799 5
552 1276
553 1276
554 1289
555 1307
556 1273
557 1311
558 1346
559 1300
1470 102
1471 85
1472 84
1473 85
1474 73
5350 3
1475 92
5351 2
1476 75
5352 4
1477 89
5353 3
1478 81
5354 4
1479 68
5355 3
5356 5
5357 6
5358 3
5359 7
1930 10
1931 20
1932 21
1933 17
1934 26
4030 1
5810 1
1935 20
1936 19
4032 1
5812 3
1937 17
5813 1
1938 18
4033 4
4034 1
1939 21
4035 1
5815 1
4036 4
5817 1
5818 1
4038 3
560 1242
561 1237
562 1264
563 1333
564 1276
565 1328
566 1319
567 1246
568 1217
569 1213
1480 82
1481 90
1482 101
1483 103
1484 81
5360 3
1485 95
5361 2
1486 75
5362 5
1487 69
5363 1
1488 75
5364 4
1489 89
5365 3
5367 3
5369 1
1940 14
1941 12
1942 20
1943 20
1944 15
4040 3
1945 14
5821 1
4041 3
1946 15
1947 20
4042 3
4043 2
1948 10
5823 5
5824 1
4044 2
1949 23
5825 1
4045 4
5826 2
4047 1
4048 3
5828 2
570 1291
571 1263
572 1250
573 1307
574 1274
575 1271
576 1297
577 1274
578 1260
579 1267
4500 2
4501 1
4502 3
4503 3
4504 3
4505 3
4506 2
4507 2
4508 3
4509 1
1490 72
1491 77
1492 92
1493 82
1494 74
5370 1
1495 80
5371 3
1496 78
1497 70
5373 2
1498 75
5374 2
1499 94
5375 1
5376 1
5377 3
5378 5
5379 1
1950 14
1951 22
1952 21
1953 26
1954 15
5830 1
4050 7
1955 14
5831 1
4051 3
1956 16
4052 1
1957 15
5833 1
1958 18
5834 1
4054 4
1959 17
5835 2
4055 5
5836 3
4056 1
4057 1
4058 1
5838 2
4059 1
5839 1
580 1327
581 1226
582 1233
583 1286
584 1297
585 1277
586 1281
587 1258
588 1341
589 1283
4510 4
4511 3
4512 2
4513 3
4514 6
4515 4
4516 3
4517 4
4518 4
4519 2
8402 1
5380 1
5381 4
5382 1
5383 3
5384 4
5385 2
8408 1
5386 4
5387 2
5388 3
5389 1
1960 22
1961 11
1962 15
1963 27
1964 11
5840 1
4060 1
1965 19
4061 4
1966 14
4062 5
1967 25
4063 1
5843 2
1968 19
4064 1
5844 1
1969 16
5845 1
5846 1
4066 3
4067 1
5848 1
4068 1
5849 2
4069 3
590 1268
591 1281
592 1263
593 1296
594 1276
595 1305
596 1255
597 1293
598 1268
599 1242
4520 1
4521 1
4522 3
4525 1
4526 4
4527 3
4528 5
4529 2
5390 2
5391 1
8414 2
5392 3
5393 7
8417 1
5394 1
8418 2
5395 1
8419 2
5396 3
5397 4
5398 1
5399 2
3200 4
3201 2
3202 3
3203 4
3204 1
3205 4
3206 1
3207 1
3208 4
3209 4
1970 22
1971 25
1972 21
1973 21
1974 16
1975 17
4070 5
1976 20
1977 19
5853 2
4073 3
1978 18
5854 1
4074 1
1979 17
4075 1
4076 1
4077 9
5858 1
4078 3
4079 4
4530 3
4531 4
4532 3
4533 4
4534 1
4535 3
4536 2
4537 3
4538 3
4539 1
8420 1
8423 2
8424 2
8427 1
8429 1
3210 6
3211 2
3212 8
3213 7
3214 6
3215 5
3216 6
3217 4
3218 3
3219 1
1980 14
1981 21
1982 15
1983 28
1984 22
4080 1
1985 17
4081 2
1986 9
5862 1
4082 1
1987 21
5863 1
7106 1
1988 24
4083 5
4084 3
1989 19
4085 1
5865 3
5866 3
4086 1
7109 1
5867 1
4087 4
5868 1
4088 3
4089 1
4540 1
4541 4
4542 4
4543 2
4544 3
4546 2
4547 4
4548 3
8430 1
8432 1
8435 2
8436 1
8439 1
3220 3
3221 1
3222 3
3223 1
3224 2
3225 3
3226 6
3227 3
3228 5
3229 2
1990 22
1991 14
1992 17
1993 20
1994 16
4090 2
7113 1
1995 14
4091 2
1996 18
1997 15
5872 3
4092 5
4093 1
1998 23
1999 20
4094 4
5875 1
4095 3
4096 1
4098 2
5879 1
4099 1
4550 5
4551 3
4552 5
4553 2
4554 3
4555 2
4556 3
4558 3
4559 1
8440 1
8442 3
8443 1
8445 1
8446 3
8447 4
8448 2
8449 1
3230 2
3231 6
3232 2
3233 2
3234 1
3235 1
3236 4
3237 1
3238 8
3239 9
7122 1
5880 3
5882 1
5883 1
7126 1
5886 1
5887 3
4560 6
4561 1
4562 2
4563 3
4564 3
4565 2
4566 2
4567 4
4568 1
4569 1
8450 2
8451 2
8452 2
8453 2
8454 2
8455 2
8456 2
8457 3
8458 2
8459 3
3240 4
3241 2
3242 2
3243 4
3244 2
3245 4
3246 3
3247 3
3248 4
3249 2
7130 1
5890 1
5897 1
5898 1
5899 1
3700 4
3701 4
3702 3
3703 2
3704 4
3705 2
3706 5
3707 3
3708 2
3709 5
4570 4
4571 5
4572 1
4573 5
4574 6
4575 4
4576 2
4578 2
4579 2
8460 3
8461 3
8462 8
8463 4
8464 2
8465 3
8466 7
8467 4
8468 5
8469 6
3250 1
3251 4
3252 3
3253 2
3254 5
3255 3
3256 2
3257 3
3258 6
3259 2
7140 1
7143 1
3710 6
3711 1
3712 3
3713 5
3714 4
3715 3
3716 6
3717 2
3718 2
3719 1
4581 3
4582 3
4583 5
4585 6
4586 3
4587 6
4588 4
4589 3
8470 4
8471 2
8472 10
8473 7
8474 6
8475 6
8476 4
8477 4
8478 7
8479 10
3260 1
3261 1
3262 2
3263 5
3264 4
3265 3
3266 7
3267 4
3268 4
3269 2
3720 1
3721 2
3722 2
3723 5
3724 5
3725 5
3726 6
3727 2
3728 1
3729 1
4590 2
4592 1
4593 5
4594 4
4595 2
7618 1
4596 1
4597 5
4598 3
8480 12
8481 6
2400 11
2401 9
8482 7
8483 5
2402 6
8484 5
2403 10
8485 11
2404 8
8486 13
2405 8
8487 11
2406 19
8488 10
2407 7
2408 7
8489 21
2409 7
3270 3
3272 3
3273 2
3274 2
3275 4
3276 2
3277 3
3278 1
3279 2
7166 1
3730 2
3731 4
3732 4
3733 4
3734 3
3735 3
3736 4
3737 1
-11 2
3738 6
3739 5
-15 1
-16 2
-17 1
-18 1
7626 1
8490 14
2410 7
8491 13
2411 10
8492 16
8493 16
2412 8
2413 5
8494 19
2414 5
8495 15
2415 9
8496 22
2416 3
8497 25
2417 8
8498 26
8499 16
2418 4
2419 11
3280 3
3281 1
3282 3
3283 4
3284 2
3285 2
3286 1
3287 6
3288 7
3289 1
3740 1
3741 3
3742 3
3743 4
3744 3
3745 3
3746 5
3747 1
3748 4
3749 2
-22 1
-25 2
7630 1
7633 1
-29 1
7636 1
7637 1
7638 1
2420 7
2421 9
2422 6
2423 10
2424 11
2425 8
6301 1
2426 12
2427 3
2428 5
6304 1
2429 6
3290 3
3291 6
3292 5
3293 4
3295 4
3296 3
3297 4
3298 3
3299 2
-218 1
1100 486
1101 501
1102 482
1103 442
1104 447
1105 429
1106 445
1107 416
1108 451
1109 451
3750 1
3751 1
3752 4
3753 5
3754 2
3755 4
3756 3
-30 2
3757 4
-31 1
3758 4
3759 3
-36 1
7641 1
-37 1
7645 1
7646 1
7648 1
2430 2
2431 3
2432 5
2433 3
2434 6
2435 4
6311 1
2436 8
2437 7
6313 2
2438 9
2439 3
1110 455
1111 415
1112 427
1113 433
1114 410
1115 384
1116 418
1117 431
1118 442
1119 410
3760 3
3762 6
3763 2
3764 2
3765 7
3766 4
3767 3
-41 2
3768 2
3769 4
-45 1
7651 1
-46 1
7653 1
7654 1
7655 2
7656 1
7658 1
2440 6
2441 5
2442 3
2443 8
2444 3
2445 6
2446 7
2447 5
200 2816
2448 5
201 2829
2449 3
202 2686
203 2696
204 2625
205 2658
6328 1
206 2600
207 2713
208 2531
209 2581
2900 7
1120 412
2901 9
1121 416
2902 4
1122 447
2903 4
1123 407
2904 2
1124 401
2905 10
5000 5
1125 371
2906 5
1126 395
2907 7
5002 2
1127 397
2908 4
1128 372
2909 3
5004 2
1129 388
5005 1
5006 1
5007 2
5008 4
5009 1
3770 4
3771 1
3772 4
3773 5
3774 4
3775 3
3776 4
3777 4
3778 4
3779 2
-53 1
-54 1
7661 1
7662 1
-58 1
-59 1
7666 1
7667 1
2450 3
2451 3
2452 6
2453 3
2454 7
2455 8
2456 4
2457 5
210 2412
2458 7
211 2589
2459 6
212 2611
6335 1
213 2576
214 2525
215 2559
216 2539
217 2478
218 2453
219 2492
2910 4
1130 414
2911 3
1131 419
2912 8
1132 414
2913 5
1133 417
2914 5
1134 393
5010 1
2915 5
1135 362
5011 1
2916 10
1136 421
5012 2
2917 3
1137 378
5013 2
2918 3
1138 395
5014 3
2919 10
1139 372
5015 4
5016 4
5017 1
5018 9
5019 3
3781 1
3782 4
3783 5
3784 3
3785 3
3787 2
3788 2
3789 4
-66 1
7672 1
7678 1
2460 5
2461 8
2462 5
2463 4
2464 10
2465 11
2466 8
2467 4
220 2423
2468 3
221 2435
2469 5
222 2423
6345 1
223 2392
224 2356
225 2352
226 2242
227 2302
228 2234
229 2225
1140 374
2920 3
1141 383
2921 14
2922 3
1142 383
2923 3
1143 386
2924 5
1144 392
2925 10
5020 5
1145 323
2926 4
5021 1
1146 371
5022 4
1147 367
2927 7
2928 5
1148 379
5024 2
1149 335
2929 6
5025 3
5026 3
5027 1
5028 3
5029 2
3790 4
3791 5
3792 4
3793 1
3795 4
3796 4
3797 5
3798 2
3799 1
7680 3
7681 1
1600 46
1601 54
7683 1
1602 38
1603 41
1604 55
1605 45
7687 1
1606 41
1607 54
1608 46
1609 43
2470 7
2471 3
2472 5
2473 12
2474 5
2475 5
2476 5
230 2355
2477 2
2478 2
231 2265
2479 14
232 2274
233 2308
234 2302
235 2245
236 2206
237 2167
238 2175
239 2202
2930 3
1150 404
2931 2
1151 369
2932 4
1152 373
2933 7
1153 360
2934 3
1154 321
5030 2
2935 7
1155 378
2936 10
5031 2
1156 353
5032 1
2937 6
1157 360
5033 1
2938 3
1158 376
5034 2
2939 2
1159 370
5035 4
5036 1
5038 3
5039 3
1610 39
7692 1
1611 44
7693 2
1612 43
7694 1
1613 50
1614 55
7696 1
1615 40
7697 1
1616 49
7698 2
1617 48
7699 1
1618 60
1619 39
2480 8
2481 4
2482 5
2483 7
2484 5
2485 6
2486 7
2487 5
240 2221
2488 7
241 2259
2489 9
242 2183
243 2150
244 2119
245 2122
246 2111
247 2143
248 2085
249 2164
2940 3
1160 334
2941 7
1161 333
2942 7
1162 339
2943 6
1163 341
2944 7
1164 332
2945 2
5040 3
1165 366
5041 2
2946 8
1166 334
2947 7
1167 339
700 1279
5043 3
2948 4
1168 318
701 1351
2949 8
5044 4
1169 338
702 1219
5045 1
703 1250
5046 2
6826 2
704 1276
5047 2
705 1263
5048 8
706 1282
5049 2
707 1264
708 1313
709 1283
1620 47
1621 43
1622 57
1623 46
1624 34
1625 49
5501 2
1626 49
5502 5
1627 45
5503 2
1628 33
1629 32
5505 3
5506 1
5507 2
5508 2
5509 2
2490 1
2491 3
2492 11
2493 5
2494 6
2495 7
2496 7
2497 7
250 2098
2498 10
251 2165
2499 8
252 2092
253 2088
254 2057
255 1952
256 2076
257 2050
258 2026
259 2004
2950 7
1170 345
2951 4
1171 321
2952 3
1172 352
2953 9
1173 311
2954 5
1174 335
2955 6
1175 328
5051 3
6831 1
2956 5
1176 310
5052 3
2957 5
1177 314
710 1297
2958 6
1178 347
711 1272
2959 6
5054 2
1179 304
712 1293
5055 1
713 1286
6836 1
714 1222
5057 2
715 1230
5058 5
6838 1
716 1298
5059 2
717 1230
718 1277
719 1279
1630 41
1631 36
1632 33
1633 28
1634 45
5510 4
1635 29
5511 4
1636 39
5512 2
1637 33
5513 2
1638 53
5514 2
1639 40
5515 2
5516 1
5517 1
5518 2
5519 3
260 2089
261 1928
262 2005
6385 1
263 2038
264 2029
265 2087
266 1993
267 2120
268 1873
269 2018
2960 1
1180 317
1181 326
2961 6
2962 6
1182 323
1183 315
2963 7
2964 6
1184 329
5060 1
2965 3
1185 327
5061 1
2966 5
1186 321
5062 3
1187 304
720 1284
2967 7
6843 1
2968 4
5063 7
1188 319
721 1272
6844 1
5064 1
2969 5
1189 327
722 1313
5065 1
723 1241
5066 2
724 1268
5067 4
725 1262
5068 1
726 1349
5069 6
727 1243
728 1289
729 1277
1640 24
1641 40
1642 38
1643 35
1644 31
5520 6
1645 36
5521 1
1646 45
5522 1
1647 28
1648 30
5523 4
1649 33
5525 2
5526 1
5527 3
5528 4
5529 3
270 2043
271 1965
272 1905
273 1957
274 1943
6397 1
275 1886
276 1993
277 1946
278 1861
279 1987
4200 3
4201 2
4203 1
4204 2
4205 1
4206 2
4207 1
4208 2
4209 3
2970 7
1190 302
2971 6
1191 291
2972 7
1192 305
2973 3
1193 291
2974 5
1194 314
6850 1
5070 4
2975 3
1195 298
5071 3
2976 5
1196 329
5072 4
6852 2
730 1312
2977 3
1197 308
5073 2
731 1210
2978 5
1198 296
5074 5
2979 2
732 1265
1199 286
5075 2
733 1195
6856 1
5076 1
734 1261
5077 6
735 1261
736 1240
5078 5
5079 1
737 1309
738 1223
739 1294
1650 28
1651 39
1652 31
1653 45
1654 41
5530 1
1655 29
5531 2
1656 42
5532 6
1657 32
5533 2
1658 42
5534 2
1659 39
5535 3
5536 3
5537 3
5538 3
5539 2
280 1876
281 1861
282 1785
283 1948
284 1936
285 1842
286 1811
287 1826
288 1805
289 1839
4210 3
4211 2
4213 5
4214 2
4215 2
4216 1
4217 3
4218 2
4219 1
2980 3
2981 4
2983 5
8102 1
2984 6
5080 2
6860 1
2985 5
6861 1
2986 6
2987 5
5082 4
740 1265
5083 2
2988 2
741 1281
5084 2
2989 6
742 1189
5085 3
6865 2
743 1276
5086 7
744 1274
5087 2
745 1236
5088 2
746 1273
5089 1
6869 1
747 1269
748 1304
749 1199
1660 32
1661 37
1662 37
1663 31
1664 35
5540 5
1665 36
5541 1
1666 25
5542 3
1667 27
5543 4
1668 41
5544 4
1669 44
5545 6
5546 3
5547 2
5548 1
5549 2
290 1868
291 1791
292 1904
293 1973
294 1847
295 1785
296 1859
297 1781
298 1805
299 1805
4220 4
4221 1
4222 1
4223 3
4224 3
4225 1
4226 3
4227 3
4228 1
4229 2
2990 6
2991 4
2992 5
2993 3
2994 3
6870 1
2995 4
2996 5
5091 5
5092 3
6872 1
2997 4
750 1271
5093 5
6873 1
8116 1
2998 3
751 1193
8117 1
2999 1
5094 4
752 1264
5095 4
6875 2
753 1300
6876 2
5096 2
754 1232
5097 4
6877 3
755 1223
6878 1
5098 6
756 1246
5099 4
6879 1
757 1266
758 1220
759 1279
1670 26
1671 35
1672 30
1673 44
1674 32
5550 1
1675 40
5551 2
1676 25
5552 2
1677 35
5553 2
1678 39
5554 3
1679 33
5555 4
5556 1
5557 1
5558 3
5559 4
4231 2
4232 2
4233 2
4234 1
4235 3
4236 2
4237 1
4238 1
4239 2
8120 1
760 1244
761 1236
762 1193
8128 1
763 1270
764 1208
6887 2
765 1217
766 1221
767 1246
768 1190
769 1134
1680 41
1681 20
1682 24
1683 38
1684 35
1685 44
5561 1
1686 27
1687 32
5563 1
1688 33
5564 2
1689 34
5565 1
5566 3
5567 1
5568 2
4240 1
4241 1
4242 1
4243 3
4244 2
4245 3
4246 3
4247 2
4248 1
4249 1
8131 1
6890 2
770 1211
771 1219
772 1231
773 1196
774 1191
6897 1
775 1217
776 1194
777 1180
778 1213
779 1182
4701 6
4702 2
4703 2
4704 1
4705 2
4707 1
4708 3
4709 1
1690 32
1691 39
1692 26
1693 28
1694 32
1695 35
1696 35
5572 3
1697 22
5573 2
1698 33
1699 23
5575 1
5576 1
5577 1
5578 3
5579 3
4250 2
4251 3
4252 4
4253 3
4254 1
4255 6
4256 2
4257 2
4258 3
8141 1
8143 1
780 1164
781 1217
782 1190
783 1211
784 1212
785 1192
786 1179
787 1180
788 1235
789 1180
4710 2
4712 2
4714 3
4716 6
4717 5
4718 2
4719 3
5580 4
5581 2
5582 1
5583 2
5585 2
5587 1
5588 1
5589 3
4260 5
4261 3
4262 2
4263 1
4264 3
4267 1
4269 2
8155 2
790 1189
791 1176
792 1236
793 1127
794 1148
795 1135
796 1156
797 1226
798 1132
799 1187
4720 3
4721 3
4722 2
4723 1
4724 2
4725 1
4726 2
4727 2
4728 1
4729 1
5592 3
5593 1
5594 2
5595 2
5596 2
5597 2
5599 2
3400 3
3402 2
3403 5
3404 2
3405 3
3406 1
3407 8
3408 2
3409 5
4270 3
4272 2
4273 1
4274 3
4278 1
8168 1
8169 1
4730 1
4731 1
4732 2
4733 1
4734 1
4735 1
4736 1
4738 1
4739 2
3410 2
3411 5
3413 5
3414 1
3415 3
3416 3
3417 3
3418 3
3419 2
4280 1
4282 3
7306 1
4283 4
4284 3
4285 1
4286 6
4287 3
4288 1
4289 5
8175 2
8179 1
4740 2
4741 1
4742 9
4743 1
4744 2
4745 3
4746 3
4747 2
4748 4
4749 3
3420 2
3421 2
3423 3
3424 2
3425 4
3426 1
3427 6
3428 2
4290 2
4291 3
4292 4
4293 2
4294 1
4295 2
4296 5
4297 1
4298 5
4299 2
8180 2
2100 10
2101 21
2102 20
2103 16
2104 23
2105 11
8187 1
2106 20
2107 15
2108 13
2109 15
4750 2
4751 2
4752 2
4753 1
4754 2
4756 2
4757 3
4758 2
4759 3
3430 2
3431 4
3432 4
3433 4
3434 2
3435 1
3436 4
3437 2
3438 3
3439 2
7328 1
8191 1
2110 21
8192 1
2111 13
8193 1
2112 15
2113 22
2114 16
8196 1
2115 12
2116 15
2117 19
8199 1
2118 12
2119 16
4760 1
4761 3
4764 2
4765 5
4766 1
4767 3
4768 2
4769 1
3440 4
3441 4
3442 3
3443 4
3444 6
3445 2
3446 1
3447 3
3449 6
2120 8
3900 4
3901 2
2121 12
3902 1
2122 8
3903 3
2123 15
3904 3
2124 12
2125 15
3906 2
6001 1
2126 16
3907 1
2127 17
6002 1
3908 3
2128 14
3909 2
2129 10
6006 1
6009 1
4772 5
4773 4
4774 1
4775 1
4778 1
4779 1
3451 2
3452 5
3453 3
3454 1
3455 1
3456 2
3457 4
3458 1
3459 6
3910 2
2130 19
3911 1
2131 17
3912 1
2132 15
3913 3
2133 21
3914 2
2134 13
3915 3
2135 14
3916 2
2136 15
3917 1
2137 16
3918 5
2138 14
2139 19
6018 1
4780 1
4781 1
4782 1
4783 1
7807 1
4784 3
4785 1
7808 1
4786 2
4787 2
4788 2
4789 2
3460 4
3462 4
3463 2
3464 3
3465 5
3466 3
3467 2
3468 2
3469 4
2140 15
3920 2
2141 15
3921 3
3922 2
2142 16
2143 14
3923 4
3924 3
2144 19
3925 2
6020 1
2145 18
3926 1
2146 12
3927 1
2147 14
3928 4
2148 11
3929 4
2149 15
4790 3
7814 1
4791 6
4792 2
7815 1
4793 2
4794 2
4796 1
4799 2
2600 5
2602 8
2603 5
2604 3
2605 4
2608 10
2609 8
3470 3
3471 4
3472 2
3473 1
3474 3
3475 2
3476 4
3477 2
3478 1
3479 2
7368 1
3930 2
2150 21
3931 1
2151 20
2152 10
3933 3
2153 16
3934 3
2154 16
3935 1
2155 10
3936 2
2156 7
3937 6
2157 9
3938 1
2158 14
3939 4
2159 11
6039 1
7826 1
7829 1
2610 8
2611 3
2612 4
2613 4
2614 3
2615 6
2616 8
2617 6
2618 4
2619 5
3480 3
3481 4
3482 2
3483 6
3484 5
3485 5
3486 2
3487 3
3488 3
3489 4
-409 1
3940 1
2160 10
2161 18
3941 4
3942 5
2162 17
3943 3
2163 9
3944 4
2164 22
3945 2
2165 14
3946 2
2166 14
3947 3
2167 13
3948 2
2168 17
3949 2
2169 17
7830 1
6049 2
7832 1
7835 1
7838 1
2620 8
