2623 1
2625 1
6501 1
2626 2
2628 3
2629 2
3490 1
3492 2
3493 1
3494 1
3497 1
3499 1
1300 13
1301 17
7383 1
1302 11
1303 14
1304 16
1305 9
1306 20
1307 10
1308 13
1309 8
2170 2
3950 1
2171 3
2172 4
3953 2
2173 3
3954 1
2174 4
3955 1
2175 3
2176 5
2177 2
2178 6
2179 1
7842 1
7847 1
2630 3
2631 3
2632 2
2633 3
2634 2
2635 2
2636 2
2637 1
2639 1
6516 1
1310 17
1311 13
1312 10
1313 17
1314 13
1315 9
1316 11
1317 15
1318 11
1319 13
2180 4
3960 1
2181 5
2182 3
2183 3
3963 2
3964 2
2184 4
2185 1
3965 3
2186 2
3966 1
2187 2
3968 2
2188 3
2189 2
3969 1
7855 1
2640 4
2641 3
2642 1
2643 1
2644 2
2645 3
2646 3
2647 1
400 2336
2648 3
401 2325
2649 1
402 2414
403 2382
404 2308
405 2347
406 2296
407 2286
408 2267
409 2218
1320 8
1321 17
1322 8
1323 18
1324 10
5200 2
1325 15
5201 1
1326 9
1327 16
1328 10
5204 2
1329 14
5205 1
5207 1
5208 1
5209 1
3970 1
2190 4
3971 1
2191 3
3972 1
2192 7
2193 1
3973 1
2194 6
2195 4
6071 1
2196 5
2197 1
3978 1
2198 2
2199 2
6078 1
7862 1
2650 3
2651 3
2652 2
2653 5
2654 3
2655 2
2656 4
2657 1
410 2342
2658 2
411 2271
2659 1
412 2300
413 2228
414 2252
415 2164
416 2128
417 2202
418 2164
419 2179
1330 11
1331 8
1332 18
1333 11
1334 11
5210 2
1335 11
5211 1
1336 13
1337 13
1338 10
1339 13
5216 1
5217 1
5219 1
3980 1
3981 1
3982 1
3983 1
3984 1
3985 1
3986 1
6082 1
3988 1
3989 1
2660 1
2661 2
2663 1
2664 2
2665 2
2666 2
420 2188
2667 3
2668 2
421 2058
2669 1
422 2173
423 2083
424 2087
425 2105
426 2070
427 2108
428 2156
429 2071
1340 14
1341 12
1342 15
1343 10
1344 13
1345 8
5221 1
1346 15
5222 1
1347 12
1348 9
5224 3
1349 13
5225 3
5226 2
5227 2
3990 4
3993 1
3994 2
3995 1
3997 1
3998 2
1800 6
1801 4
1802 5
1803 3
1804 5
1805 4
1806 5
1807 7
1808 5
1809 6
2670 1
2671 1
2672 1
2674 3
2675 4
2677 2
430 2036
2678 1
431 2027
2679 1
432 2019
433 2038
6556 1
434 2039
435 2019
436 1993
437 2007
438 1946
439 1953
1350 7
1351 10
1352 11
1353 11
1354 17
5230 1
1355 17
1356 15
1357 11
5233 2
1358 15
1359 7
5235 1
5236 1
5237 2
5238 2
1810 4
1811 4
1812 6
1813 8
1814 4
1815 11
1816 11
1817 5
1818 5
1819 3
2680 2
2681 1
2682 2
2683 4
2684 4
2685 1
2686 1
2687 1
440 1944
2688 3
441 2027
2689 2
442 1931
443 1952
444 1925
445 1851
446 1915
447 1878
448 1815
449 1845
1360 19
1361 12
1362 11
1363 15
1364 9
1365 15
1366 10
5242 3
1367 13
900 51
5243 4
1368 10
901 55
5244 2
1369 20
902 73
5245 4
903 82
5246 3
904 68
905 63
5248 1
906 69
5249 2
907 79
908 57
909 67
1820 6
1821 4
1822 4
1823 1
1824 5
1825 3
1826 5
1827 6
1828 5
1829 6
2690 3
2691 2
2692 2
2693 3
2694 1
2697 2
450 1779
6573 1
451 1831
2698 4
2699 1
452 1811
453 1728
454 1803
455 1714
456 1726
457 1675
458 1766
459 1725
1370 11
1371 16
1372 10
1373 10
1374 9
1375 11
5251 2
1376 6
1377 6
910 52
5253 3
1378 6
911 61
1379 16
912 56
5255 3
913 72
5256 1
914 43
915 60
5258 3
916 73
5259 1
917 63
918 61
919 38
1830 5
1831 5
1832 3
1833 1
1834 7
5711 1
1836 4
5712 1
1837 4
1838 3
1839 1
460 1678
461 1651
462 1692
6584 1
463 1693
464 1646
465 1710
466 1604
467 1547
468 1617
469 1569
1380 18
1381 7
1382 9
1383 10
1384 16
1385 15
1386 9
920 69
1387 10
5263 1
921 58
1388 9
922 58
1389 12
5265 1
923 61
924 58
925 57
926 62
5268 3
927 70
5269 3
928 56
929 58
1840 5
1841 3
1842 5
1843 5
1844 2
1845 4
1846 1
1847 4
1848 2
1849 4
470 1571
471 1575
472 1608
473 1490
474 1572
475 1538
476 1473
477 1530
478 1515
479 1445
4400 2
4401 1
4402 1
4405 2
4406 2
4407 2
1390 12
1391 13
1392 8
1393 13
1394 14
1395 8
5271 1
1396 10
930 56
5272 1
1397 13
931 52
5273 1
1398 6
932 47
1399 7
933 65
5276 2
934 67
935 64
5277 1
936 62
937 49
938 59
939 59
1850 3
1851 4
1852 7
1853 9
1854 6
1855 3
5731 1
1856 3
1857 5
1858 1
1859 5
480 1473
481 1435
482 1455
483 1468
484 1451
485 1440
486 1380
487 1331
488 1373
489 1338
4411 2
4417 2
4419 1
5281 1
5282 1
940 70
941 48
5284 2
942 63
5285 1
943 53
5286 2
944 60
945 48
946 58
947 55
948 56
949 49
1860 8
1861 3
1862 2
1863 6
1864 5
1865 9
1866 6
1867 5
1868 4
1869 7
5747 1
490 1359
491 1373
492 1331
493 1344
494 1312
495 1350
496 1285
497 1213
498 1249
499 1235
4422 1
4426 2
5290 3
5291 1
950 54
5293 1
951 35
952 70
5295 1
953 38
5296 2
954 53
5297 1
955 58
956 55
957 44
958 61
959 58
3100 3
3103 1
3104 2
3107 3
3108 1
1870 3
1871 5
1872 2
1873 2
1874 6
1875 1
1876 7
1877 3
1878 2
1879 6
4430 1
4433 1
4434 2
4435 2
960 66
961 48
962 66
963 56
964 58
965 52
966 49
967 51
968 46
969 44
3110 1
3111 2
3112 1
3115 1
3118 1
3119 1
1880 3
1881 4
1882 4
1883 7
1884 6
1885 5
1886 4
1887 4
1888 3
1889 3
4442 1
4443 1
4445 1
4446 2
4447 2
4448 1
4449 1
970 38
971 50
972 51
973 54
974 54
975 52
976 32
977 47
978 51
979 53
4900 3
3120 4
3121 2
4901 1
3122 1
4902 1
3124 1
3127 2
4907 2
4908 1
3128 1
1890 7
1891 5
1892 3
7011 1
1893 1
1894 2
5770 1
1895 4
1896 4
1897 3
7016 1
1898 5
1899 2
4451 2
4455 1
4456 1
4458 1
4459 1
980 52
981 61
982 54
983 48
984 49
985 44
986 41
987 39
988 50
989 37
4910 1
3131 3
3132 2
4918 1
5782 1
7027 1
4462 1
4466 1
4469 2
990 50
991 41
992 49
993 43
994 44
995 47
996 44
997 42
998 43
999 39
3140 2
4921 1
3141 1
3144 1
3145 1
3146 1
3147 1
4927 1
3148 2
4928 2
4929 1
3602 1
3606 2
3607 2
4470 1
4471 1
4475 2
4477 1
4478 2
4931 2
3151 2
4932 1
4933 2
3154 1
3155 2
3156 1
3158 2
3159 2
7042 2
7047 1
3610 1
3613 2
3616 1
3617 4
4480 1
4483 1
4487 1
4488 1
4489 1
3160 2
4941 1
4942 1
3162 3
3163 2
3164 4
3165 3
3166 1
4947 3
4949 1
3169 3
3620 1
3621 2
3622 2
3623 2
3625 1
3626 1
3629 1
4493 2
4494 1
4499 1
2300 1
2301 3
2302 3
2303 4
2304 3
2305 3
2306 1
2307 2
2308 2
2309 3
3170 3
3171 3
3172 3
4953 1
4955 1
3176 2
4956 1
3177 3
3630 1
3631 1
3633 1
3635 1
3636 1
3637 1
3638 1
3639 1
2310 6
2311 4
2313 1
2314 2
2317 5
2318 3
2319 2
3180 2
4960 2
3181 1
3182 1
3183 1
3184 2
3185 1
3186 3
3187 1
3189 1
3640 1
3641 2
3642 1
3643 2
3646 1
3647 1
3649 2
2320 2
2321 2
2322 2
2323 2
2324 2
2325 2
2327 2
2328 1
2329 3
6208 1
4970 1
3190 3
4971 2
3192 3
3193 1
4974 1
3195 4
3196 1
3197 1
3198 2
4979 1
3199 1
3650 2
3651 2
3652 2
3653 1
3654 1
3655 2
3658 1
3659 1
2330 3
2331 2
2332 1
2333 4
2334 3
2335 2
2336 3
2337 1
2338 2
2339 1
6219 1
4981 1
4982 1
4985 1
4986 2
1000 41
4987 1
1001 34
4988 1
1002 41
1003 41
1004 54
1005 35
1006 47
1007 47
1008 35
7093 1
1009 45
3663 1
3664 1
3667 1
7552 1
2341 3
2342 2
2344 5
2345 1
2346 1
100 2651
2347 2
2348 2
101 2674
102 2588
2349 2
103 2617
104 2724
105 2807
106 2733
107 2936
4990 1
108 2934
4991 1
109 2965
4993 2
4995 2
1010 36
4997 3
1011 38
4998 1
1012 41
1013 34
1014 37
1015 48
1016 32
2800 1
1017 40
2801 3
1018 47
2802 4
1019 44
2803 4
2804 1
2805 2
2806 2
2807 3
3670 3
3671 2
3672 1
3673 1
3674 2
3676 2
3677 1
3678 2
2350 3
2351 1
2352 2
2353 1
2354 4
2355 3
2357 1
110 2881
111 3060
2358 3
112 3060
2359 2
6235 1
113 3064
114 3124
115 3005
116 3083
117 3233
118 3256
119 3189
1020 38
1021 37
1022 41
1023 39
1024 33
1025 39
1026 52
1027 39
2810 2
2811 1
1028 42
1029 31
2812 2
2813 1
2814 1
2815 3
2817 3
2818 1
2819 1
3681 1
3682 2
3683 3
3687 1
3689 1
2360 6
2361 1
2362 1
2363 4
2366 1
2367 1
120 3173
2368 4
121 3269
2369 2
122 3239
123 3411
124 3211
125 3351
126 3287
127 3402
128 3337
129 3402
1030 32
1031 41
1032 32
1033 30
1034 28
1035 34
1036 35
1037 41
2821 2
1038 28
2822 1
1039 34
2823 1
2825 2
2827 2
6702 1
2829 2
3690 1
3691 3
3693 3
3694 1
3695 1
3696 2
3697 2
3699 1
1500 13
1501 10
1502 9
1503 11
1504 4
1505 12
1506 7
1507 9
1508 9
1509 8
2370 3
2371 5
2372 1
2373 4
2374 2
2375 4
2376 4
2377 5
130 3370
2378 3
131 3398
2379 3
132 3307
133 3442
134 3408
135 3349
6258 1
136 3462
137 3333
138 3484
139 3488
1040 47
1041 40
1042 42
1043 40
1044 46
1045 32
1046 40
2830 1
1047 39
1048 45
2832 3
1049 35
2833 1
2834 5
2835 2
2836 2
2837 1
2839 1
6714 1
1510 8
1511 10
1512 13
1513 9
1514 11
1515 6
1516 8
1517 7
1518 9
1519 9
2380 3
2381 3
2382 3
2384 2
2385 1
140 3362
141 3415
2388 2
142 3419
2389 2
6265 1
143 3517
144 3447
145 3439
146 3516
147 3422
148 3370
149 3393
1050 27
1051 38
1052 31
1053 29
1054 36
1055 31
1056 31
2840 2
1057 34
1058 34
2842 2
1059 39
2843 1
2845 2
2846 1
2847 4
600 510
2848 2
601 488
602 467
603 481
604 468
605 493
606 505
607 477
608 447
609 488
1520 9
1521 7
1522 16
1523 8
1524 9
1525 3
1526 7
1527 8
5403 3
1528 4
1529 3
5405 2
5409 1
2390 2
2391 1
2392 1
2394 6
2395 2
2396 3
150 3489
2397 1
151 3316
152 3412
2399 3
153 3424
154 3360
155 3315
156 3379
157 3369
158 3364
159 3446
1060 35
1061 32
1062 33
1063 38
1064 26
1065 21
1066 31
2850 1
1067 31
1068 23
2851 2
2852 1
1069 27
2853 2
2854 2
2857 4
610 470
2858 1
611 493
2859 1
612 498
613 447
614 477
615 484
616 478
617 414
618 450
619 467
1530 9
1531 9
1532 11
1533 7
1534 5
5410 1
1535 14
1536 6
1537 6
1538 9
5414 1
1539 3
5415 1
160 3449
161 3307
162 3339
163 3442
164 3413
165 3310
166 3347
167 3327
168 3233
169 3271
1070 31
1071 33
1072 31
1073 34
1074 28
1075 25
1076 26
2860 1
1077 30
2861 1
1078 21
2862 1
1079 38
2863 4
2864 3
2865 1
2866 3
620 461
2867 2
621 422
622 446
623 439
624 472
625 412
626 402
627 402
628 429
629 401
1540 8
1541 5
1542 7
1543 7
1544 11
5420 2
1545 10
5421 1
1546 9
1547 3
5423 1
1548 2
5424 1
1549 7
170 3195
171 3294
172 3212
173 3266
174 3219
175 3257
176 3203
177 3280
178 3143
179 3159
4100 1
4101 1
4103 2
1080 34
4104 1
1081 38
4105 1
1082 33
4106 2
1083 33
4107 1
1084 31
4108 1
1085 25
4109 1
1086 22
2870 2
1087 28
2871 2
1088 27
2872 2
1089 31
2873 3
2874 1
2875 2
2876 2
2877 1
630 431
2878 1
631 398
2879 3
632 411
633 393
634 384
635 407
636 392
637 402
638 388
639 369
1550 8
1551 5
1552 7
1553 6
1554 2
1555 6
5431 1
1556 8
1557 4
5433 3
1558 5
1559 5
5435 3
5436 1
5437 3
5438 1
5439 1
180 3175
181 3140
182 3133
183 3136
184 3071
185 3140
186 3140
187 3135
188 3028
189 3145
4110 1
4111 1
4112 1
1090 39
4113 1
1091 26
1092 25
1093 31
1094 24
4117 1
1095 20
1096 25
2880 2
1097 26
2881 1
1098 21
2882 3
1099 24
2883 3
2884 3
2885 2
2886 1
2887 1
640 356
2888 4
641 376
6764 1
2889 3
642 372
643 368
644 393
645 360
6767 1
646 342
647 305
648 346
649 364
1560 8
1561 4
1562 5
1563 3
1564 3
1565 5
1566 4
5442 1
1567 6
5443 1
1568 8
5444 1
1569 3
5445 2
5446 2
5447 2
5448 1
190 3052
191 2979
192 3073
193 3055
194 2992
195 2945
196 2997
197 2964
198 3001
199 3024
4122 1
4124 1
4126 1
4127 1
2893 3
2894 3
2895 1
2896 2
650 350
2897 2
651 326
2898 2
2899 2
652 364
653 334
654 348
655 351
656 334
657 322
658 325
659 312
1570 7
1571 7
1572 1
1573 5
1574 3
1575 6
5451 1
1576 4
5452 2
1577 5
5453 1
1578 9
5454 1
1579 8
5457 2
5459 1
4131 3
4132 1
4133 1
4134 1
4135 1
4136 1
4138 2
660 322
661 314
6784 1
662 333
663 296
664 297
665 299
666 303
667 297
668 299
669 289
1580 6
1581 8
1582 1
1583 3
1584 5
1585 5
1586 8
1587 10
1588 9
1589 2
5465 1
4143 1
5924 1
4146 1
4148 1
670 272
671 278
672 295
673 248
674 305
675 277
676 270
677 281
678 244
679 243
4602 1
4606 1
4607 1
4608 2
4609 2
1590 7
1591 3
1592 9
1593 4
1594 8
5470 1
1595 4
5471 1
1596 8
1597 2
1598 6
1599 8
5477 1
4151 2
4152 1
4155 2
4156 2
4157 2
680 267
681 260
682 261
683 277
684 241
685 281
686 252
687 272
688 240
689 257
4612 1
4614 1
4619 1
5481 1
5484 1
5488 1
4161 1
4162 1
4164 2
5944 1
4166 1
4169 2
690 259
691 225
692 228
693 197
694 236
695 232
696 216
697 205
698 226
699 242
5493 1
5494 2
5498 1
3300 2
3301 1
3302 2
3303 2
3305 1
3306 2
3307 1
3308 1
3309 2
4174 2
4175 2
5957 1
4177 2
4179 1
4630 1
4633 1
4639 2
3310 1
3311 1
3312 2
3313 3
3315 2
3316 1
3317 1
3318 3
4181 2
7205 1
4183 1
7207 1
5966 1
4187 1
4641 2
4644 1
4645 2
4646 1
4648 1
3322 6
3323 2
3324 1
3325 1
3326 1
3327 2
3329 1
4191 1
4194 1
5975 1
4196 1
4197 1
5977 1
4198 1
4199 2
2000 3
2001 4
2002 4
2003 2
2004 1
2005 3
2006 5
2009 1
4650 1
4651 1
4653 1
4655 1
4659 1
3332 2
3334 2
3336 2
3337 2
3338 1
3339 3
5983 1
5987 1
2010 3
2011 3
2013 4
2014 2
2015 5
2016 6
2017 5
2018 2
2019 2
4660 1
4661 1
4663 1
4664 2
4666 1
4667 1
3341 2
3342 1
3345 3
3346 2
3347 1
3348 3
3349 1
5997 1
2020 6
3801 1
2022 2
3802 3
2023 2
3803 5
2024 2
3804 2
2025 4
3805 2
2026 3
2027 3
3808 1
2028 5
3809 1
4670 1
4671 1
4672 2
4673 1
4674 1
4679 1
3350 1
3351 1
3352 2
3355 2
3356 3
3357 1
3358 1
3359 1
7241 1
2030 1
3810 1
3811 2
2031 1
2032 3
3813 1
2033 2
3814 2
2034 3
3815 3
2035 9
2036 3
3817 1
2037 2
2038 2
3819 1
2039 5
4680 1
4681 1
4683 1
4685 1
4686 2
4688 1
4689 1
3360 1
3361 2
3362 2
3364 4
3365 1
3366 1
3368 1
3369 2
2040 2
3821 2
2041 3
2042 3
3823 2
2043 1
2044 2
3825 1
2045 3
3826 1
2046 2
2047 2
2048 1
3828 3
2049 1
4692 1
4693 1
4695 1
4696 2
4698 1
2500 2
2501 3
2502 1
2503 2
2504 3
2505 2
2506 1
3371 2
3372 3
3374 1
3375 2
3377 1
3378 3
3379 1
7267 1
2050 3
3831 1
2051 2
2052 2
2053 5
2054 3
3835 1
2055 3
3836 2
2056 4
2057 2
3838 1
2058 3
2059 2
2510 3
2511 2
2512 2
2513 1
2514 3
2515 1
2516 1
2517 1
2519 2
3381 3
3382 5
3383 4
3384 1
3385 2
3389 2
7275 1
3840 1
2060 3
3841 1
2061 1
2062 3
2063 2
3844 1
2064 3
2065 2
2066 4
2067 2
3847 1
2068 1
3848 3
3849 1
2069 2
2520 1
2523 1
2526 1
2527 1
2528 3
2529 1
3391 1
3395 2
3396 1
3398 1
3399 2
1200 12
1201 18
1202 22
1203 21
1204 15
1205 17
1206 18
1207 14
1208 12
1209 16
2070 6
3851 2
2071 3
2072 5
2073 3
3854 1
2074 3
2075 4
2076 3
3857 1
2077 3
2078 1
3859 1
2079 2
2530 1
2532 1
2533 1
2534 1
2535 1
2536 2
2539 5
1210 19
1211 19
1212 12
1213 24
1214 22
7296 1
1215 20
1216 15
1217 19
1218 19
1219 18
2080 1
3861 1
2081 6
2082 1
3863 1
2083 1
3864 1
3865 2
2085 1
3866 1
2086 7
2087 2
2088 5
2089 2
2540 1
2542 1
2543 2
2544 2
2545 1
2546 2
2547 1
300 2563
2548 2
301 2542
302 2589
303 2525
304 2557
305 2607
306 2573
307 2502
308 2584
309 2499
1220 13
1221 14
1222 15
1223 21
1224 27
1225 15
1226 11
1227 9
5103 1
1228 22
5104 1
1229 24
5105 2
5106 1
5108 1
5109 2
2090 4
2091 1
3872 2
2092 5
3873 1
2093 3
2094 1
3875 1
2095 2
3876 1
2096 4
2097 1
3877 1
3879 1
2099 2
2550 4
2551 2
2553 1
2554 1
2555 5
2556 1
2557 2
310 2673
311 2632
2558 1
2559 1
312 2592
313 2595
314 2600
315 2553
316 2599
317 2525
318 2585
319 2536
1230 14
1231 21
1232 21
1233 23
1234 15
5110 2
1235 19
1236 8
1237 16
5113 2
1238 21
1239 17
5115 2
5116 2
5117 1
5119 1
3882 1
3884 1
3885 1
3886 2
3887 2
3888 1
3889 2
7770 1
7776 1
2560 2
2561 2
2562 2
2563 3
2564 1
2565 1
2566 1
320 2519
321 2515
322 2669
323 2623
324 2663
325 2630
326 2678
327 2606
328 2682
329 2651
1240 11
1241 20
1242 11
1243 17
1244 18
1245 12
5121 3
1246 21
1247 14
5123 2
1248 12
6904 1
1249 13
5125 2
19 1
5126 1
6907 1
5129 2
3890 1
3891 4
3893 1
3894 1
3897 1
3898 2
3899 1
1700 5
1701 4
1702 2
1703 5
1704 8
1705 11
1706 5
1707 7
1708 3
1709 8
2570 1
2572 1
2573 3
2575 6
2576 2
2577 1
6452 1
330 2635
331 2552
2579 3
332 2731
333 2602
334 2486
335 2677
336 2694
337 2616
338 2692
339 2664
1250 21
1251 21
1252 21
1253 18
1254 17
5130 2
1255 19
1256 16
25 1
1257 20
5133 1
26 1
1258 14
5134 3
1259 15
5135 1
28 1
5137 1
5138 3
5139 1
1710 4
1711 7
1712 2
1713 2
1714 5
1715 5
1716 4
1717 5
1718 3
1719 5
2583 2
340 2587
2587 2
341 2633
342 2722
343 2647
6465 1
344 2791
345 2640
346 2567
347 2633
348 2618
349 2651
1260 18
1261 16
1262 11
1263 16
1264 18
33 1
5140 2
1265 10
34 2
5141 1
1266 15
35 1
1267 16
800 132
5143 2
1268 24
801 112
37 2
1269 14
802 104
803 114
39 1
5146 1
804 119
5147 1
805 98
5148 3
806 108
6929 1
5149 1
807 99
808 126
809 79
1720 4
1721 6
1722 4
1723 8
1724 5
1725 5
1726 9
1727 4
5603 1
1728 4
1729 2
2590 1
2591 1
2592 3
2593 2
2594 2
2595 2
2596 1
350 2551
2597 1
351 2613
352 2554
2599 2
353 2608
354 2599
355 2600
356 2628
357 2537
358 2561
359 2572
1270 17
1271 11
40 2
1272 14
1273 13
41 6
1274 11
42 5
5150 2
1275 14
43 12
1276 13
44 20
5152 2
810 104
1277 14
45 36
811 107
1278 18
46 52
812 99
5154 1
1279 17
47 74
5155 1
813 89
48 128
814 122
49 165
815 99
5157 1
5158 1
816 108
817 110
818 89
819 91
1730 1
1731 6
1732 4
1733 2
1734 5
1735 6
1736 7
1737 4
1738 4
1739 6
5616 2
360 2578
361 2579
362 2586
363 2527
364 2599
365 2573
366 2586
367 2575
368 2596
369 2466
1280 10
1281 11
1282 13
50 245
1283 12
51 345
1284 14
52 460
1285 18
53 613
5161 1
1286 15
54 759
5162 6
1287 23
55 842
820 110
5163 1
1288 17
56 1001
821 91
5164 3
1289 10
57 1167
822 90
58 1343
823 109
5166 1
59 1474
824 110
5167 1
825 100
5168 1
826 98
5169 1
827 101
828 95
829 87
1740 2
1741 2
1742 4
1743 10
1744 5
1745 5
1746 9
1747 4
1748 5
1749 6
5626 1
5627 1
6492 1
370 2507
371 2555
372 2502
373 2500
374 2475
375 2586
376 2584
377 2550
378 2477
379 2489
4301 1
4302 1
4304 1
4305 2
4306 2
4307 3
1290 9
1291 15
1292 14
60 1503
1293 19
61 1669
1294 11
62 1737
5170 1
1295 14
63 1949
5171 1
1296 13
64 1851
1297 5
65 1829
830 87
1298 17
66 1965
831 93
5174 2
1299 13
67 2072
832 97
68 2072
833 80
5176 1
69 2144
834 97
835 94
5178 2
836 101
5179 1
837 93
838 71
839 86
1750 8
1751 4
1752 6
1753 8
1754 3
1755 4
1756 2
1757 4
1758 4
5634 1
1759 6
5637 1
380 2544
381 2582
382 2574
383 2449
384 2532
385 2409
386 2416
387 2433
388 2476
389 2496
4311 1
4312 2
4314 2
4318 1
4319 1
70 2111
71 2092
72 2049
5180 2
73 1973
5181 2
74 1990
75 2010
840 84
76 2008
841 82
77 1975
842 100
5185 1
78 1985
843 90
79 1929
844 85
5187 1
845 84
846 76
847 76
848 70
849 77
1760 5
1761 5
1762 6
1763 3
1764 3
1765 2
1766 5
1767 4
1768 6
1769 5
390 2440
391 2341
392 2421
393 2396
394 2370
395 2482
396 2429
397 2385
398 2359
399 2305
4322 2
4323 2
4325 1
4326 1
4327 1
4329 2
80 1985
81 1981
82 1998
5190 1
83 2050
5191 2
84 2033
850 71
85 1979
5193 1
851 109
86 2099
5194 2
852 75
87 2051
5195 1
853 68
88 2116
854 83
5196 3
89 2155
5197 1
855 74
856 89
5198 5
5199 1
857 86
858 99
859 75
3002 4
3003 1
3005 2
3006 2
3007 1
3008 4
1770 5
1771 4
1772 3
1773 5
1774 4
1775 4
1776 4
1777 6
1778 3
1779 4
5655 1
5656 1
4330 1
4333 1
90 2188
91 2231
92 2347
93 2269
94 2315
95 2321
860 79
96 2468
861 73
97 2472
862 74
98 2469
863 68
99 2570
864 85
865 85
866 67
867 81
868 78
869 77
3010 2
3011 1
3012 1
3013 2
3014 1
3015 2
3017 1
3018 1
1780 3
1781 7
1782 2
1783 4
1784 5
1785 8
1786 7
1787 7
1788 5
1789 4
5665 2
5666 1
5669 2
4341 1
4343 1
4346 1
4347 1
4349 1
870 79
871 63
872 56
873 83
874 76
875 62
876 70
877 81
878 66
879 63
3020 3
4801 1
3021 2
4802 1
3024 1
3026 3
4806 1
4807 2
3027 1
3028 1
3029 3
4809 1
1790 5
1791 5
1792 3
1793 3
1794 8
1795 4
1796 5
1797 4
1798 5
1799 4
4354 1
4355 1
4356 3
4357 1
880 67
881 76
882 50
883 83
884 74
885 79
886 76
887 65
888 61
889 76
3031 2
3032 2
4813 1
3033 2
3034 2
3036 1
4816 2
3037 1
4817 1
3038 1
3039 1
5683 1
5684 1
5689 1
4362 2
4363 1
890 70
891 69
892 69
893 64
894 63
895 68
896 62
897 71
898 63
899 66
3040 1
3042 2
3045 1
3046 1
4826 1
4829 2
3049 2
3502 1
3503 2
3505 1
3506 1
3509 1
4370 1
4373 1
4374 1
4377 1
4378 1
3050 3
4831 1
3051 3
3053 2
3054 2
4835 1
3055 1
3056 2
3057 3
4838 1
4839 1
3510 2
3511 3
3512 1
3513 2
3518 1
3519 1
4380 1
4382 2
4384 1
4385 2
4386 1
7409 1
3062 3
4842 1
3063 1
3064 1
4845 1
3066 3
3067 1
3068 1
4848 1
3069 1
4849 1
3523 1
3524 1
3525 1
3527 1
3528 2
7412 1
4393 2
4398 1
4399 2
2200 2
2201 1
2202 1
2203 2
2204 3
2205 1
2206 3
2207 3
2208 3
2209 3
3070 1
3071 2
3072 2
4853 1
3075 2
4855 1
4856 2
3078 2
4858 1
3530 3
3531 3
3532 1
3533 1
3534 2
3536 1
3537 2
3538 1
2210 1
2211 2
2212 3
2213 4
2214 2
2215 6
2216 1
2217 2
2218 4
2219 5
3080 1
3081 1
4862 1
3083 2
4864 1
4866 2
3088 3
3541 2
3543 1
3545 1
3546 3
3548 1
3549 2
7435 1
2220 2
2221 2
2222 2
2223 1
2225 6
2226 3
2227 4
2228 1
2229 2
4870 1
4871 1
4872 1
3092 1
4874 1
3094 2
3095 1
3096 1
4876 1
4877 1
4878 1
3099 1
4879 1
3550 3
3551 4
3552 4
3553 1
3554 1
3555 1
3557 2
3559 1
7444 1
2231 1
2232 2
2233 1
2234 3
2235 2
2237 4
2238 1
4880 1
4881 1
4888 1
4889 1
3560 1
3561 1
3562 2
3563 1
3565 1
3567 1
3568 2
3569 2
2240 3
2241 5
2242 4
2243 2
2244 2
2245 4
2246 2
2248 1
4891 1
4892 1
4893 1
4894 1
4896 1
4899 1
2700 3
2701 1
2702 2
2703 1
2704 1
2705 2
2706 2
2708 6
2709 1
3570 2
3571 2
3572 3
3573 2
3575 1
3576 1
3578 1
2250 3
2251 3
2252 3
2253 1
2254 3
2256 3
2257 2
2258 4
2259 1
2710 5
2711 2
2712 1
2713 3
2714 4
2715 2
2716 2
2718 1
2719 3
3581 1
3583 1
3585 3
3586 2
3589 1
7472 1
2260 3
2261 1
2262 3
2263 5
2264 2
6140 1
2265 2
2266 3
2267 2
2268 2
7931 1
2720 1
2721 2
2723 3
2724 2
2725 1
2726 1
2727 2
2728 3
2729 2
3590 2
3594 1
3595 1
3596 1
3597 1
1400 9
1401 13
1402 12
1403 12
1404 7
1405 5
1406 11
1407 11
1408 9
1409 12
2270 2
2271 2
2272 2
2274 2
2275 1
2276 4
2277 3
2278 4
7943 1
2730 3
2731 3
2732 1
2733 3
2734 4
2735 1
2736 1
2737 2
2738 3
2739 5
1410 12
1411 14
1412 10
1413 13
1414 6
1415 19
1416 7
1417 8
1418 5
1419 12
2281 3
2282 2
2283 2
2284 2
2286 1
2287 3
2288 3
2289 6
2740 1
2741 1
2743 1
2744 2
2745 5
2746 1
500 1254
2747 3
2748 4
501 1288
502 1238
2749 6
503 1220
504 1142
505 1146
506 1224
507 1187
508 1164
509 1184
1420 12
1421 8
1422 6
1423 8
1424 5
1425 8
5301 1
1426 9
5302 1
1427 6
5303 1
1428 9
1429 6
5306 1
5309 1
2291 3
2293 3
2294 2
2295 2
2296 1
2297 1
2298 1
2299 1
2750 1
2751 3
2752 5
2753 1
2755 3
2756 2
2757 3
510 1229
2758 4
511 1137
2759 1
512 1038
513 1087
6636 2
514 1092
515 1128
516 1100
517 1090
518 1076
519 1069
1430 8
1431 11
1432 7
1433 8
1434 8
1435 3
5310 2
5311 1
1436 15
5312 2
1437 4
5313 1
1438 4
5314 1
1439 10
5316 2
5317 1
5319 1
6184 1
2760 2
2762 3
2763 3
2764 3
2765 2
2766 3
520 1052
2768 3
521 991
2769 5
522 961
523 1053
524 996
525 1010
526 1026
527 936
528 933
529 975
1440 7
1441 16
1442 10
1443 10
1444 11
5320 1
1445 11
1446 10
1447 5
1448 8
5324 2
1449 7
5325 1
5326 1
5327 1
6197 1
1900 7
1901 2
1902 5
1903 4
1904 6
4000 2
1905 2
4001 1
1906 2
1907 4
4002 1
1908 6
1909 6
4005 1
4006 2
4007 1
4008 3
2770 2
2771 3
2772 2
2773 2
2774 2
2775 1
2776 2
530 932
2777 1
531 1008
6654 1
532 974
2779 3
533 900
534 904
535 856
536 848
537 924
538 856
539 876
1450 4
1451 7
1452 18
1453 16
1454 5
1455 11
5331 1
1456 11
5332 1
1457 14
1458 3
1459 7
5335 1
5337 1
1910 6
1911 1
1912 5
1913 2
1914 7
1915 3
1916 6
4011 1
1917 4
4012 2
4013 2
1918 9
1919 2
4016 2
4019 2
2780 5
2781 2
2782 3
2783 2
2784 2
2785 2
6661 1
2786 5
540 905
2787 2
2788 1
541 859
542 827
543 869
544 909
545 830
546 813
547 800
548 834
549 816
1460 16
1461 11
1462 9
1463 6
1464 9
1465 7
5341 1
1466 9
1467 12
5343 1
1468 14
1469 8
5347 1
1920 4
1921 4
1922 3
1923 4
1924 2
4020 1
1925 2
4021 1
1926 3
1927 4
4023 2
1928 3
1929 3
4024 1
4025 2
4026 1
4028 3
4029 4
2790 1
2791 3
2792 3
2793 2
2794 3
2795 1
6670 1
2796 2
2797 2
550 813
2798 1
551 800
2799 2
552 767
553 743
554 711
555 750
556 748
557 760
558 739
559 708
1470 10
1471 9
1472 14
1473 9
1474 10
1475 8
1476 8
5352 1
1477 6
5353 1
1478 10
1479 10
5357 1
5358 2
5359 2
1930 3
1931 7
1932 3
1933 1
1934 1
1935 5
1936 2
1937 6
4032 1
1938 6
4034 1
1939 6
4036 1
4037 1
4038 1
560 697
561 720
562 730
563 678
6686 1
564 749
565 669
566 668
567 666
568 685
569 694
1480 11
1481 9
1482 12
1483 4
1484 5
1485 11
1486 8
1487 9
1488 10
1489 8
5366 1
5367 2
1940 4
1941 5
1942 3
1943 5
1944 2
1945 1
5820 1
4040 1
1946 2
4041 1
1947 3
4043 2
1948 2
1949 5
4046 2
4047 2
4049 1
570 668
571 628
572 640
573 646
574 634
575 615
6697 1
576 641
577 646
578 619
579 561
4506 1
4507 1
1490 8
1491 10
1492 9
1493 11
1494 5
1495 7
5371 1
1496 8
1497 7
5373 1
1498 11
5374 1
1499 7
1950 8
1951 5
1952 8
1953 1
1954 5
1955 4
4050 2
1956 2
1957 3
5833 1
1958 1
4054 1
1959 5
4055 1
5836 1
4058 3
4059 1
580 648
581 638
582 624
583 604
584 610
585 574
586 559
587 589
588 557
589 554
4511 1
4512 1
4513 1
4514 1
5381 2
5386 1
5387 2
5388 1
5389 1
1960 1
1961 2
1962 3
1963 5
1964 3
4060 3
1965 4
1966 2
1967 2
4062 2
4063 2
1968 5
1969 3
4068 1
4069 1
590 579
591 561
592 601
593 558
594 493
595 549
596 545
597 517
598 493
599 511
4521 1
4523 1
4529 1
5390 1
5391 1
5392 1
5394 2
5397 1
5398 1
3201 1
3203 1
3204 3
3206 1
3207 1
3208 1
1970 5
1971 6
1972 5
1973 3
1974 1
1975 1
1976 4
4072 1
1977 7
1978 4
1979 3
4075 1
4076 1
4077 2
4078 2
4535 1
3210 1
3211 1
3212 3
3213 2
3214 1
3216 3
3217 1
3218 1
1980 7
1981 1
1982 4
1983 4
1984 4
1985 5
1986 3
4081 1
4082 1
1987 5
1988 6
1989 3
4085 1
4086 1
4087 1
4088 2
4089 1
4541 1
4548 1
3220 2
3221 2
3222 2
3223 1
3224 3
3225 3
3226 1
3227 2
3229 2
1991 3
1992 2
1993 1
1994 3
5870 1
1996 3
1997 4
1998 5
4094 1
5874 1
1999 3
4095 1
4096 1
4097 2
4098 1
4550 1
4551 1
4552 1
4559 1
3230 1
3233 6
3234 1
3235 1
3238 4
3239 4
4561 2
4562 1
4564 2
4565 1
4566 1
4567 1
3243 3
3244 2
3245 1
3246 1
3248 1
3249 4
3700 1
3704 2
3705 1
3706 2
3707 1
3709 2
4573 2
4577 2
4579 1
3250 1
3252 1
3253 1
3254 1
3255 4
3257 1
3258 1
3259 3
3710 2
3711 2
3716 1
3717 2
3718 2
3719 1
4580 2
4581 2
4582 1
7606 1
4583 3
4584 2
4585 3
4586 1
4588 1
4589 1
3260 1
3261 3
3262 2
3263 1
3264 1
3266 3
3267 2
3268 2
3269 1
3721 1
3724 3
3726 1
3728 1
3729 2
4591 1
4593 2
4598 1
4599 2
2400 2
2401 3
2402 3
2403 3
2404 3
2405 2
2407 4
2408 2
2409 2
3270 1
3271 3
3272 1
3273 3
3274 3
3276 1
3277 2
3279 2
7161 1
3730 1
3731 1
3733 1
3735 1
3737 2
3738 1
3739 1
2410 4
2411 2
2412 1
2413 2
2414 3
2415 1
2416 3
2417 2
2418 1
2419 1
3281 1
3282 1
3283 1
3284 1
3286 2
3288 2
3289 3
3740 2
3741 1
3743 1
3744 2
3745 3
3746 4
3747 1
3748 1
3749 2
7633 1
2420 5
2421 2
2422 2
2423 3
2424 3
2425 3
2426 9
2428 1
2429 2
6305 1
3290 3
3292 2
3293 1
3294 3
3295 1
3297 1
3298 1
3299 3
1100 33
1101 26
1102 21
1103 26
1104 19
1105 28
1106 28
1107 30
1108 32
1109 24
3750 2
3753 1
3756 1
3757 1
3759 3
2430 2
2431 1
2432 1
2433 6
2434 2
6310 1
2435 1
2436 2
2437 1
2438 1
2439 1
1110 31
1111 19
1112 24
1113 25
1114 30
1115 27
1116 35
1117 18
1118 19
1119 21
3760 3
3764 2
3765 1
3766 1
3767 1
3768 2
7651 1
2440 2
2441 2
2442 1
2443 4
2444 1
2445 4
2446 2
2447 1
200 2977
2448 1
201 2913
2449 2
202 2849
203 2967
204 2936
205 2959
206 2910
207 2843
208 2850
209 2881
2900 1
1120 32
2901 4
1121 30
2902 1
1122 24
2903 1
1123 20
1124 21
2905 1
5000 2
1125 26
2906 1
5001 1
1126 24
1127 26
2908 1
1128 20
2909 2
1129 18
5007 1
5009 3
3770 3
3772 1
3773 1
3774 1
3775 2
3778 1
2450 1
2451 3
2453 1
2454 2
2456 1
2457 1
210 2877
211 2763
2459 2
212 2873
213 2858
214 2777
215 2741
216 2724
217 2779
218 2805
219 2813
2910 3
1130 20
1131 30
2912 1
1132 14
2913 1
1133 24
1134 26
2915 2
1135 19
5011 1
2916 3
1136 24
2917 2
5012 2
1137 24
2918 1
1138 20
2919 1
5014 2
1139 19
5016 1
3782 2
3783 1
3784 1
3785 1
3788 2
3789 2
2460 3
2461 4
2462 3
2463 4
2464 3
2465 1
220 2814
221 2678
2468 3
222 2744
2469 2
223 2701
224 2732
225 2742
226 2877
227 2646
228 2746
229 2700
1140 21
2920 3
1141 29
2921 4
2922 2
1142 17
1143 15
1144 27
2924 2
5020 1
2925 2
1145 17
2926 2
5021 2
1146 23
2927 1
1147 32
5023 1
1148 32
2929 1
5024 1
1149 21
5026 1
5027 1
3792 2
3794 2
3796 1
3798 1
3799 1
1600 9
1601 4
1602 6
1603 7
1604 7
1605 3
1606 8
1607 4
1608 1
1609 3
2470 2
2471 4
2472 2
2473 1
2474 5
2475 2
2476 1
2477 1
230 2640
2478 1
231 2682
232 2604
2479 2
233 2640
234 2663
235 2692
236 2655
237 2715
238 2599
239 2625
2930 2
1150 19
1151 12
2932 1
1152 26
2933 3
1153 21
2934 3
1154 22
2935 2
1155 21
5031 1
2936 3
1156 20
1157 20
2938 2
5033 2
1158 28
2939 1
1159 18
5035 1
5036 2
5037 3
5039 2
1610 4
1611 2
1612 7
1613 4
1614 8
1615 7
1616 7
1617 6
1618 5
1619 5
2481 4
2482 1
2483 1
2484 2
2485 4
2486 1
2487 1
240 2594
2488 1
241 2575
2489 3
242 2561
243 2579
244 2620
245 2677
246 2638
247 2606
248 2614
249 2550
2940 1
1160 21
1161 14
2942 1
1162 20
2943 1
1163 21
2944 1
1164 27
2945 6
1165 13
2946 2
1166 27
5042 1
2947 1
1167 22
700 249
5043 1
2948 2
1168 19
701 254
5044 1
2949 1
1169 23
702 202
5045 1
703 221
5046 1
704 214
705 225
5048 1
706 209
707 210
708 250
709 215
1620 4
1621 7
1622 8
1623 5
1624 3
1625 6
5501 1
1626 2
5502 1
1627 8
1628 8
1629 3
5504 1
2490 2
2491 1
2493 2
2494 1
2496 2
2497 3
250 2613
2498 1
251 2578
2499 1
252 2571
253 2553
254 2633
255 2505
256 2544
257 2614
258 2638
259 2594
2950 1
1170 17
2951 2
1171 18
2952 3
1172 18
2953 1
1173 23
2954 4
1174 24
1175 20
5051 1
2956 3
1176 22
2957 4
1177 25
710 215
1178 20
711 228
2959 2
1179 25
712 205
5055 1
713 179
714 221
5057 1
715 213
716 225
5059 3
717 220
718 185
719 219
1630 5
1631 10
1632 5
1633 3
1634 3
5510 1
1635 7
1636 4
1637 6
1638 5
5514 1
1639 6
5516 1
260 2581
261 2545
262 2479
263 2433
264 2657
265 2517
266 2531
6389 1
267 2505
268 2591
269 2566
2960 1
1180 17
1181 19
2961 2
1182 21
1183 17
2963 1
1184 19
2964 1
1185 23
5061 1
1186 20
2967 1
5062 2
1187 26
720 207
2968 1
5063 1
1188 27
721 179
1189 23
722 176
2969 1
5065 1
723 197
5066 4
724 164
725 200
726 187
727 186
728 176
729 179
1640 1
1641 7
1642 10
1643 9
1644 9
1645 7
1646 5
1647 7
1648 4
5523 1
1649 7
5525 4
5526 1
5527 1
270 2485
271 2539
272 2549
273 2508
274 2540
275 2521
276 2612
277 2534
278 2513
279 2478
4200 1
4201 1
4202 1
4203 1
4205 1
4207 1
2970 1
1190 24
2971 1
1191 13
2972 1
1192 21
1193 19
2974 1
1194 17
2975 3
1195 14
2976 4
5071 4
1196 19
730 162
1197 16
2978 3
731 182
1198 18
2979 1
732 165
5074 1
1199 22
733 198
734 147
735 184
5077 4
5078 1
736 144
737 166
738 180
739 212
1650 1
1651 6
1652 6
1653 4
1654 8
1655 6
1656 5
5532 1
1657 4
1658 5
5534 1
1659 8
5536 1
280 2585
281 2480
282 2511
283 2542
284 2541
285 2600
286 2604
287 2602
288 2577
289 2567
4210 2
4214 1
4215 2
4216 1
4218 1
4219 1
2980 1
2982 1
2984 2
5080 1
5081 1
740 192
2988 4
741 166
5084 1
6864 1
742 154
743 173
744 168
745 168
5088 1
746 152
747 158
748 155
749 162
1660 5
1661 6
1662 3
1663 3
1664 5
5540 1
1665 5
1666 8
1667 5
5543 1
1668 5
1669 4
5547 1
5548 1
290 2637
291 2584
292 2626
293 2551
294 2637
295 2662
296 2621
297 2489
298 2660
299 2537
4220 2
4223 1
4225 2
4228 1
4229 2
2990 1
2991 1
2992 2
2994 2
5090 1
2996 1
5092 1
750 156
2998 1
751 141
2999 2
752 166
753 168
754 131
755 144
756 156
757 140
758 134
759 141
1670 4
1671 8
1672 4
1673 4
1674 3
1675 3
1676 4
1677 9
1678 8
1679 3
5555 1
5557 1
4230 1
4233 2
4234 2
4235 2
4237 2
4238 1
760 146
761 149
762 141
763 144
764 137
765 132
766 127
767 132
768 138
769 124
1680 8
1681 3
1682 7
1683 1
1684 3
1685 3
1686 4
1687 11
1688 2
5563 1
1689 3
4242 1
4244 1
4245 1
4246 1
4247 1
4248 1
4249 1
770 152
771 131
772 137
773 137
774 122
775 114
776 121
777 119
778 132
779 137
4707 3
4708 1
4709 2
1690 4
1691 2
1692 5
1693 6
1694 5
1695 4
5571 1
1696 4
5572 1
1697 5
1698 4
4250 2
4252 1
4253 1
4257 1
4259 1
780 119
781 121
782 131
783 120
784 130
785 117
786 137
787 102
788 105
789 113
4713 1
4714 1
4716 1
5584 1
5586 1
5589 1
4260 1
4261 1
4263 1
4265 1
4267 3
4268 1
4269 1
790 122
791 117
792 108
793 112
794 110
795 113
796 112
797 100
798 126
799 104
4729 1
5595 1
3400 2
3401 1
3402 2
3403 1
3404 1
3405 1
3407 2
3408 1
3409 3
4272 1
4273 1
4274 1
4275 1
4277 1
4278 1
4279 2
4730 1
4732 1
4733 1
4735 1
4737 1
3410 1
3411 2
3412 1
3413 1
3414 1
3416 1
3418 1
4280 2
4281 1
4284 1
4285 1
4289 2
4746 2
4747 1
3420 2
3421 1
3422 1
3426 1
3427 1
3429 1
4290 1
4296 4
4297 1
4298 2
4299 1
2100 1
2101 5
2102 2
2103 3
2104 2
2106 3
2107 2
2108 2
2109 1
4750 1
4751 1
4756 1
4759 3
3430 1
3433 1
3435 3
3436 2
3437 1
3439 1
2111 1
2112 4
2113 4
2114 2
2115 7
2117 3
2118 4
2119 3
4763 1
4764 1
4766 1
4768 1
3440 3
3441 2
3442 1
3443 1
3445 1
3447 3
3448 1
3449 2
7331 1
2120 1
3901 1
2121 3
2122 3
3903 1
2123 4
2124 3
2125 5
2126 4
2127 2
3907 2
2128 1
2129 2
4772 1
4776 1
3450 3
3452 4
3455 1
3456 1
3458 2
3459 1
7342 1
3910 1
2130 6
3911 1
2131 1
3912 2
2132 1
3913 2
2133 2
3914 1
2134 3
3915 1
2135 2
3916 2
2136 4
2137 5
2138 1
3919 1
2139 1
6015 1
4783 1
4784 1
4787 1
4789 1
3460 3
3461 1
3462 1
3463 2
3464 1
3465 4
3467 2
3468 1
3469 1
2140 2
2141 2
3921 2
2142 3
3922 1
2143 1
3923 1
2144 4
3924 2
2145 6
3926 1
3927 1
2147 2
2148 6
3929 1
2149 5
6026 1
4791 1
2600 4
2601 3
2602 1
2604 2
2605 2
2606 1
2608 1
3470 1
3471 1
3474 1
3475 1
3476 1
3477 1
3478 2
3479 2
2150 3
3931 1
2151 3
3932 1
2152 1
3933 3
2153 2
2154 3
3934 1
3935 1
2155 5
2156 5
2157 3
3937 1
3938 1
2158 4
3939 1
2159 3
6036 1
2610 2
2611 3
2612 2
2613 3
2614 1
2615 1
2616 3
2619 1
3481 2
3482 3
3484 1
3485 3
3488 2
3489 2
2160 4
3941 1
2161 3
3942 1
2162 2
3943 1
2163 4
2164 2
3945 2
2165 6
3946 2
2166 7
3947 1
2167 4
2168 3
3949 1
6044 1
2169 1
2620 3
