2226 1
3841 1
6414 1
80 2
700 2
741 2
782 1
783 1
701 1
81 3
742 4
702 1
743 2
82 2
784 1
83 3
470 6
430 4
745 2
84 3
471 3
85 2
787 1
472 6
431 6
4801 1
432 5
86 1
473 3
706 4
433 3
789 1
87 3
474 6
707 3
1921 1
88 1
749 2
434 2
475 2
160 9
89 4
4804 1
709 2
435 6
476 5
161 3
120 8
436 6
121 8
477 5
162 4
1923 1
1691 1
4847 1
437 4
122 10
478 5
163 7
1925 1
123 4
479 5
438 8
164 8
165 2
439 10
124 11
1612 1
4809 1
166 9
125 3
126 8
167 6
1614 2
127 4
168 5
169 10
128 8
1616 1
1342 1
1698 1
129 5
4224 1
1302 1
1618 1
1619 2
1386 2
1387 1
1305 1
1349 2
1308 1
1309 1
2962 1
2921 1
2652 1
2927 1
2969 1
2381 1
2383 1
5265 1
2658 1
2071 1
3966 1
3699 1
3303 1
3077 1
860 1
820 1
861 2
822 1
863 2
590 1
864 2
550 1
591 2
865 1
824 4
592 2
866 2
551 4
825 1
510 2
511 3
826 2
552 2
868 1
512 3
594 1
553 3
827 2
513 4
554 4
280 4
869 2
595 2
828 3
596 2
4965 1
829 2
240 5
514 2
281 6
555 5
556 2
597 1
241 4
200 4
282 3
515 3
557 2
283 5
516 3
242 5
201 10
558 2
1730 1
4612 1
517 2
599 2
243 2
284 5
202 6
559 1
285 3
244 4
203 7
4655 1
519 2
1773 2
245 5
286 4
204 7
1732 1
205 6
1733 1
246 7
287 4
206 5
247 6
288 6
248 8
289 6
207 7
249 3
4659 1
1777 1
1462 1
208 3
1463 1
209 4
1423 1
1190 2
1739 2
1150 1
1465 1
1110 1
1111 1
1153 1
1154 1
1428 2
4078 1
1197 2
1115 1
1157 3
1198 1
4039 1
1199 1
1117 1
1158 2
1118 1
2774 1
5300 1
2461 1
5385 1
1070 1
5070 1
1071 1
1031 1
5032 1
2466 1
1074 1
5034 1
1076 1
2468 1
1078 1
5039 1
2157 1
2116 1
2117 1
6382 1
3775 1
3191 1
3115 1
980 1
940 2
941 3
982 2
942 1
983 2
943 1
902 1
944 1
985 1
670 1
904 1
630 2
945 3
672 2
987 2
946 3
631 4
906 2
673 3
632 2
948 1
633 1
674 2
989 1
949 2
675 1
908 1
634 2
360 5
676 1
320 3
635 2
909 1
361 5
677 1
636 3
362 6
321 7
678 2
363 7
322 7
637 2
679 3
638 2
364 4
323 7
639 3
324 5
1893 1
365 4
366 7
325 6
1580 1
4421 1
367 4
326 5
327 1
1581 1
368 4
4779 1
369 6
328 11
1501 1
329 6
1542 1
1816 1
1898 1
1543 2
1271 1
1230 3
1231 1
4429 1
1273 1
1232 1
1547 1
1507 1
1275 1
1235 1
1236 1
1278 1
1279 1
1238 1
5770 1
5773 1
5732 1
5420 1
5151 1
2502 1
5425 1
2271 1
5113 1
5154 2
5114 1
5119 1
3894 1
6194 1
3271 1
790 1
750 1
792 1
751 1
90 4
710 1
711 1
91 4
753 1
712 2
794 1
92 4
93 5
713 2
480 5
796 1
755 1
94 7
440 5
95 9
400 6
482 3
715 4
441 5
798 1
442 4
96 11
483 3
401 6
717 1
758 2
97 7
484 4
443 8
402 8
1931 1
403 5
485 5
170 4
444 2
718 2
759 2
98 6
445 4
4540 1
1973 1
99 5
171 5
719 2
486 6
404 8
130 5
1974 1
487 8
172 6
446 3
405 7
131 7
488 4
447 3
406 4
132 3
173 2
448 4
489 3
174 4
407 7
133 8
1621 1
134 4
449 4
1977 1
175 7
408 2
409 4
176 6
135 9
177 5
136 7
1939 1
1391 1
178 4
4506 1
137 8
138 7
179 7
139 3
1668 1
1394 1
1395 1
1355 1
1397 2
1398 1
1359 1
5812 1
5541 1
5543 1
2977 1
5233 1
2666 1
2626 1
5235 1
2628 1
2081 1
2000 1
5238 1
2001 1
2042 1
2003 3
2045 1
2087 1
2007 1
2048 1
6816 1
3936 1
3351 1
3394 1
3398 1
3005 1
870 1
830 1
872 1
873 1
832 2
833 1
875 1
834 1
876 2
520 1
561 4
836 1
877 1
521 2
562 2
563 2
878 1
522 6
290 6
838 2
564 1
523 2
565 1
524 1
250 3
839 2
291 5
566 2
251 3
292 5
525 4
210 6
567 3
252 3
293 6
526 4
211 4
1740 1
4937 1
527 1
568 1
212 1
1781 4
294 5
253 4
213 3
295 3
528 3
254 7
1701 1
214 4
529 2
296 12
255 8
4666 1
256 4
297 5
215 4
298 3
257 5
216 2
299 5
258 3
217 5
1787 2
1746 2
259 5
218 2
1473 1
219 4
1474 2
1707 1
1475 2
4043 1
1161 2
1121 2
1163 2
1478 1
1123 1
1164 1
1438 1
1124 2
1165 1
1125 2
1167 1
1127 2
1128 1
1129 2
5352 1
5393 1
1080 1
1081 1
1040 1
2474 1
1041 2
1083 1
1042 1
1043 1
1084 1
2161 2
1002 1
5359 1
1003 1
5085 1
1086 1
5319 1
1046 1
1047 1
1088 2
1006 2
1007 1
5007 1
1049 1
2126 1
3744 1
3120 1
3122 1
991 1
3168 1
3128 1
910 1
951 1
992 3
911 1
993 2
953 1
912 2
954 1
680 2
681 2
640 2
641 4
600 4
915 3
997 1
957 2
683 2
998 2
916 1
601 2
684 1
602 2
917 4
958 1
643 3
644 2
603 3
685 2
918 2
370 10
645 1
686 1
371 5
604 2
330 5
605 4
331 5
687 3
646 3
372 8
606 1
332 4
373 2
688 3
647 3
607 2
689 2
4702 1
648 1
374 2
333 2
4785 1
649 1
375 6
334 7
609 3
376 3
335 8
377 4
336 8
1550 2
378 5
337 7
1592 1
379 8
338 4
339 5
1280 1
1869 1
1282 1
1241 1
1557 1
1242 1
1517 1
1284 1
1599 1
1202 3
1244 1
1285 3
4128 1
1206 1
1248 1
1207 2
5474 1
2593 1
5435 2
2828 1
5436 2
2516 1
2599 1
2286 1
5128 1
2206 1
3827 1
6168 1
760 2
761 4
762 2
722 1
62 1
490 2
723 1
724 1
765 2
491 3
450 7
725 1
410 8
766 1
451 12
767 1
411 8
493 4
452 9
768 1
494 3
727 2
453 3
412 3
769 1
454 5
495 4
413 6
67 2
180 7
496 2
414 5
455 3
181 7
729 2
140 5
182 2
456 3
69 2
497 4
141 10
415 9
100 7
1984 2
1903 1
142 10
498 8
457 3
183 4
416 5
101 5
4868 1
458 9
102 8
499 3
184 13
417 7
143 7
103 2
4280 1
459 2
185 4
418 8
144 5
104 6
186 4
419 6
145 8
1989 1
1674 1
146 6
187 10
105 8
1675 1
147 6
188 9
106 7
107 5
189 6
148 5
1909 1
1677 1
4285 1
1321 1
1636 1
149 12
108 8
1322 1
109 5
1364 1
1323 1
1365 1
1368 1
1328 1
2943 1
2671 1
5280 1
5200 1
5282 1
2674 1
5516 1
2363 1
5248 1
2052 1
2368 1
2015 1
2059 1
3944 1
3674 1
3908 1
3639 1
880 1
840 1
881 2
800 1
883 1
801 1
842 3
802 1
843 1
803 3
570 1
885 1
844 1
530 4
571 2
887 4
531 8
805 4
847 1
532 2
573 3
806 2
848 1
574 1
807 2
533 4
260 4
808 2
849 3
575 3
534 5
809 1
220 1
261 7
535 6
536 3
262 4
577 1
221 8
263 5
537 2
578 1
222 4
538 1
1710 3
264 5
223 3
1711 1
4949 1
539 2
265 3
224 4
4909 1
266 6
225 7
267 1
226 5
227 5
268 5
1714 1
1797 1
228 2
269 6
1757 1
229 4
4092 1
1799 1
1759 1
4094 1
4053 1
1445 2
1130 1
1405 1
4369 2
1406 2
1447 1
1448 1
1489 1
1407 1
1133 1
1134 1
1135 1
1176 1
1136 1
1178 2
1138 2
1139 1
5985 1
2710 1
5949 1
2713 1
5321 1
1091 1
1051 1
1092 1
2170 1
5326 1
2403 1
2404 1
1094 1
1012 1
1054 2
1013 1
1055 1
1014 1
5055 1
1099 1
1019 1
2139 2
3792 1
3755 1
3481 1
3714 1
3443 1
3170 1
6367 1
3409 1
960 2
961 1
920 2
962 1
922 1
964 2
690 1
923 3
924 1
650 2
965 1
692 3
651 2
693 1
926 3
611 4
653 1
694 1
927 1
612 2
969 1
928 1
695 1
613 1
654 2
380 8
614 1
929 1
655 3
696 3
381 8
340 8
656 2
382 6
300 5
697 4
615 7
341 6
301 2
1870 1
616 1
342 3
698 3
657 3
383 8
617 2
302 6
699 2
658 4
384 5
343 8
659 1
1872 1
303 6
344 6
385 4
386 4
619 1
345 10
304 5
4482 1
1874 1
346 8
305 7
387 7
1834 1
306 5
388 8
347 6
307 4
389 5
348 7
308 2
1521 1
349 9
309 4
4404 1
1523 1
1524 1
1291 1
1250 1
1210 1
1292 2
1211 2
1214 1
1296 1
1255 1
1215 1
1298 1
1257 2
1218 1
1219 1
5791 1
2830 1
5441 1
5400 1
5401 1
5402 1
5170 1
5406 2
2525 1
2292 1
5134 2
2528 1
2214 1
2255 1
2218 1
3560 1
3835 1
770 2
771 1
730 1
731 1
772 2
773 1
732 2
71 1
774 1
72 2
733 3
73 3
775 1
460 4
734 2
420 1
461 4
736 2
4872 1
777 1
75 2
421 6
463 4
422 3
76 1
1991 1
737 2
738 1
464 3
779 2
1910 1
190 4
423 4
465 3
1993 1
191 2
424 6
78 2
150 8
79 2
110 3
425 9
192 2
466 2
151 9
111 3
426 3
467 8
193 6
152 12
1996 1
1640 1
1914 2
153 6
427 2
468 3
194 6
112 6
1915 1
154 5
469 7
428 6
195 7
113 4
1916 1
429 5
196 4
155 1
114 6
1917 1
197 3
156 6
115 7
1644 1
4252 1
157 3
116 2
1370 1
1685 1
198 6
199 3
117 4
158 11
159 5
118 5
119 9
1376 1
1609 2
1336 1
5832 1
5520 1
2681 1
5523 1
5211 1
2644 1
2331 1
5213 1
2605 1
5215 2
5216 1
5299 2
2062 1
2336 1
2021 1
2022 1
2065 1
2067 2
2027 1
2069 1
3022 1
3025 1
890 1
851 1
892 1
810 2
893 1
811 2
852 1
812 1
813 2
895 1
580 4
854 1
814 1
896 2
855 2
581 2
540 3
815 1
541 2
897 1
582 2
856 2
500 4
501 2
816 2
542 1
502 1
899 4
858 1
543 2
818 1
544 2
270 3
585 3
503 3
545 1
586 2
271 5
504 3
230 6
546 3
231 5
272 5
505 4
4642 1
273 2
232 4
547 2
1761 1
274 5
589 2
548 3
507 4
233 4
549 3
1762 1
275 6
508 4
234 6
509 2
235 4
276 9
4919 1
236 5
277 3
237 2
1491 2
278 2
1725 1
279 3
238 2
4333 1
1410 1
239 4
1412 1
4336 1
1495 3
1140 1
1455 2
1729 1
1141 1
1100 2
1416 1
1101 1
1498 2
1144 1
1103 2
1187 2
1106 1
1189 1
2760 1
5685 1
5330 1
5605 1
2724 1
1060 1
1061 1
5609 1
5337 1
1022 1
2140 1
1063 1
1023 2
1065 1
1066 2
5067 1
1026 1
2145 1
2105 1
2146 1
2148 1
3727 1
6065 1
3103 1
971 2
931 2
932 1
933 2
975 1
660 2
661 1
935 2
620 3
936 2
662 2
621 4
977 2
937 1
978 2
663 1
622 3
979 3
938 1
664 3
390 7
623 2
624 1
391 5
350 5
665 3
4761 1
625 2
310 5
666 4
392 7
351 8
667 1
1880 1
393 5
626 3
352 4
311 4
353 11
394 4
312 4
395 4
669 1
628 3
354 7
313 10
629 1
396 7
314 9
355 5
1842 1
1884 1
397 6
356 9
315 10
1885 2
398 2
357 3
316 6
1845 1
358 5
399 5
317 4
318 4
359 4
1805 1
1847 1
319 7
1807 1
1889 2
1575 2
1849 1
4417 1
1220 1
1536 1
1262 1
1221 1
1263 1
1579 1
1266 2
1225 1
1226 2
1269 1
1229 1
2843 1
2802 1
2846 1
5454 1
2573 1
5181 1
5417 1
2261 1
5458 2
5145 1
5188 1
5107 1
