3840 1
6450 1
3802 1
3885 1
3803 1
3806 1
3262 1
780 1
781 3
740 2
782 2
80 1
741 1
81 1
742 2
783 3
701 4
743 2
784 2
82 1
470 3
83 1
703 3
745 3
430 3
471 5
84 3
704 2
786 2
705 1
472 2
431 7
747 2
706 1
473 2
86 2
432 6
433 8
748 3
87 4
474 9
707 3
1962 1
749 1
708 1
88 5
475 6
434 8
160 4
709 1
476 8
120 8
89 4
435 6
161 4
162 9
477 5
436 11
121 7
1691 1
478 3
437 2
122 11
163 4
1925 1
479 7
438 6
164 10
123 12
439 11
165 9
124 7
166 5
125 10
4221 1
126 9
167 6
127 8
168 9
1382 2
128 6
169 10
1657 1
129 6
1617 1
1303 2
1304 1
1387 1
1347 2
1309 1
5531 1
5532 1
5263 1
2381 1
2617 2
2343 1
5266 1
2070 1
5226 1
2386 1
2347 1
2032 2
2074 1
2308 1
2078 1
3345 1
3386 1
3389 1
861 2
821 1
862 1
863 1
590 4
823 1
591 3
550 7
592 2
510 4
866 1
825 1
511 5
593 2
552 6
594 1
512 3
553 3
868 1
828 1
595 1
554 4
513 6
280 8
869 1
240 1
555 3
596 3
514 3
281 5
515 7
241 4
597 4
282 5
200 4
557 1
598 4
283 4
242 6
516 2
201 5
1730 1
517 5
558 2
599 1
284 6
243 4
202 7
285 1
518 4
244 5
203 5
559 4
519 1
286 4
245 5
204 7
4615 1
205 5
246 6
287 9
4342 1
206 6
247 5
288 7
248 2
289 7
207 9
249 8
208 9
209 6
1463 1
1423 1
1738 1
4306 1
1150 1
1192 1
1111 1
1153 1
1112 1
1428 1
1155 1
1196 1
1198 1
1157 2
1117 1
1159 1
5692 1
2771 1
5695 1
5380 1
5340 1
2732 2
5383 1
2736 2
1030 2
1071 3
1072 1
5346 1
5388 1
2191 1
1073 1
1074 1
2110 1
1075 1
5034 2
5309 1
2427 1
5036 1
1036 3
1039 1
3730 1
3731 1
3463 1
3778 1
980 1
940 3
900 1
983 1
901 1
984 1
902 1
985 1
670 1
944 1
671 1
945 1
630 1
904 2
631 2
672 4
946 2
987 1
947 1
906 1
632 3
673 2
988 2
907 1
989 1
674 1
948 2
675 2
634 4
360 5
676 1
635 2
909 2
361 4
320 5
677 2
362 7
321 4
637 1
678 2
322 4
363 6
323 3
364 2
679 3
638 4
1852 1
1893 1
639 1
365 6
324 5
366 4
325 5
367 10
326 12
368 3
327 5
369 7
4423 1
328 7
1542 1
329 2
1502 1
1899 1
1544 1
1231 1
1546 1
1508 1
1549 1
1276 1
1277 1
1237 1
5731 2
5462 1
2813 1
2856 1
2898 1
5192 1
2544 1
2504 1
2231 1
5155 2
5115 1
5157 1
5116 1
5117 1
2277 1
2278 1
3896 1
3540 1
3500 1
3542 1
3233 1
791 1
751 1
710 1
90 1
752 1
793 1
91 3
712 1
794 2
92 4
93 3
480 4
754 2
713 2
714 1
755 2
4891 1
94 4
440 5
481 5
796 2
441 2
400 5
715 1
756 1
95 2
482 4
716 1
757 2
483 3
798 3
96 6
442 7
401 5
1930 1
799 2
443 8
97 5
484 6
402 5
98 2
444 3
759 2
170 4
485 4
718 1
403 6
719 1
4855 1
99 3
486 2
445 8
171 8
404 10
130 8
131 4
487 6
446 6
172 8
405 3
447 2
488 3
173 8
406 4
132 6
407 5
174 6
489 6
448 9
133 6
1662 1
134 8
449 4
175 5
408 6
1663 1
176 7
409 7
135 6
1664 1
136 6
177 11
137 8
1624 1
178 3
4507 1
179 12
138 5
1311 1
139 9
1312 1
1395 1
1354 1
1629 1
1315 1
1357 1
1398 1
5851 1
5585 1
2621 1
2622 1
5506 1
5548 1
5235 1
2359 1
2089 1
2007 1
3627 1
3669 1
3041 1
830 4
831 2
832 2
833 1
874 1
875 2
560 3
561 2
520 2
521 2
562 2
522 4
563 3
837 1
523 4
838 2
290 1
564 3
879 1
565 1
839 2
524 2
250 8
291 2
566 2
525 1
4976 1
251 7
210 5
292 4
252 6
211 3
567 1
293 6
526 7
294 5
212 3
568 4
253 4
527 4
569 1
213 2
295 4
528 5
254 6
255 3
296 3
214 7
529 3
215 2
297 7
256 7
216 3
298 4
257 5
299 1
217 5
258 1
259 2
1431 1
1787 1
218 2
1747 1
219 6
1474 1
1165 2
1125 1
1166 1
1128 1
5972 1
5973 1
2740 1
2741 1
5391 1
2743 1
5310 1
2702 1
5666 2
5353 1
1080 1
1081 1
5355 1
5397 1
1041 1
1000 1
1084 1
1002 1
1043 1
1044 3
1003 1
5086 1
2122 1
1046 2
1005 1
1006 1
1048 1
1007 1
1008 1
3787 1
6040 1
3161 1
3476 1
3163 1
951 1
993 1
911 1
952 2
953 2
994 1
680 1
954 2
914 2
640 1
915 1
641 3
600 4
683 2
916 1
957 1
998 1
601 2
958 2
602 2
684 5
999 1
918 1
685 2
644 3
603 3
370 6
371 3
604 2
330 5
686 4
646 1
605 3
331 10
687 3
372 6
4742 1
688 1
373 5
332 5
333 4
607 1
648 2
374 5
689 3
608 3
649 2
375 4
334 7
1822 1
376 5
335 3
609 3
4431 1
377 4
4787 1
336 10
378 3
337 7
4748 1
338 5
1551 1
379 5
4749 1
339 3
4435 1
1280 3
1240 1
1241 1
1282 1
1201 1
1516 1
1243 1
1599 1
1285 1
4167 1
1244 1
1246 2
1206 1
1247 1
1207 1
1249 1
5742 1
5431 1
2828 1
5437 1
2555 1
2515 1
2202 1
2245 1
3824 1
6160 1
3597 1
3283 1
3287 1
720 1
721 1
722 4
723 1
490 3
491 7
724 3
63 1
450 11
492 2
725 2
410 9
451 5
726 1
65 1
493 11
452 7
411 6
767 1
768 1
453 8
494 8
727 4
412 5
769 1
67 1
728 1
180 4
454 3
413 5
495 4
729 2
181 4
496 5
414 7
455 3
140 11
100 2
1902 1
415 6
497 2
69 2
456 9
182 5
141 12
498 3
457 6
183 11
416 7
142 12
101 11
1986 2
184 6
499 7
458 9
417 9
143 11
102 9
1987 1
418 7
185 6
144 7
103 8
4829 1
419 5
186 10
145 8
104 9
105 4
1989 1
187 5
146 4
106 6
1360 1
188 7
147 12
1320 1
189 9
148 8
107 9
1321 1
149 15
108 8
1637 1
1363 1
109 9
1323 1
1325 1
1327 1
1328 2
1329 1
5860 2
5865 1
5591 1
5512 1
5596 1
5283 1
5286 1
2323 1
5247 1
2369 1
3632 1
3054 1
3014 1
880 1
881 1
800 2
882 1
841 1
842 1
843 2
802 2
570 2
844 2
885 1
845 1
571 3
530 6
805 2
887 1
531 7
572 3
4901 1
573 2
847 1
888 1
532 9
806 2
848 1
807 1
889 2
574 2
533 4
534 1
849 2
260 4
808 2
575 4
261 2
220 8
535 2
576 1
4987 1
536 4
221 7
262 4
578 1
263 3
222 6
537 5
579 1
538 4
264 6
223 3
265 5
224 7
539 1
266 4
225 5
1480 1
226 5
267 7
1796 1
227 5
268 6
269 5
1715 1
228 5
229 7
1717 1
1486 2
1130 1
1171 1
4054 1
1487 1
1489 2
1175 1
1134 1
1135 1
1136 1
4019 1
1137 1
1138 1
1139 1
5673 1
5633 1
2712 1
2795 1
5324 1
5365 1
2402 1
1092 1
2403 1
1093 1
2404 1
1015 1
1056 1
2448 1
1016 1
1058 3
1019 1
2139 1
6360 1
3753 1
3136 1
960 1
920 1
962 1
922 1
964 1
690 2
923 2
691 1
965 1
650 2
610 1
966 1
925 2
651 2
692 3
693 1
652 1
611 2
967 2
612 2
653 2
968 1
654 2
969 2
695 1
928 1
380 5
655 5
696 1
614 3
381 4
929 3
340 3
300 3
697 1
4751 1
615 3
341 3
656 3
382 8
616 1
657 1
301 2
698 2
383 7
342 7
1871 1
699 2
658 1
343 7
384 5
302 5
617 4
618 2
659 1
303 2
385 5
344 6
386 2
345 5
304 6
619 2
387 6
305 5
346 4
388 6
306 5
347 4
307 9
389 5
348 6
1562 1
349 3
4403 1
308 8
309 2
1837 1
1523 1
1565 1
1291 1
4407 1
1525 1
1210 1
4448 1
1567 1
1252 1
1527 1
1212 1
1214 1
1215 1
1216 1
1299 1
1219 1
5793 1
5714 2
5757 1
5718 1
5130 1
2879 1
2255 1
3830 1
3874 1
6170 1
3526 1
3252 1
770 2
730 1
771 1
70 1
731 2
772 3
732 2
71 1
72 2
774 1
734 1
73 1
460 7
420 8
776 3
74 1
461 6
736 1
462 4
75 3
421 9
737 1
422 3
76 1
463 6
77 1
464 6
779 3
190 4
423 4
465 1
739 1
78 2
191 6
424 8
150 9
1953 1
79 1
4876 1
1912 1
466 6
192 7
425 3
151 7
110 3
467 7
426 7
193 6
152 13
111 4
194 2
153 8
468 8
427 5
112 8
1682 1
1600 1
1641 1
195 6
428 7
469 4
154 12
113 7
196 6
429 9
114 6
155 7
4565 1
156 8
1917 1
197 8
115 11
1644 1
1918 1
198 6
157 12
116 5
199 10
117 4
158 11
4569 1
1687 1
1605 1
159 13
118 13
119 8
1374 1
1334 1
1609 1
1376 1
1335 1
4217 1
1378 1
1379 1
5873 1
2955 1
5522 1
2681 1
5839 1
5250 1
5210 1
5525 1
5252 1
2918 1
2371 1
5296 1
5256 1
2377 1
3954 1
3996 1
3062 1
3023 1
3339 1
3067 1
891 1
892 1
811 3
893 2
812 1
580 1
813 2
854 2
581 1
855 1
540 2
814 2
896 1
582 1
500 5
541 5
897 2
856 1
583 1
542 4
501 5
857 3
543 5
584 3
502 2
544 3
503 6
818 1
585 4
586 1
545 6
271 6
504 4
230 6
505 2
4997 1
546 2
231 6
272 2
547 3
588 4
273 5
506 4
232 8
507 2
589 2
274 5
548 5
233 5
234 1
549 2
508 4
275 6
509 6
276 2
235 3
1490 1
277 4
236 3
1491 1
278 5
237 5
279 5
238 7
239 9
1767 1
4609 1
1727 1
1768 1
1180 1
4378 1
1456 1
1100 1
1182 1
1183 1
1416 1
1498 1
1184 1
1185 2
1145 1
1105 1
1106 2
1148 1
1149 1
1109 1
5913 1
5643 1
5603 2
5645 1
5330 1
5331 1
5333 2
1020 1
5377 1
5337 1
2181 1
1064 1
2183 1
1024 3
1066 2
1025 2
2419 2
1028 1
2187 1
2149 1
2108 1
3767 1
3456 1
931 1
973 2
660 1
934 2
975 2
935 1
620 1
661 1
976 2
662 2
621 2
936 2
978 1
937 1
622 1
623 2
938 2
664 3
390 8
939 2
665 2
391 5
624 5
350 2
666 2
310 5
625 2
392 5
351 5
667 1
626 1
393 11
352 6
311 8
627 2
668 5
394 9
353 6
312 4
395 15
628 2
354 4
313 5
1842 1
314 4
396 5
629 2
355 9
356 1
315 2
1802 2
397 9
4767 1
398 5
357 7
316 6
1571 1
1530 1
317 4
399 5
358 6
1846 1
359 10
318 5
1532 1
319 2
1847 2
4456 1
4141 1
1849 1
1264 1
1223 1
1538 1
1265 2
1225 2
5762 1
5453 1
5180 1
5458 1
5144 1
2263 1
5146 1
5188 2
