2621 3
2623 1
2624 2
2625 1
2627 1
2628 1
2629 1
3491 1
1300 7
1301 7
1302 9
1303 15
1304 7
1305 13
1306 5
1307 7
1308 7
1309 13
3950 1
2170 2
2171 2
2172 3
2174 3
2175 4
2176 3
2177 4
3958 1
2178 7
2179 4
2630 1
2632 1
2634 1
2635 1
2636 2
2637 1
2639 1
1310 8
1311 10
1312 9
1313 6
1314 8
1315 10
1316 5
1317 11
1318 14
1319 7
2180 4
3961 1
2182 2
2183 1
2184 3
3964 1
2185 2
2186 1
3966 1
2188 2
2189 5
2642 1
2643 1
400 1528
401 1534
2649 1
402 1486
403 1363
404 1433
405 1499
406 1429
407 1394
408 1439
409 1434
1320 6
1321 6
1322 7
1323 8
1324 11
1325 8
1326 5
1327 6
1328 12
1329 2
2190 3
2191 2
2192 6
2193 2
3974 1
2194 6
3975 1
2195 1
2196 3
3977 1
2197 2
2198 2
3979 1
2199 1
2652 1
2653 1
2654 1
410 1368
2657 3
411 1392
2658 2
412 1301
2659 2
413 1326
414 1274
415 1277
416 1269
417 1271
418 1234
419 1232
1330 7
1331 5
1332 8
1333 8
1334 12
1335 6
1336 4
1337 9
1338 5
1339 13
3981 1
3989 1
2660 2
2661 2
2662 1
2664 1
2666 2
420 1251
2667 1
421 1154
422 1151
2669 2
423 1160
424 1130
425 1203
426 1099
427 1159
428 1129
429 1111
1340 4
1341 9
1342 6
1343 4
1344 5
1345 4
1346 5
1347 5
1348 1
1349 4
3996 1
3997 1
1800 2
1801 3
1803 2
1804 3
1805 1
1807 1
1808 2
1809 5
2670 1
2671 1
2673 2
2675 1
2676 1
2677 2
430 1118
2678 1
431 1091
432 1060
433 1062
434 1086
435 1022
436 1022
437 1012
438 1022
439 1007
1350 5
1351 6
1352 5
1353 4
1354 2
1355 7
1356 6
1357 6
1358 6
1359 10
1810 3
1811 4
1812 2
1813 1
1814 1
1815 6
1816 3
1817 3
1818 4
1819 3
2680 1
2684 1
2685 2
2686 2
2687 2
440 1032
2688 1
441 954
2689 1
442 910
443 967
444 910
445 967
446 931
447 883
448 846
449 844
1360 6
1361 2
1362 7
1363 4
1364 7
1365 7
1366 8
1367 13
900 27
1368 10
901 29
902 29
903 25
904 25
905 28
906 31
907 29
908 29
909 18
1820 2
1821 2
1823 1
1824 1
1825 2
1826 1
1827 3
1828 5
1829 4
2690 1
2691 1
2692 2
2694 1
2695 1
2696 2
450 819
2697 2
451 880
452 865
453 809
454 813
455 850
456 799
457 776
458 803
459 726
1370 5
1371 6
1372 5
1373 6
1374 3
1375 4
1376 9
1377 6
910 42
1378 4
911 24
1379 5
912 31
5255 1
913 21
914 32
915 30
916 36
917 17
918 22
919 22
1830 3
1831 4
1833 4
1834 1
1835 2
1836 2
1837 4
1838 2
1839 2
460 756
461 767
462 760
463 664
464 726
465 727
466 722
467 680
468 678
469 683
1380 5
1381 7
1382 8
1383 5
1384 8
1385 2
1386 7
920 15
1387 7
921 21
1388 7
922 24
1389 6
923 22
924 35
925 32
926 23
927 33
928 24
929 31
1840 1
1841 3
1842 1
1843 1
1844 3
1845 3
1846 3
1847 2
1848 4
1849 5
470 643
471 642
472 638
473 645
474 642
475 650
476 590
477 589
478 613
479 610
1390 5
1391 2
1392 5
1393 4
1394 6
1395 6
1396 5
930 27
1397 7
931 25
1398 5
932 32
1399 6
933 21
934 22
935 21
936 29
937 31
938 28
939 30
1850 2
1851 2
1852 1
1853 4
1854 2
1855 3
1856 4
1857 3
1858 3
1859 1
480 563
481 594
482 527
483 529
484 610
485 578
486 604
487 549
488 511
489 542
4412 1
4417 2
4418 1
940 26
941 22
942 14
943 25
944 23
945 27
946 19
947 20
948 29
949 26
1860 2
1861 2
1862 6
1863 2
1864 4
1865 1
1868 3
1869 2
490 568
491 503
492 540
493 453
494 485
495 472
496 467
497 491
498 479
499 481
950 26
951 28
952 26
953 27
954 14
955 21
956 20
957 21
958 16
959 24
3100 1
3102 2
3103 1
3104 1
3105 1
3107 2
3109 2
1870 4
1871 1
1873 1
1874 4
1875 2
1876 4
1877 3
1878 2
1879 1
960 20
961 27
962 28
963 21
964 16
965 19
966 13
967 18
968 21
969 23
3112 1
3113 1
3114 2
3115 2
1880 1
1881 2
1882 1
1883 3
1885 2
1886 4
1887 1
1888 1
1889 2
4441 1
4449 1
970 24
971 24
972 35
973 30
974 22
975 21
976 19
977 16
978 19
979 13
3121 1
3122 1
3123 1
3126 1
3127 1
3128 1
3129 1
1890 2
1891 2
1892 1
1893 5
1894 5
1895 2
1896 2
1897 3
1898 4
4457 1
980 27
981 22
982 22
983 26
984 19
985 19
986 12
987 20
988 22
989 16
3130 1
3131 1
3132 1
3133 1
3134 2
3135 1
3136 1
3137 1
3138 1
3139 1
990 17
991 20
992 25
993 18
994 17
995 19
996 15
997 18
998 20
999 20
3141 2
3142 3
3145 1
3146 2
3147 1
3148 1
3149 2
3600 1
3601 1
3150 1
3151 1
3155 1
3156 3
3157 1
3611 1
3614 2
3615 1
3618 1
4487 1
3160 2
3163 1
3164 1
3166 1
3167 3
3621 1
2300 1
2301 1
2302 3
2303 1
2305 1
2306 2
2307 1
2308 2
2309 2
3170 5
3173 1
3174 2
3175 1
3176 2
3177 1
3178 2
3639 1
2310 1
2311 2
2312 2
2313 4
2314 3
2315 4
2316 3
2317 1
2318 4
2319 1
3183 1
3187 1
3188 1
3641 1
3644 1
3645 1
2320 1
2321 1
2322 1
2323 2
2325 2
2326 1
2328 1
2329 5
3190 2
3191 1
3192 1
3193 1
3195 1
3198 1
3650 1
3651 1
3655 1
3657 1
3659 2
2330 3
2331 2
2332 3
2333 2
2335 3
2336 2
2337 1
2338 4
2339 2
1000 20
1001 18
1002 13
1003 18
1004 12
1005 13
1006 19
1007 14
1008 19
1009 16
3666 2
3667 1
2340 3
2341 1
2343 3
2344 1
2345 3
2346 2
100 3613
2347 2
101 3774
102 3737
2349 2
103 3806
104 3844
105 3853
106 3806
107 3876
108 4039
109 3968
1010 15
1011 23
1012 14
1013 14
1014 15
1015 19
1016 16
1017 19
1018 16
2802 2
1019 10
2803 1
2805 1
2806 1
2807 2
2809 3
3671 1
3674 2
3676 2
3677 1
3678 1
2350 2
2351 3
2352 3
2353 2
2354 2
2355 4
2356 2
110 4041
2357 1
111 4034
112 4099
113 3938
114 4191
115 4105
116 4103
117 4025
118 4125
119 4154
1020 15
1021 20
1022 16
1023 22
1024 21
1025 19
1026 14
1027 18
2810 2
1028 16
2811 1
1029 24
2813 1
2814 3
2815 2
2817 2
2818 1
2819 1
3681 1
3682 1
2360 1
2361 1
2362 1
2364 2
2365 1
2367 1
120 4144
121 4200
2369 1
122 4138
123 4022
124 4110
125 4204
126 4147
127 4066
128 4061
129 4196
1030 21
1031 10
1032 16
1033 17
1034 13
1035 17
1036 19
2820 3
1037 9
2821 1
1038 16
2822 1
1039 18
2824 1
2826 1
2829 1
3690 1
3694 1
3697 1
1500 3
1501 5
1502 4
1503 5
1504 4
1505 4
1506 4
1507 2
1508 9
1509 6
2370 1
2371 1
2372 2
2373 2
2374 1
2375 1
2377 3
130 4117
2378 3
131 4158
132 4235
133 4052
134 4092
135 4053
136 4181
137 3937
138 4081
139 4172
1040 15
1041 12
1042 13
1043 11
1044 11
1045 18
1046 13
2830 2
1047 17
2831 2
1048 9
2832 1
1049 12
2833 2
2835 1
2836 1
2837 2
2839 5
1510 3
1511 6
1512 2
1513 5
1514 2
1515 1
1516 7
1517 4
1518 2
1519 2
2381 1
2384 3
2385 1
2386 5
140 3980
141 4022
2388 1
142 3990
2389 2
143 3941
144 3971
145 3965
146 4019
147 3969
148 3920
149 3750
1050 16
1051 17
1052 11
1053 14
1054 19
1055 16
1056 17
1057 16
2841 1
1058 15
2842 1
1059 12
2844 2
2845 1
2846 2
2847 3
600 171
2848 1
601 178
2849 1
602 186
603 169
604 175
605 154
606 161
607 163
608 170
609 157
1520 4
1521 5
1522 3
1523 3
1524 6
1525 6
1526 3
1527 4
1528 4
1529 5
2390 1
2391 1
2392 2
2393 1
2394 1
2395 1
2396 2
150 3989
2397 2
151 3918
2398 3
152 3863
2399 3
153 3880
154 3779
155 3795
156 3859
157 3737
158 3673
159 3787
1060 14
1061 24
1062 10
1063 18
1064 11
1065 10
1066 17
1067 17
1068 12
1069 17
2854 1
2856 3
610 166
611 143
2858 2
612 144
2859 1
613 169
614 152
615 155
616 150
617 145
618 149
619 147
1530 3
1531 4
1532 1
1533 1
1534 2
1535 3
1536 4
1537 5
1538 3
1539 5
160 3710
161 3712
162 3758
163 3643
164 3706
165 3726
166 3640
167 3661
168 3602
169 3686
1070 12
1071 12
1072 10
1073 10
1074 12
1075 14
1076 12
1077 15
2861 1
1078 10
1079 9
2864 2
2865 1
2866 3
620 133
2867 2
621 156
2868 2
622 143
623 135
624 139
625 127
626 131
627 127
628 142
629 132
1540 6
1541 5
1542 2
1543 3
1544 4
1545 4
1546 4
1547 6
1548 2
1549 3
170 3673
171 3568
172 3586
173 3533
174 3591
175 3678
176 3709
177 3542
178 3569
179 3580
1080 12
1081 14
1082 21
1083 19
1084 12
1085 12
1086 9
2870 1
1087 10
2871 1
1088 10
1089 4
2873 2
2874 1
2875 1
2876 2
2877 2
630 131
2878 1
631 130
2879 3
632 137
633 136
634 135
635 137
636 120
637 131
638 115
639 115
1550 2
1551 10
1552 3
1553 3
1554 4
1555 3
1556 7
1557 5
1558 4
1559 4
180 3506
181 3408
182 3606
183 3447
184 3592
185 3479
186 3490
187 3557
188 3462
189 3432
1090 14
1091 17
4114 1
1092 13
4115 1
1093 15
1094 13
1095 12
1096 11
2880 3
1097 15
2881 2
1098 13
2882 2
1099 20
2883 1
2884 1
2885 1
2887 3
640 121
641 123
2889 1
642 127
643 105
644 105
645 134
646 125
647 111
648 117
649 120
1560 12
1561 5
1562 9
1563 5
1564 7
1565 2
1566 2
1567 2
1568 3
1569 3
190 3369
191 3500
192 3422
193 3375
194 3342
195 3327
196 3361
197 3319
198 3436
199 3434
4122 2
2890 1
2892 3
2894 1
2895 3
650 98
651 111
2898 1
652 132
2899 2
653 105
654 108
655 110
656 119
657 108
658 107
659 115
1570 4
1571 3
1572 1
1573 3
1574 3
1575 7
1576 1
1577 3
1578 4
1579 3
4130 1
4135 1
4138 2
660 92
661 100
662 114
663 97
664 78
665 102
666 106
667 100
668 101
669 109
1580 4
1581 2
1582 2
1583 5
1584 2
1586 1
1587 3
1588 7
1589 3
4140 1
4145 1
4148 1
4149 1
670 89
671 98
672 90
673 92
674 80
675 92
676 106
677 94
678 81
679 81
1590 1
1591 2
1592 5
1593 6
1594 3
1595 3
1596 3
1597 4
1598 3
1599 5
4152 1
680 93
681 84
682 90
683 92
684 89
685 84
686 99
687 71
688 86
689 94
4163 1
690 90
691 91
692 84
693 88
694 92
695 64
696 89
697 71
698 76
699 71
3300 1
3301 1
3303 1
3309 1
4172 2
4174 1
4175 1
4178 1
4630 1
3311 1
3313 1
3315 2
3318 1
4183 1
4185 1
4186 3
4187 1
3321 2
3322 2
3325 1
3326 1
3329 1
4192 1
4195 1
2000 3
2001 3
2002 1
2004 4
2005 2
2006 1
2007 2
2008 3
2009 2
3330 1
3333 1
3334 1
2010 4
2011 3
2013 5
2014 3
2015 1
2016 2
2017 5
2018 6
2019 1
2020 1
3800 1
2021 2
2022 2
3803 1
2025 2
3805 2
2027 2
3807 2
2028 1
2029 1
4672 1
4678 1
3811 1
2031 4
3813 3
2033 1
2034 1
3816 1
2036 3
2037 2
2038 2
2039 1
3364 2
3367 1
3820 1
2041 2
2042 3
2043 1
2044 2
3825 2
2045 3
2046 1
2047 1
3828 1
2048 1
2049 1
2500 3
2502 1
2505 1
2507 2
2508 1
2509 1
3371 2
3374 1
3378 1
3830 2
2050 2
2051 2
3832 3
2052 1
2053 1
3834 1
2054 3
2055 3
3836 1
2056 2
3837 1
2057 4
2059 1
2510 1
2511 1
2514 2
2515 1
2517 3
2518 2
2519 1
3381 1
3382 2
3383 1
3384 1
2060 4
3840 2
3841 1
2061 1
2062 3
3842 1
2064 2
2065 2
2066 2
2067 2
2068 2
2069 4
2520 2
2523 1
2524 1
2526 2
2527 1
2528 1
2529 1
3390 1
3391 2
3393 1
3396 2
3399 1
1200 8
1201 11
1202 4
1203 12
1204 7
1205 9
1206 9
1207 6
1208 8
1209 10
3850 2
2070 1
3851 1
2071 2
3852 1
2073 1
2075 2
3857 1
2077 2
2078 1
3859 1
2079 1
2532 1
2534 2
2536 2
2537 3
1210 11
1211 13
1212 11
1213 5
1214 11
1215 5
1216 10
1217 8
1218 7
1219 9
3861 1
2081 5
3862 1
2082 1
2083 1
3864 1
3865 1
2085 4
2086 1
3867 1
2088 1
2089 2
2540 2
2541 1
2542 1
2543 1
2544 2
2546 1
300 3185
2547 1
301 3224
302 3209
2549 1
303 3157
304 3103
305 3193
306 3088
307 3066
308 3051
309 3070
1220 8
1221 4
1222 10
1223 7
1224 6
1225 8
1226 10
5102 1
1227 13
1228 13
1229 5
2090 3
3871 1
2092 1
2093 2
2094 3
2095 2
2096 3
3878 1
2098 2
2099 1
2550 1
2554 1
2555 1
2556 1
310 3002
2557 1
311 3009
2558 1
2559 1
312 2946
313 3003
314 2981
315 2874
316 2979
317 2933
318 2859
319 2897
1230 4
1231 12
1232 10
1233 6
1234 9
1235 8
1236 5
1237 7
1238 8
1239 13
3886 1
2560 2
2561 1
2562 2
2564 2
2565 1
320 2949
2568 2
321 2966
2569 1
322 2861
323 2881
324 2751
325 2926
326 2848
327 2795
328 2704
329 2800
1240 13
1241 7
1242 8
1243 7
1244 11
1245 7
1246 7
1247 13
1248 3
1249 7
3892 1
3895 1
3897 1
1700 5
1701 1
1702 3
1703 3
1704 4
1705 1
1706 4
1707 8
1708 6
1709 1
2570 2
2571 1
2572 4
2575 1
2576 2
330 2794
2578 1
331 2712
332 2841
333 2720
334 2646
335 2687
336 2739
337 2597
338 2616
339 2598
1250 16
1251 3
1252 7
1253 4
1254 9
1255 7
1256 9
1257 6
1258 5
1259 7
28 1
1710 4
1711 2
1712 2
1713 3
1714 4
1715 2
1716 3
1717 2
1718 5
1719 1
2583 1
2584 5
2586 1
340 2612
2587 1
341 2630
342 2609
2589 1
343 2549
344 2510
345 2529
346 2506
347 2566
348 2414
349 2489
1260 6
1261 7
1262 11
1263 9
31 2
1264 10
1265 4
33 1
1266 6
34 1
1267 8
35 1
800 40
1268 8
801 52
1269 10
802 37
38 3
803 56
39 2
804 37
805 36
806 44
807 40
808 34
809 38
1720 3
1721 8
1722 4
1723 3
1724 7
1725 1
1726 2
1727 2
1728 2
1729 2
2590 3
2595 1
2596 1
350 2479
2597 1
351 2270
2598 1
352 2399
2599 1
353 2338
354 2376
355 2370
356 2203
357 2199
358 2221
359 2266
1270 8
1271 11
1272 6
40 7
1273 13
41 15
1274 9
42 37
1275 8
43 56
1276 4
44 97
810 48
1277 7
45 128
811 45
1278 4
46 225
812 44
1279 12
47 303
813 39
48 442
814 51
49 495
815 44
816 43
817 36
818 30
819 34
1730 3
1731 5
1732 8
1733 3
1734 4
1735 1
1736 4
1737 4
1738 4
1739 3
360 2217
361 2230
362 2256
363 2111
364 2193
365 2134
366 2233
367 2155
368 2018
369 2083
1280 8
1281 8
1282 7
50 653
1283 8
51 777
1284 5
52 985
1285 8
53 996
1286 7
54 1164
1287 7
55 1297
820 31
1288 3
56 1419
821 33
1289 10
57 1529
822 38
58 1681
823 41
5166 1
59 1847
824 29
825 41
826 34
827 45
828 42
829 33
1740 2
1741 2
1742 3
1743 3
1744 5
1745 3
1746 1
5622 1
1747 2
1748 4
370 2051
371 2059
372 1984
373 1998
374 1969
375 1991
376 1885
377 1863
378 1959
379 1941
4300 2
4306 1
4308 1
1290 3
1291 6
1292 13
60 1997
1293 9
61 2052
1294 7
62 2198
1295 11
63 2384
1296 7
64 2216
1297 5
65 2290
830 37
1298 7
66 2302
831 38
1299 9
67 2328
832 29
68 2328
833 39
69 2362
834 33
835 37
836 37
837 34
838 38
839 31
1750 3
1752 3
1753 4
1754 5
1755 2
1756 2
1757 1
1758 4
1759 2
380 1849
381 1898
382 1838
383 1851
384 1828
385 1767
386 1675
387 1724
388 1666
389 1642
4311 1
4313 1
4316 1
4318 2
70 2313
71 2380
72 2467
73 2481
74 2380
75 2565
840 39
76 2561
841 48
77 2603
842 41
78 2595
843 28
79 2649
844 32
845 33
846 23
847 32
848 42
849 32
1760 6
1761 3
1762 2
1763 3
1764 3
1765 4
1766 8
1767 3
1768 1
1769 3
5647 1
390 1641
391 1660
392 1628
393 1643
394 1654
395 1586
396 1638
397 1569
398 1562
399 1565
4320 1
4321 1
4323 1
4327 2
4328 1
80 2720
81 2827
82 2813
83 2948
84 2880
850 38
85 2955
851 39
86 3088
852 30
87 3104
853 36
88 3212
854 41
89 3226
855 24
856 33
857 32
858 26
859 40
3000 1
3005 1
3006 1
3007 2
1770 7
1771 3
1772 2
1773 2
1774 2
1775 5
1776 1
1777 2
1778 1
1779 1
4330 1
4331 1
4333 2
4337 2
4339 1
90 3318
91 3320
92 3303
93 3379
94 3505
95 3468
860 32
96 3585
861 29
97 3556
862 41
98 3786
863 40
99 3639
864 29
865 33
866 34
867 35
868 36
869 37
3010 1
3012 1
3014 1
3015 1
3017 1
1780 4
1781 3
1782 3
1783 2
1784 3
1785 2
1786 3
1787 4
1788 2
1789 3
4341 1
4349 1
870 25
871 46
872 28
873 31
874 35
875 39
876 36
877 31
878 33
879 28
3023 1
3024 1
3026 2
3027 3
3028 1
1790 1
1791 3
1792 1
1793 3
1794 2
1795 5
1796 2
1797 3
1798 1
1799 5
4351 1
4352 1
4354 2
4356 1
4358 2
880 28
881 25
882 26
883 27
884 35
885 23
886 31
887 39
888 46
889 30
3030 1
3032 1
3033 1
3036 1
3038 4
3039 1
4360 1
4363 2
4364 1
890 28
891 21
892 39
893 27
894 41
895 19
896 23
897 27
898 33
899 30
3040 1
3042 1
3043 1
3044 3
3046 1
4826 1
3047 2
3048 3
4829 1
3503 2
3504 1
3506 1
4370 1
3050 2
3054 1
3055 2
3058 1
3059 2
3513 1
4388 1
3060 2
3061 1
3063 1
3065 3
3066 1
3067 1
3068 1
3520 1
3521 2
4397 1
2200 3
2201 3
2203 1
2205 2
2206 1
2207 2
2208 3
2209 4
3070 1
3071 1
3075 1
3079 1
3531 1
3535 1
3537 2
3538 1
3539 1
2210 2
2211 3
2212 3
2213 3
2215 3
2216 1
2218 3
3081 2
3082 2
3083 1
3084 1
3085 1
3088 1
3089 2
3542 1
3545 1
2220 5
2221 1
2222 5
2224 3
2225 3
2226 3
2227 2
2228 6
2229 2
3090 1
3092 1
3093 3
3094 1
3098 1
3099 1
3555 1
2231 2
2232 1
2233 3
2234 2
2235 2
2236 6
2237 1
2238 3
2239 4
3563 1
3566 1
2240 2
2241 4
2242 2
2243 2
2244 2
2247 1
2248 3
2249 1
2700 1
2701 1
2702 1
2703 2
2705 3
2709 2
3570 1
3576 1
2250 1
2252 1
2253 3
2254 3
2255 3
2256 4
2258 1
2259 3
2710 1
2711 3
2712 1
2713 1
2714 2
2717 1
2718 2
2719 1
2260 1
2261 1
2262 2
2264 3
2265 2
2266 2
2267 3
2269 2
2720 1
2721 1
2722 2
2723 2
2725 1
2727 1
2728 1
2729 4
3594 1
3595 1
3598 1
3599 1
1400 1
1401 5
1402 7
1403 3
1404 4
1405 5
1406 8
1407 3
1408 4
1409 4
2270 2
2271 4
2272 2
2273 4
2274 2
2275 2
2277 1
2278 1
2279 2
2730 2
2733 1
2735 1
2736 2
2737 1
2738 2
2739 1
1410 7
1411 3
1412 6
1413 4
1414 9
1415 1
1416 10
1417 4
1418 4
1419 6
2281 2
2282 4
2284 1
2285 4
2287 2
2289 3
2740 1
2744 1
2745 1
2746 2
500 452
501 448
2748 4
502 471
2749 2
503 448
504 433
505 482
506 399
507 462
508 414
509 413
1420 8
1421 8
1422 3
1423 8
1424 4
1425 6
1426 6
1427 7
1428 7
1429 8
2290 1
2291 1
2292 1
2293 1
2294 4
2296 1
2297 1
2298 1
2299 2
2750 2
2751 1
2752 1
2754 1
2756 1
2757 1
510 461
2758 1
511 406
512 417
513 406
514 437
515 384
516 395
517 388
518 370
519 386
1430 7
1431 5
1432 4
1433 8
1434 5
1435 5
1436 3
1437 8
1438 7
1439 1
2761 2
2762 1
2764 1
2765 1
2767 1
520 349
2768 1
521 353
2769 1
522 359
523 364
524 349
525 351
526 361
527 365
528 321
529 340
1440 8
1441 7
1442 10
1443 8
1444 5
1445 2
1446 6
1447 10
1448 5
1449 7
1900 1
1901 6
1903 2
1904 1
1905 2
1906 3
1907 3
4002 1
1908 1
1909 2
4007 1
2772 1
2773 1
2775 1
2776 1
530 341
2777 2
531 319
2778 1
532 316
533 312
534 293
535 335
536 296
537 311
538 318
539 288
1450 4
1451 4
1452 6
1453 10
1454 6
1455 4
1456 1
1457 3
1458 3
1459 2
1910 2
1911 4
1912 6
1913 1
1914 3
1915 3
1916 3
4011 1
1917 2
1918 1
1919 2
4016 1
4017 1
2780 1
2781 1
2784 1
2785 1
540 299
2787 2
541 324
2788 2
542 257
2789 3
543 267
544 305
545 288
546 271
547 259
548 270
549 301
1460 7
1461 6
1462 5
1463 6
1464 5
1465 10
1466 3
1467 8
1468 3
1469 4
1921 1
1922 1
1923 3
1925 1
4021 1
1926 1
1927 3
1928 2
1929 1
4024 1
4028 1
2791 3
2792 2
2794 1
2795 1
2797 1
550 267
551 269
2799 1
552 242
553 237
554 240
555 291
556 237
557 219
558 263
559 223
1470 2
1472 4
1473 5
1474 8
1475 5
1476 4
1477 4
1478 8
1479 1
1930 4
1931 1
1932 1
1933 2
1936 2
1937 1
1938 1
1939 6
4036 1
4038 1
560 238
561 242
562 235
563 203
564 200
565 228
566 239
567 208
568 224
569 181
1480 2
1481 5
1482 2
1483 7
1484 4
1485 5
1486 1
1487 3
1488 4
1489 3
1940 2
1942 1
1943 3
1945 1
1947 1
4042 2
1948 2
1949 2
4047 1
4048 1
570 237
571 239
572 198
573 232
574 203
575 198
576 204
577 205
578 201
579 196
4503 1
1490 8
1491 8
1492 3
1493 4
1494 2
1495 4
1496 5
1497 6
1498 5
1499 4
1950 1
1951 1
1952 2
1953 2
1954 5
1955 1
1958 1
1959 1
4055 1
4058 2
580 190
581 193
582 184
583 183
584 209
585 215
586 197
587 172
588 174
589 171
4510 1
1960 4
1961 1
1962 1
1964 2
1966 1
4063 3
4064 1
1969 1
4066 1
4067 1
590 164
591 185
592 163
593 166
594 194
595 144
596 195
597 148
598 169
599 182
4527 1
4528 1
3200 3
3202 2
3207 2
3209 1
1970 3
1971 1
1972 1
1973 2
1974 2
1975 2
4070 2
1977 3
1978 1
5854 1
1979 1
4077 1
4079 1
4537 1
3212 1
3213 1
3214 2
3218 2
1981 2
1982 2
1983 2
1985 3
4081 1
1988 5
4085 2
3220 1
3221 1
3222 1
3223 3
3229 1
1991 2
1992 3
1993 5
1994 3
1996 1
1997 4
4092 1
1998 2
1999 3
4550 1
3230 1
3231 2
3233 1
3234 1
3235 1
3237 1
3238 3
4562 1
3240 1
3244 2
3248 1
3701 2
3702 1
3703 1
3705 1
4575 1
3251 1
3258 1
3718 1
3260 1
3261 1
3262 1
3264 1
3265 1
3268 2
3269 1
3720 3
3725 3
3727 1
3729 1
2401 3
2402 2
2403 1
2405 1
2406 2
2407 1
2408 2
2409 3
3271 2
3272 2
3275 2
3276 1
3730 1
3732 1
3733 1
3734 1
3736 2
3738 1
2410 5
2411 5
2412 2
2413 2
2414 3
2415 2
2416 2
2417 1
2418 3
2419 2
3281 2
3284 3
3285 1
3743 3
3745 2
3746 1
3747 1
3748 2
3749 1
2420 1
2421 3
2422 2
2423 2
2424 1
2425 3
2426 3
2427 1
2428 1
2429 2
3290 1
3294 1
3298 1
1100 14
1101 14
1102 11
1103 14
1104 14
1105 14
1106 14
1107 16
1108 15
1109 20
3752 2
3754 1
3755 2
2431 1
2432 1
2434 3
2437 1
2438 2
2439 2
1110 19
1111 16
1112 12
1113 15
1114 13
1115 15
1116 16
1117 13
1118 14
1119 9
2441 1
2442 2
2443 1
2446 2
200 3367
201 3315
2449 1
202 3427
203 3379
204 3385
205 3441
206 3376
207 3380
208 3211
209 3375
1120 13
2901 2
1121 12
1122 10
2903 1
1123 14
2904 1
1124 10
1125 8
2906 2
1126 16
2907 2
1127 10
2908 1
1128 18
2909 1
1129 18
2450 1
2452 1
2453 2
2455 2
2457 1
210 3442
2458 2
211 3250
212 3311
213 3364
214 3260
215 3324
216 3424
217 3336
218 3298
219 3427
2910 1
1130 19
2911 1
1131 16
2912 1
1132 12
2913 3
1133 12
2914 2
1134 12
1135 13
2916 3
1136 16
1137 16
2918 2
1138 16
2919 3
1139 17
3785 1
3787 1
3789 1
2460 1
2461 1
2462 3
2463 1
2464 1
2465 1
2466 1
2467 1
220 3294
221 3314
2468 2
222 3328
223 3271
224 3319
225 3445
226 3387
227 3389
228 3359
229 3372
1140 14
2920 6
1141 9
2921 1
2922 1
1142 15
1143 10
2923 2
1144 14
2924 2
1145 13
2925 2
1146 18
2926 2
1147 11
1148 14
2928 1
1149 15
2929 2
3793 1
3794 1
3795 1
1600 6
1601 2
1603 7
1604 3
1605 2
1606 3
1607 1
1608 3
1609 1
2470 1
2471 1
2472 2
2473 1
2475 1
2476 3
230 3260
2477 1
231 3445
232 3309
2479 1
233 3316
234 3278
235 3431
236 3348
237 3265
238 3455
239 3312
2930 2
1150 13
2931 1
1151 11
2932 2
1152 14
2933 3
1153 12
1154 11
2935 1
1155 13
2936 2
1156 9
1157 9
1158 12
2939 2
1159 9
1610 3
1611 1
1612 2
1613 5
1614 3
1615 5
1616 6
1617 3
1618 4
1619 4
2480 1
2481 1
2482 1
2483 1
2485 1
2486 3
240 3470
2488 1
241 3237
242 3375
243 3386
244 3297
245 3351
6368 1
246 3367
247 3400
248 3426
249 3414
2940 2
1160 10
1161 10
1162 12
1163 10
2944 1
1164 23
1165 9
1166 11
2947 2
1167 12
700 88
2948 2
1168 11
701 82
2949 2
1169 11
702 74
703 68
704 85
705 84
706 63
707 84
708 69
709 88
1620 5
1621 1
1622 4
1623 4
1624 2
1625 5
1626 4
1627 5
1628 5
1629 3
2490 1
2492 1
2495 2
2496 1
2497 1
250 3420
2498 1
251 3284
2499 2
252 3401
253 3396
254 3363
255 3356
256 3366
257 3413
258 3340
259 3298
1170 10
2951 3
1171 10
2952 1
1172 13
2953 1
1173 9
1174 7
2955 1
1175 14
2956 1
1176 9
2957 1
1177 11
710 75
2958 2
1178 13
711 71
2959 2
1179 12
712 67
713 65
714 95
715 65
716 77
717 62
718 76
719 78
1630 4
1631 6
1632 3
1633 4
1634 3
1635 3
1636 1
1637 5
1638 4
1639 3
5516 1
260 3323
261 3376
262 3373
263 3328
264 3471
265 3414
266 3326
267 3337
268 3324
269 3430
1180 17
1181 12
2961 1
1182 7
2962 1
1183 13
1184 20
2964 1
1185 7
2965 1
1186 7
2966 1
1187 8
720 60
2967 2
1188 14
721 76
1189 14
722 75
723 74
724 65
725 80
726 82
727 70
728 71
729 67
1640 5
1641 5
1642 3
1643 2
1644 2
1645 7
1646 2
1647 8
1648 6
1649 4
270 3293
271 3362
272 3190
273 3364
274 3417
275 3344
276 3267
277 3336
278 3285
279 3368
4204 1
1190 14
2971 1
1191 6
2972 1
1192 9
1193 9
1194 14
2975 1
1195 7
1196 12
730 57
2977 1
1197 10
731 73
2978 1
1198 9
732 60
2979 1
1199 9
733 54
734 71
735 57
736 71
737 64
738 70
739 63
1650 4
1651 2
1652 3
1653 4
1654 1
1655 7
1656 5
1657 6
1658 5
1659 2
280 3394
281 3338
282 3284
283 3246
284 3403
285 3302
286 3398
287 3345
288 3341
289 3293
4210 1
4212 1
4214 1
4216 1
4217 1
2980 1
2981 1
2982 1
2983 2
2985 1
740 62
2988 1
741 55
742 65
743 54
744 54
745 66
746 70
747 67
748 52
749 50
1660 1
1661 8
1662 2
1663 1
1664 4
1665 4
1666 2
1667 4
1668 1
1669 2
290 3234
291 3252
292 3219
293 3157
294 3234
295 3225
296 3210
297 3258
298 3176
299 3235
4224 2
4226 1
4227 1
2990 1
2991 1
2992 1
750 47
2998 1
751 51
2999 4
752 62
753 54
754 65
755 51
756 42
757 54
758 52
759 57
1670 6
1671 6
1672 3
1673 5
1674 4
1675 9
1676 1
1677 5
1678 4
1679 6
4230 2
4234 1
4239 1
760 54
761 60
762 55
763 65
764 57
765 54
766 42
767 40
768 53
769 70
1680 9
1681 5
1682 3
1683 3
1684 2
1685 4
1686 2
1687 3
1689 4
4243 1
4245 2
4248 1
770 48
771 64
772 41
773 45
774 61
775 53
776 42
777 52
778 46
779 32
1690 2
1691 2
1692 5
1693 3
1694 1
1695 3
1696 2
1698 2
1699 2
4251 1
4253 2
4255 1
4259 1
780 44
781 37
782 50
783 55
784 52
785 54
786 44
787 45
788 47
789 48
4261 1
4265 1
4268 1
4269 1
790 52
791 39
792 34
793 48
794 38
795 39
796 40
797 47
798 38
799 42
3400 1
3401 1
3402 1
3403 1
3408 2
3409 1
4273 1
4276 2
4278 1
3410 2
3411 1
3412 1
3414 1
3417 1
3418 1
4285 1
4286 1
4287 1
4288 2
3420 1
3424 1
4291 1
4292 1
4293 1
4294 1
4296 1
2100 1
2101 4
2102 5
2104 2
2105 2
2106 1
2108 2
2109 1
4759 1
3430 1
3432 1
3438 2
2110 2
2111 2
2112 2
2113 1
2114 4
2115 5
2116 2
2117 2
2118 2
2119 2
3442 2
3448 1
2120 2
2121 5
2122 2
2123 1
2124 3
3905 1
2126 3
3907 1
2127 3
2128 2
2129 3
3450 1
3453 1
3458 1
2130 2
3911 1
2131 1
2132 3
2133 1
3914 1
2134 2
2135 6
2136 2
2137 1
2138 2
2139 4
3462 1
3465 1
3466 2
3467 1
2140 1
3921 1
2141 3
2142 2
3922 1
2144 2
2145 5
3927 2
2148 3
2149 3
2601 2
2602 2
2605 1
3470 2
3472 1
3479 1
3930 1
2150 2
3931 1
2151 1
2152 5
2153 2
2154 3
2155 4
2156 4
2157 1
3938 1
2159 2
2610 1
2612 1
2614 1
2615 2
2616 3
2617 1
3486 1
3487 1
3489 1
2160 5
2161 2
2162 2
2163 1
2166 1
2167 5
3948 1
2168 3
2169 6
6048 1
