2621 1
2626 1
3490 1
3493 1
3499 1
1300 12
1301 12
1302 15
1303 15
1304 10
1305 23
1306 15
1307 15
1308 15
1309 15
2170 1
2171 1
2172 2
3953 1
2173 1
3954 1
2174 2
3956 2
2176 2
2177 3
2178 1
2179 2
6 1
7 1
2631 2
2635 1
2637 1
2639 1
1310 18
1311 24
1312 13
1313 17
1314 13
1315 27
1316 14
1317 18
1318 17
1319 17
2180 1
3960 2
2181 4
2184 1
3964 1
2185 3
2186 1
3966 1
3967 2
2189 1
2643 2
2644 4
2645 2
2647 1
400 221
401 199
402 178
403 186
404 180
405 172
406 210
407 196
408 149
409 193
1320 18
1321 15
1322 13
1323 11
1324 18
1325 6
1326 17
1327 23
1328 15
1329 15
2190 3
2191 1
2192 4
2193 2
2194 3
2195 1
3976 1
2196 1
2197 2
2198 2
2199 1
2652 1
2653 1
2654 2
410 191
2657 3
411 179
412 172
413 212
414 199
415 188
416 174
417 167
418 191
419 193
1330 11
1331 17
1332 17
1333 20
1334 16
1335 9
1336 14
1337 11
1338 14
1339 17
3984 1
3989 1
2661 1
2663 1
2666 1
420 182
2667 1
421 191
422 194
423 190
424 166
425 172
426 176
427 179
428 174
429 156
1340 14
1341 13
1342 14
1343 15
1344 15
1345 13
1346 13
1347 12
1348 18
1349 11
3995 1
3996 1
1800 2
1801 1
1802 3
1803 2
1804 3
1805 2
1806 3
1807 2
1808 4
1809 1
2671 1
2672 1
2676 1
2677 1
430 190
431 170
432 170
433 182
434 178
435 179
436 191
437 157
438 178
439 187
1350 13
1351 15
1352 14
1353 19
1354 16
5230 1
1355 12
1356 16
1357 17
1358 12
1359 12
1810 1
1811 1
1812 1
1813 2
1814 2
1815 1
1816 2
1817 2
1818 1
1819 1
2680 1
2681 1
2683 2
2686 1
440 172
2688 1
441 172
442 170
443 179
444 160
445 165
446 173
447 181
448 173
449 210
1360 14
1361 10
1362 14
1363 28
1364 15
1365 12
1366 13
1367 21
900 89
1368 14
901 112
1369 12
902 110
903 102
904 124
905 112
906 119
907 101
908 117
909 101
1820 5
1821 2
1822 3
1823 1
1824 1
1825 2
1826 2
1827 3
1828 5
2691 2
2692 1
2693 2
450 183
2697 1
451 161
2698 2
452 165
2699 1
453 156
454 159
455 186
456 191
457 170
458 198
459 164
1370 16
1371 12
1372 11
1373 9
1374 15
1375 14
1376 20
1377 12
910 95
1378 12
911 89
1379 8
912 96
913 107
914 94
915 80
916 85
917 101
918 87
919 91
1830 4
1831 2
1832 3
1833 2
1834 3
1835 1
1836 1
1837 4
1839 5
460 173
461 169
462 160
463 159
464 169
465 198
466 173
467 158
468 156
469 150
1380 11
1381 13
1382 16
1383 11
1384 18
1385 12
1386 14
920 106
1387 10
921 101
1388 10
922 90
1389 15
923 102
924 86
925 98
926 99
927 97
928 99
929 92
1840 5
1842 2
1844 1
1845 1
1847 2
1848 2
1849 1
470 168
471 187
472 162
473 185
474 169
475 151
476 172
477 172
478 186
479 180
4401 1
4402 1
4403 1
4405 1
4406 1
4408 1
4409 1
1390 12
1391 15
1392 9
1393 8
1394 7
1395 12
1396 9
930 85
1397 14
931 95
1398 14
932 94
1399 20
933 77
934 116
935 89
936 108
937 90
938 87
939 93
1850 1
1852 3
1853 1
1854 2
1857 5
1858 1
1859 1
480 156
481 147
482 168
483 159
484 179
485 183
486 175
487 169
488 153
489 168
4410 1
4411 1
4412 1
4413 2
4415 2
4418 4
4419 1
940 79
941 70
942 106
943 90
944 86
945 85
946 81
947 86
948 92
949 81
1860 3
1861 1
1862 1
1863 3
1864 1
1865 1
1866 3
1868 1
490 174
491 170
492 184
493 154
494 147
495 159
496 163
497 175
498 173
499 165
4421 1
4424 1
4425 1
4426 5
4427 1
4428 3
950 86
951 89
952 53
953 89
954 95
955 72
956 76
957 81
958 95
959 83
3101 1
3102 1
3103 1
3104 1
3106 1
3108 1
1870 1
1871 3
1873 2
1874 1
1875 3
1876 2
1877 2
1878 1
1879 3
4430 1
4434 1
4436 3
4437 2
4439 3
960 75
961 83
962 90
963 84
964 84
965 81
966 70
967 95
968 71
969 90
3110 2
3112 1
3113 2
3114 1
3115 1
1880 2
1881 1
1883 1
1884 2
1885 1
1886 2
1887 1
1888 1
4440 2
4441 1
4442 2
4443 1
4444 1
4445 1
4448 1
4449 1
970 66
971 72
972 65
973 88
974 83
975 77
976 80
977 92
978 90
979 72
3123 2
3124 1
3126 4
3127 2
3128 1
1890 2
1891 2
1892 2
1893 1
1894 1
1895 1
1896 3
1897 5
1898 1
1899 5
4451 2
4453 3
4454 1
4457 1
4458 2
4459 1
980 78
981 73
982 76
983 63
984 78
985 73
986 65
987 70
988 73
989 79
3130 1
3131 1
3132 1
3134 3
3138 1
3139 1
4461 1
4463 3
4466 1
4467 2
4469 1
990 68
991 75
992 79
993 68
994 83
995 80
996 71
997 72
998 88
999 76
3140 2
3143 1
3144 2
3147 1
3603 1
3607 1
3608 1
4470 2
4471 1
4472 2
4473 1
4474 2
4476 1
4477 2
4478 1
4479 1
4937 1
3157 1
4939 1
3611 2
3612 1
3617 1
3619 2
4480 2
4481 1
4482 1
4484 1
4487 1
4488 1
4489 2
3169 3
3627 3
3628 1
3629 1
4491 1
4493 3
4494 1
4496 1
4497 2
4498 2
2300 1
2301 3
2302 1
2304 1
2305 1
2306 3
2307 2
2309 1
3170 1
3172 1
4954 1
3176 1
3177 1
3178 2
3179 1
3630 1
3632 1
3633 1
3638 1
3639 1
2310 1
2311 3
2312 1
2313 1
2315 3
2316 1
2319 4
3182 1
4962 1
3183 1
3184 1
3185 1
3187 1
3188 1
3189 1
3640 1
3648 1
3649 1
2320 2
2321 1
2323 3
2325 1
2327 2
2329 2
3191 1
3193 1
3197 2
3198 3
3199 2
3655 1
3659 1
2330 2
2332 1
2333 2
2335 3
2337 1
2338 1
1000 82
4987 1
1001 68
1002 61
1003 63
1004 66
1005 61
1006 81
1007 71
1008 60
1009 70
7096 1
3660 1
3661 2
3666 1
2340 1
2341 2
2343 1
2344 3
2345 2
2346 4
100 1129
101 1101
2348 1
102 1045
2349 2
103 1094
104 1077
105 991
106 1113
107 1023
108 1005
109 1088
1010 58
1011 64
1012 62
1013 84
1014 76
1015 78
1016 92
2800 1
1017 57
2801 1
1018 57
2802 1
1019 69
2804 3
3671 1
3677 1
3678 2
2352 1
2353 1
2355 2
2356 2
110 910
2357 1
111 987
112 928
2359 1
113 943
114 967
115 939
116 961
117 962
118 990
119 893
1020 69
1021 67
1022 66
1023 70
1024 70
1025 66
1026 55
1027 53
2810 2
1028 66
2811 2
1029 79
2812 1
2814 1
2815 1
2816 1
2818 1
2819 1
3687 1
2361 1
2362 1
2363 2
2366 1
2367 1
120 877
121 885
122 843
123 856
124 810
6247 1
125 863
126 822
127 841
128 841
129 762
1030 71
1031 60
1032 61
1033 63
1034 57
1035 72
1036 66
1037 52
1038 41
1039 63
2824 1
2827 1
2828 1
1500 7
1501 9
1502 12
1503 5
1504 7
1505 3
1506 6
1507 6
1508 8
1509 4
2371 2
2372 1
2374 2
2377 2
130 789
2378 1
131 777
132 775
133 726
134 742
135 737
136 696
137 688
138 758
139 767
1040 56
1041 46
1042 54
1043 58
1044 65
1045 50
1046 56
1047 50
1048 52
1049 68
2834 1
2835 1
2836 1
2837 1
1510 8
1511 7
1512 11
1513 10
1514 7
1515 2
1516 7
1517 6
1518 4
1519 8
2382 2
2384 1
2386 1
140 695
2387 3
141 657
2388 2
142 684
143 624
144 652
145 661
146 690
147 599
148 657
149 699
1050 59
1051 55
1052 58
1053 54
1054 53
1055 62
1056 52
1057 46
1058 47
1059 53
2843 2
2844 1
600 165
2848 3
601 146
2849 2
602 140
603 173
604 183
605 153
606 165
607 186
608 170
609 157
1520 11
1521 9
1522 8
1523 3
1524 9
1525 5
1526 9
1527 3
1528 4
1529 7
2393 1
2394 2
2396 1
150 636
151 598
152 640
2399 1
153 623
154 601
155 562
156 593
157 565
158 533
159 600
1060 71
1061 49
1062 51
1063 65
1064 52
1065 48
1066 57
1067 49
2850 2
1068 51
1069 58
2853 1
2856 1
610 192
611 164
612 159
613 185
614 160
615 176
616 166
617 174
618 163
619 192
1530 10
1531 6
1532 7
1533 8
1534 5
1535 4
1536 3
1537 6
1538 10
1539 1
160 553
161 536
162 552
163 541
164 495
165 471
166 493
167 526
168 470
169 525
1070 53
1071 49
1072 54
1073 47
1074 41
1075 48
1076 63
2860 3
1077 45
1078 46
2862 1
1079 43
2866 1
620 180
621 172
622 169
2869 1
623 163
624 176
625 181
626 149
627 161
628 175
629 144
1540 9
1541 7
1542 4
1543 8
1544 8
1545 6
1546 9
1547 9
1548 5
1549 4
170 468
171 505
172 469
173 475
174 456
175 490
176 464
177 451
178 407
179 433
4101 1
4103 2
1080 41
4104 1
1081 44
4105 1
1082 37
1083 46
1084 59
1085 47
4109 1
1086 60
1087 52
1088 57
1089 56
2874 1
2875 3
2876 1
2877 2
630 181
631 145
2879 1
632 166
633 163
634 179
635 172
636 173
637 188
638 168
639 191
1550 5
1551 9
1552 6
1553 1
1554 4
1555 6
1556 7
1557 3
1558 10
1559 3
180 431
181 424
182 437
183 415
184 429
185 443
186 409
187 401
188 411
189 418
4111 1
1090 46
1091 47
1092 45
4115 1
1093 50
1094 44
1095 54
1096 55
4119 1
2880 1
1097 42
1098 55
2882 1
1099 60
2886 1
2887 1
640 167
641 152
642 156
643 176
644 167
645 165
646 156
647 164
648 167
649 180
1560 12
1561 7
1562 10
1563 6
1564 5
1565 5
1566 8
1567 5
1568 6
1569 7
190 415
191 377
192 424
193 407
194 423
195 426
196 382
197 385
198 386
199 371
4122 1
4126 1
4129 1
2892 1
2894 1
650 159
651 180
2898 2
652 199
653 167
654 141
655 162
656 168
657 155
658 170
659 186
1570 7
1571 3
1572 5
1573 4
1574 6
1575 5
1576 8
1577 4
1578 7
1579 12
4132 1
4139 1
660 168
661 183
662 148
663 193
664 177
665 148
666 184
667 160
668 145
669 190
1580 3
1581 1
1582 3
1583 3
1584 9
1585 5
1586 8
1587 2
1588 7
1589 6
4140 1
4145 2
670 189
671 159
672 148
673 158
674 168
675 162
676 153
677 174
678 153
679 159
4602 1
4605 1
4608 1
1590 4
1591 6
1592 5
1593 5
1594 6
1595 8
1596 2
1597 3
1598 8
1599 3
4153 1
4155 1
4157 1
4158 2
680 164
681 150
682 155
683 179
684 190
685 164
686 164
687 153
688 150
689 149
4610 2
4614 1
4162 2
4165 1
4166 1
690 160
691 167
692 152
693 161
694 173
695 176
696 148
697 157
698 160
699 167
4626 1
3300 2
3304 2
3306 1
4171 2
4175 1
4177 1
4635 1
4639 2
3311 1
3319 1
4180 1
4183 1
4185 1
4187 1
4189 1
3323 1
3325 1
4190 1
4192 1
4194 2
4199 1
2001 2
2002 2
2003 1
2004 1
2005 2
2006 2
2007 1
2008 2
2009 2
3334 1
3338 1
2010 2
2011 1
2012 1
2013 1
2014 1
2015 3
2016 2
2017 3
2018 6
2019 3
4662 1
3342 2
3345 1
2020 3
2022 1
2024 3
2025 2
2026 2
3806 2
2027 2
2028 1
3350 1
3351 1
3353 2
3356 1
3811 1
2031 2
3812 1
2032 2
2033 2
3814 1
3815 1
2035 3
3816 1
2036 1
3817 1
2038 4
2039 2
4685 1
4688 1
3362 1
3364 2
3365 1
3366 1
3369 1
2041 1
3823 1
2044 1
3825 2
2045 2
2047 2
3828 1
2048 2
4691 1
4696 1
4697 2
2500 1
2501 1
2507 1
2508 1
2509 1
3370 1
3372 1
2050 2
2051 3
2052 1
2053 1
2054 2
2055 2
2056 2
2057 2
3838 1
2058 1
2059 2
2510 1
2511 2
2512 1
2513 1
2517 1
3380 1
3382 1
3384 1
3387 1
3389 1
2060 2
3840 1
2061 2
3841 1
2062 3
2063 1
2064 5
3844 1
2066 1
2067 2
2068 1
2069 1
2523 1
2524 1
2529 1
3392 1
3398 1
1200 26
1201 21
1202 22
1203 28
1204 23
1205 25
1206 26
1207 31
1208 27
-6 1
1209 29
-8 1
3850 1
2070 1
3851 1
2071 2
2072 3
2073 1
3854 1
2074 2
2075 2
2076 2
2077 4
2078 1
2079 2
2532 1
2534 2
2535 2
2536 1
2538 1
2539 1
1210 27
1211 27
1212 33
1213 26
1214 26
1215 29
1216 26
1217 20
1218 25
1219 23
3860 2
2080 1
2082 1
2083 1
2084 1
2085 1
3867 1
2087 4
2088 1
2089 3
2540 1
2544 1
2545 1
2546 2
300 251
301 232
302 205
303 247
304 224
305 229
306 221
307 242
308 209
309 229
1220 23
1221 28
1222 29
1223 22
1224 25
1225 24
1226 22
1227 40
1228 21
1229 29
2091 2
2092 4
2093 1
2094 1
3875 2
3876 1
2096 3
2097 1
2098 2
2099 2
2551 1
2553 3
2555 1
310 230
2558 1
311 217
312 229
313 218
314 221
315 213
316 223
317 192
318 212
319 240
1230 29
1231 21
1232 23
1233 24
1234 16
1235 16
1236 23
1237 19
1238 25
1239 18
5118 1
3880 1
3881 1
3889 1
2561 2
2564 1
320 244
321 213
322 226
323 208
324 207
325 188
326 224
327 230
328 208
329 221
1240 28
1241 14
1242 17
1243 19
1244 22
12 1
1245 33
1246 23
1247 22
1248 18
1249 12
3899 1
1700 3
1701 9
1703 4
1704 4
1705 1
1706 3
1707 4
1708 2
1709 4
2572 1
2573 1
2575 1
2577 1
330 214
331 224
332 192
333 227
334 202
335 216
336 226
337 229
338 203
339 231
1250 19
1251 28
1252 25
1253 15
21 1
1254 22
22 1
1255 24
1256 26
1257 16
25 2
1258 26
1259 14
28 2
29 1
1710 2
1711 1
1712 7
1713 3
1714 1
1715 2
1716 8
1717 6
1718 3
1719 4
2581 2
2583 1
2585 4
340 211
2587 1
341 204
342 191
343 220
344 203
345 208
346 204
347 189
348 193
349 217
1260 18
1261 33
1262 18
1263 19
1264 13
32 1
1265 22
33 3
1266 16
34 4
1267 21
35 1
800 141
1268 18
36 2
801 141
1269 15
37 1
802 138
38 5
803 146
39 9
804 150
805 166
806 154
807 125
808 142
809 127
1720 4
1721 2
1723 1
1725 2
1726 2
1727 4
1728 2
1729 2
2590 1
2591 2
2592 2
2593 1
2595 1
350 228
351 178
352 184
353 199
354 230
355 193
356 187
357 201
358 202
359 221
1270 14
1271 16
1272 8
40 6
1273 18
41 15
1274 14
42 27
1275 13
43 54
1276 9
44 80
810 138
1277 12
45 134
811 138
1278 19
46 135
812 131
1279 24
47 188
813 129
48 257
814 131
49 309
815 129
816 131
817 128
818 152
819 130
1730 3
1731 2
1732 4
1733 2
1734 4
1735 4
1736 5
1737 1
1738 3
1739 1
360 212
361 211
362 186
363 180
364 185
365 194
366 198
367 184
368 222
369 180
1280 20
1281 13
1282 21
50 376
1283 14
51 432
1284 14
52 522
1285 18
53 603
1286 24
54 672
1287 15
55 722
820 128
1288 19
56 769
821 123
1289 16
57 845
822 125
58 884
823 127
59 1022
824 121
825 132
826 148
827 140
828 122
829 122
1740 2
1741 5
1742 4
1743 2
1744 1
1745 4
1746 4
1747 3
1748 4
1749 1
370 208
371 188
372 180
6494 1
373 194
374 193
375 181
376 196
377 200
378 195
379 193
4300 1
4301 1
4303 2
4305 1
4307 1
4309 1
1290 14
1291 18
1292 18
60 1100
1293 19
61 1126
1294 18
62 1161
1295 12
63 1246
1296 9
64 1162
1297 13
65 1279
830 145
1298 13
66 1309
831 135
1299 15
67 1279
832 134
68 1320
833 119
69 1335
834 127
835 135
836 141
837 140
838 129
839 121
1750 4
1751 2
1752 6
1753 1
1754 5
1755 4
1756 5
1757 3
1758 5
1759 1
380 201
381 205
382 211
383 169
384 183
385 208
386 187
387 192
388 185
389 192
4310 1
4312 1
4313 1
4314 2
4315 1
4316 1
4318 1
4319 1
70 1297
71 1331
72 1361
73 1278
74 1295
75 1350
840 137
76 1301
841 122
77 1314
842 130
78 1296
843 125
79 1345
844 113
845 126
846 131
847 127
848 100
849 96
1761 5
1762 3
1763 4
1764 1
1765 1
1766 1
1767 1
1768 6
1769 5
390 191
391 208
392 182
393 192
394 170
395 208
396 192
397 190
398 199
399 166
4321 1
4322 1
4323 1
4324 1
4327 1
4329 1
80 1329
81 1346
82 1275
83 1281
84 1217
850 118
85 1293
851 146
86 1272
852 119
87 1293
853 119
88 1261
854 135
89 1271
855 126
856 121
857 127
858 131
859 116
3005 1
3006 2
1770 2
1771 1
1772 2
1773 2
1774 3
1775 2
1777 2
1778 3
1779 2
4330 1
4331 2
4333 1
4334 3
4335 1
4339 1
90 1218
91 1228
92 1155
93 1199
94 1115
95 1159
860 112
96 1172
861 118
97 1146
862 105
98 1128
863 114
99 1081
864 140
865 107
866 103
867 107
868 105
869 117
3010 2
3012 1
3013 1
3016 1
3017 1
1780 4
1781 3
1782 3
1783 4
1784 2
1785 1
1787 1
1788 1
1789 2
4342 1
4343 2
4344 1
4345 2
4346 1
870 123
871 119
872 110
873 130
874 110
875 128
876 127
877 107
878 124
879 124
3021 1
3022 2
3026 1
4806 1
3028 2
1791 2
1792 1
1793 2
1794 2
1795 3
1796 5
1797 1
1798 2
1799 2
4353 1
4354 1
4355 1
4357 1
880 117
881 120
882 126
883 101
884 129
885 122
886 102
887 114
888 103
889 98
3033 1
4814 2
4815 1
3036 2
3038 1
4360 1
4362 2
4363 2
4367 1
890 97
891 108
892 119
893 107
894 123
895 113
896 105
897 120
898 96
899 102
3040 1
3043 1
4824 1
3044 1
3045 2
3046 1
3047 2
4828 1
3049 2
3502 2
3505 1
3509 1
4372 1
4373 1
4374 1
4375 1
4376 1
4377 1
4378 2
4379 2
3051 1
3054 1
3055 1
3511 1
3514 3
4380 3
4385 1
4386 1
4388 2
3061 1
3063 2
3068 2
3520 1
3523 1
3525 1
3526 1
4390 4
4391 1
4392 2
4393 1
4395 3
4396 3
2200 1
2201 1
2202 2
2203 3
2204 3
2205 1
2206 2
2209 1
3075 1
4857 1
3532 2
2210 1
2212 1
2214 2
2216 2
2219 1
3081 2
3082 1
3084 1
3085 2
3086 1
3089 1
3543 1
3544 1
3545 2
3548 2
2220 3
2221 3
2222 1
2224 2
2225 2
2226 1
2227 2
2228 4
2229 1
3090 1
3091 1
3093 1
3096 2
3098 1
3551 2
3553 1
3558 1
2230 1
2231 1
2233 3
2234 1
2235 1
2236 1
2237 2
2238 2
2239 1
3562 1
3566 1
3567 1
3568 1
3569 1
2240 1
2241 4
2242 1
2243 3
2244 3
2245 2
2246 4
2249 1
2704 2
2706 2
3572 1
3573 1
3574 1
3578 1
2250 3
2251 1
2253 4
2254 1
2255 1
2256 1
2257 1
2258 1
2712 1
2716 1
2719 1
3585 1
3589 1
2262 3
2263 2
2266 2
2267 1
2268 3
2269 2
2721 1
2722 1
2723 2
2724 1
2726 1
2728 1
3590 2
3598 1
3599 1
1400 13
1401 16
1402 11
1403 11
1404 13
1405 13
1406 11
1407 11
1408 14
1409 7
2271 4
2272 2
2273 3
2275 1
2276 2
2277 1
2278 2
2730 1
2731 1
2736 1
2739 1
1410 10
1411 7
1412 18
1413 10
1414 12
1415 14
1416 14
1417 10
1418 9
1419 13
2280 2
2281 1
2282 1
2283 1
2284 1
2285 2
2286 2
2287 2
2288 1
2744 1
2746 1
500 180
2747 1
501 158
502 144
503 195
504 192
505 197
506 174
507 203
508 142
509 156
1420 10
1421 10
1422 10
1423 9
1424 11
1425 6
1426 14
5302 1
1427 14
1428 8
1429 15
2290 1
2292 1
2293 2
2294 2
2295 1
2296 1
2297 2
2298 1
510 170
511 172
512 180
513 168
514 151
515 178
516 139
517 164
518 173
519 167
1430 11
1431 12
1432 12
1433 11
1434 9
1435 15
1436 11
1437 12
1438 9
1439 12
5317 1
2764 2
520 147
521 158
522 181
523 162
524 158
525 165
526 154
527 154
528 187
529 151
1440 7
1441 12
1442 12
1443 9
1444 5
1445 14
1446 13
1447 11
1448 6
1449 11
1900 2
1902 2
1903 1
1904 1
4000 1
4001 1
1907 1
1908 1
4004 1
4006 1
2773 1
2775 1
530 179
2777 2
531 193
2778 1
532 174
533 156
534 167
535 146
536 196
537 168
538 176
539 171
1450 5
1451 5
1452 9
1453 10
1454 8
1455 14
1456 9
1457 6
1458 8
1459 10
1910 1
1911 3
1912 1
1913 2
1915 2
4010 1
1916 1
4013 2
1919 4
4015 1
4019 3
2781 2
540 170
541 148
542 163
2789 2
543 178
544 156
545 167
546 164
547 164
548 168
549 180
1460 13
1461 16
1462 2
1463 6
1464 5
1465 7
1466 11
1467 10
1468 5
1469 10
1920 2
1923 2
1924 1
1925 6
1926 2
1927 1
4023 1
1928 1
4024 1
4025 1
4028 1
2790 2
2791 2
550 178
551 156
552 178
553 183
554 174
555 187
556 183
557 169
558 141
559 177
1470 7
1471 8
1472 10
1473 10
1474 10
1475 15
1476 3
1477 6
1478 12
1479 6
1930 2
1931 5
1933 1
1935 2
1936 6
4031 2
1938 1
1939 4
4039 1
560 192
561 185
562 145
563 149
564 155
565 177
566 178
567 172
568 187
569 178
1480 7
1481 11
1482 7
1483 7
1484 1
1485 9
1486 8
1487 5
1488 4
1489 14
1941 1
1943 1
1944 2
1945 3
1948 5
1949 4
4045 1
4047 2
570 180
571 174
572 141
573 170
574 162
575 162
576 162
577 169
578 170
579 180
4501 1
4502 3
4503 1
4504 1
4505 1
4507 2
4508 2
1490 8
1491 11
1492 4
1493 7
1494 9
1495 7
1496 8
1497 8
1498 11
1499 14
1952 2
1953 2
1954 2
1955 1
1957 4
1958 1
1959 3
4055 1
4058 2
4059 1
580 159
581 156
582 172
583 178
584 166
585 171
586 169
587 157
588 171
589 184
4510 1
4512 1
4513 2
4515 1
4519 3
1961 3
1962 1
1966 1
1967 1
1969 3
4065 1
4066 1
590 170
591 158
592 190
593 186
594 164
595 185
596 160
597 137
598 186
599 155
4521 1
4524 1
4525 1
4526 3
4527 1
4529 1
8413 1
3201 3
3204 1
3205 1
3208 1
1971 1
1972 1
1973 1
1974 1
1975 1
1976 3
4071 1
1977 1
4072 1
1978 2
1979 1
4076 1
4077 1
4078 1
4532 1
4534 1
4535 2
4536 1
4538 2
3210 1
3213 1
3218 1
1980 1
1981 2
1982 2
1983 2
1984 4
1985 1
4081 1
1987 2
1988 3
4083 2
1989 1
4086 1
4088 1
4089 2
4540 2
4541 1
4542 1
4545 4
3221 2
3222 1
3223 1
3224 1
3226 1
3227 1
3228 1
1990 2
1991 1
1992 1
1993 2
1994 3
1995 5
4090 1
1996 4
4092 1
1998 1
1999 1
4094 1
4095 1
4099 1
4550 1
4552 1
4553 1
4556 1
4558 1
3230 2
3234 2
3237 1
3238 1
4561 2
4564 1
4565 1
4568 1
3240 2
3242 1
3243 1
3244 1
3245 1
3248 1
3700 1
3702 1
3703 1
3708 2
4570 1
4574 2
4577 1
3251 1
3254 1
3257 1
3713 1
3718 1
4580 1
4583 1
4585 1
4588 1
4589 1
3265 3
3267 1
3268 1
3720 1
3721 1
3727 1
4592 2
4595 1
2403 4
2404 1
2405 3
2406 2
2408 2
3272 1
3278 1
3730 1
3731 2
3732 1
3738 2
3739 3
-14 1
-15 1
-17 1
2410 2
2413 1
2415 1
2417 1
2419 1
3287 1
3289 1
3741 1
3744 1
3745 1
-29 1
2420 1
2421 1
2422 3
2423 1
2425 1
2426 1
2428 1
2429 2
3290 1
3294 2
1100 34
1101 44
1102 46
1103 36
1104 53
1105 43
1106 44
1107 42
1108 44
1109 39
3750 1
3753 1
3755 1
2431 3
2432 2
2434 2
2435 1
2438 1
2439 3
1110 37
1111 41
1112 48
1113 44
1114 49
1115 36
1116 39
1117 34
1118 36
1119 36
3763 1
3765 2
3769 2
2440 2
2442 1
2443 1
2445 1
2447 1
200 391
201 358
202 354
203 371
204 349
205 381
206 350
207 351
208 322
209 351
1120 46
2901 1
1121 37
1122 40
2903 2
1123 36
2904 2
1124 42
1125 36
1126 43
1127 36
1128 40
1129 49
3773 1
2450 2
2455 2
2457 1
210 312
2458 1
211 353
212 331
213 332
214 348
215 342
216 331
217 306
218 335
219 288
2910 1
1130 32
1131 33
2912 1
1132 42
2913 2
1133 36
1134 38
1135 39
1136 35
2917 1
1137 34
1138 34
2919 1
1139 45
3783 1
3786 1
3789 2
2462 1
220 322
2467 2
221 318
222 301
2469 4
223 296
224 273
225 319
226 297
227 290
228 361
229 329
1140 38
1141 27
1142 28
2922 1
1143 41
1144 37
1145 33
1146 29
1147 32
2927 1
1148 29
1149 34
3790 1
3796 2
3799 1
1600 6
1601 3
1602 9
1603 4
1604 2
1605 4
1606 4
1607 3
1608 3
1609 5
2472 1
2473 3
2474 1
2475 1
2476 2
230 283
2477 1
231 260
232 299
233 297
234 309
235 281
236 291
237 265
238 278
239 269
2930 1
1150 28
1151 27
2932 1
1152 37
2933 2
1153 36
2934 2
1154 42
1155 29
2936 1
1156 29
1157 44
2938 1
1158 14
2939 1
1159 32
5038 1
1610 6
1611 3
1612 4
1613 4
1614 4
1615 7
1616 3
1617 3
1618 5
1619 8
2480 2
2481 1
2482 1
2485 1
2486 3
2487 2
240 283
241 280
2489 1
242 256
243 281
244 280
245 285
246 286
247 259
248 252
249 298
1160 27
2941 2
1161 31
1162 42
1163 25
1164 25
1165 31
2946 1
1166 43
2947 1
1167 38
700 157
1168 28
701 166
1169 41
702 168
703 153
704 183
705 169
706 168
707 163
708 157
709 183
1620 2
1621 7
1622 4
1623 4
1624 4
1625 7
1626 3
1627 1
1628 2
1629 2
2490 1
2491 1
2492 2
2495 1
2497 1
250 302
2498 1
251 274
2499 1
252 266
253 273
254 281
255 274
256 297
257 267
258 276
259 245
1170 24
2951 1
1171 38
1172 34
2953 1
1173 36
2954 2
1174 30
5050 1
1175 27
2956 1
1176 29
2957 1
1177 36
710 157
1178 32
711 192
2959 2
1179 31
712 162
713 166
714 160
5057 1
715 154
716 147
717 196
718 172
719 186
1630 6
1631 4
1632 1
1633 3
1634 4
1635 6
1636 5
1638 3
1639 7
260 255
261 271
262 239
263 264
264 241
265 265
266 242
267 250
268 230
269 268
1180 31
1181 22
1182 44
1183 29
1184 27
2964 1
1185 25
2965 1
1186 31
2966 1
1187 23
720 152
2967 1
1188 27
721 179
2968 2
1189 31
722 154
2969 1
723 145
724 168
725 192
726 143
727 168
728 138
729 161
1640 2
1641 3
1642 6
1643 4
1644 4
1645 1
1646 3
1647 4
1648 4
1649 7
270 241
271 276
272 227
273 260
274 254
275 259
276 269
277 255
278 239
279 204
4203 1
4204 1
4205 2
4209 1
1190 22
2971 1
1191 33
2972 1
1192 30
2973 2
1193 32
1194 25
1195 25
1196 24
730 152
1197 28
731 175
1198 29
732 159
1199 16
733 162
734 155
735 159
736 154
737 162
738 161
739 142
1650 4
1651 2
1652 2
1653 3
1654 6
1655 4
1656 1
1657 3
1658 3
1659 4
280 282
281 277
282 239
283 250
284 219
285 230
286 234
287 235
288 235
289 228
4211 1
4214 1
4218 1
4219 1
2980 2
2981 1
2982 1
2985 1
2986 1
740 151
741 153
2989 1
742 169
743 179
744 135
745 181
746 154
747 156
748 154
749 143
1660 5
1661 1
1662 3
1663 4
1664 4
1665 2
1666 5
1667 1
1668 8
1669 2
290 212
291 244
292 233
293 213
294 230
295 246
296 224
297 260
298 216
299 204
4222 1
4226 2
4227 1
4229 1
2992 1
2994 1
2995 1
2996 1
750 130
2998 1
751 145
2999 2
752 144
753 158
754 160
755 139
756 151
757 154
758 144
759 135
1670 3
1671 3
1673 4
1674 1
1675 7
1676 4
1677 6
1678 1
1679 8
4233 1
4234 1
4238 2
760 129
761 135
762 148
763 144
764 167
765 174
766 167
6888 1
767 138
768 130
769 122
1680 2
1681 3
1682 2
1683 2
1684 4
1685 1
1686 3
1687 6
1688 4
1689 2
4240 1
4241 2
4243 1
4244 1
4249 1
770 150
771 162
772 155
773 165
774 135
775 132
776 160
777 146
778 152
779 135
4701 2
1690 6
1691 3
1692 2
1693 7
1694 3
1695 3
1696 2
1697 2
1698 1
4250 1
4252 1
4254 1
4255 2
4259 2
780 139
781 160
782 158
783 153
784 141
785 152
786 168
787 151
788 134
789 130
4715 1
4262 1
4263 1
4264 1
4268 1
4269 1
790 142
791 147
792 143
793 144
794 154
795 127
796 153
797 146
798 160
799 153
3407 1
4273 1
4274 2
4275 1
4276 3
4278 2
4279 1
4737 1
3410 1
3411 1
3416 2
3417 1
4280 1
4286 1
4287 2
3421 1
3424 2
3425 1
3428 1
4291 1
4292 1
4298 2
4299 1
2101 1
2102 4
2103 2
2104 2
2105 1
2106 1
2107 3
2108 2
2109 3
3432 1
2110 1
2111 2
2112 3
2113 2
2114 1
2115 2
2116 1
2118 1
4768 1
3441 1
2120 4
3901 1
3902 1
2122 4
2123 4
2125 1
2126 2
3907 1
2129 1
3451 1
3452 1
3453 1
3910 1
2130 4
2131 3
2132 4
2133 1
3914 1
2134 1
2135 1
2136 1
3917 1
2137 4
2138 2
2139 5
3462 1
3464 3
3466 1
2140 2
2141 4
2142 1
2143 4
2144 3
2146 1
3926 1
2147 1
2148 4
2149 3
3929 1
2601 2
2604 2
2605 1
2606 1
3470 1
3471 1
3475 1
3478 1
3479 1
3930 1
2150 2
2153 2
2154 1
2156 1
2157 1
3938 1
2158 2
2159 2
2616 1
3480 1
3483 1
3485 1
3486 1
3489 1
2160 2
2161 2
3942 1
2162 3
2163 1
2165 2
3946 1
2166 3
2167 1
2168 1
2169 1
2620 1
