2226 1
2267 2
2268 1
2269 1
2228 2
2229 1
3883 1
3570 1
3844 1
3803 2
3804 1
3805 1
3531 1
3572 1
3847 1
7532 1
3889 1
3848 1
3575 1
3849 1
3220 1
3261 2
6417 1
3577 1
3262 1
7577 1
3536 1
3221 1
3263 1
6186 1
3264 1
3223 1
3579 1
3539 1
3268 1
3229 1
781 1
701 2
81 3
783 2
702 1
743 1
703 1
470 5
744 3
83 2
745 2
786 1
84 2
471 3
85 4
472 1
1960 1
706 1
788 1
747 2
432 7
707 1
433 2
1920 1
789 1
87 1
748 1
88 1
1921 1
160 4
4570 1
708 2
434 2
120 3
161 1
89 2
435 5
476 1
162 1
436 1
121 3
477 2
478 1
122 4
163 4
4532 1
4847 1
1924 3
437 3
4574 2
1925 2
479 2
438 2
1692 2
123 4
1926 1
124 2
165 3
439 1
1653 3
1694 1
166 2
1968 1
125 6
126 2
1380 1
1654 1
167 3
1381 1
1614 1
1340 2
4222 1
4263 1
127 5
168 5
128 3
169 3
1615 1
1697 1
1657 2
1698 1
1383 1
129 4
1385 1
1659 1
1344 1
1618 1
1303 1
4267 1
4268 1
1387 2
4269 1
4228 1
1347 1
1306 1
1307 1
1348 2
1349 2
2960 2
2961 1
2690 4
2691 1
2692 1
5574 1
2925 2
2966 1
5808 1
2693 2
2926 2
2652 2
2694 1
2612 1
2968 2
2928 2
2969 1
2695 1
2381 1
5263 1
2929 1
2696 2
2655 1
2382 1
2697 1
2342 1
2301 1
2657 1
2616 1
5265 1
2384 1
2699 2
2302 2
2070 1
2344 1
2303 1
2659 2
2345 3
2031 1
2305 1
2346 1
2306 1
2032 1
2348 2
2035 1
3963 1
6845 1
3690 2
3965 1
3966 1
3692 1
3967 1
3653 1
3968 2
3928 3
3696 1
3615 1
3300 1
6265 1
3657 1
3383 1
3344 1
3303 2
3304 1
3386 1
3345 1
3031 1
3346 3
3305 2
3307 2
3389 1
3348 2
3075 1
3349 1
3076 1
7077 1
3038 1
863 1
864 1
550 2
591 1
866 1
551 1
510 2
826 1
867 1
593 1
511 1
552 5
512 1
827 1
594 1
553 1
513 1
828 1
554 2
281 1
555 1
829 2
514 3
240 3
596 2
241 2
597 1
282 3
200 2
242 2
557 2
598 2
283 1
201 5
284 1
599 2
202 1
4694 1
1771 1
243 2
558 1
517 2
1772 2
244 2
203 2
285 3
519 1
1773 3
4340 1
204 3
286 1
1774 1
246 2
287 6
205 2
4300 1
288 2
1734 1
1775 1
206 4
247 5
1735 2
289 3
248 3
4699 1
4384 2
207 5
249 1
1777 2
208 4
1422 1
1778 1
4304 1
4071 1
1737 1
209 6
1190 1
4072 1
4387 1
4347 1
1739 1
1465 1
4032 1
4074 1
1466 3
4307 1
1425 1
1152 1
1111 3
1153 2
4076 1
1194 1
1195 2
1428 1
1113 2
1154 1
1155 1
4037 1
1156 1
1157 1
1117 1
5612 2
2771 1
2730 1
2772 1
5657 1
2776 1
5343 1
2735 1
2461 2
1070 1
2777 1
2736 2
2462 1
2463 1
2422 2
5072 1
2423 1
5031 1
2190 2
2425 1
2466 1
2110 1
2151 1
2426 1
2193 1
2152 2
2111 1
1035 1
2468 1
2427 1
2194 1
1077 1
2154 1
2428 2
2469 1
2195 1
2114 1
2155 1
2196 2
1079 1
2156 1
2197 1
1038 1
2199 1
6650 1
6692 1
3770 1
3730 2
3771 1
7733 1
3733 1
3734 1
3776 1
3461 1
7461 1
3421 1
3422 1
3737 1
3738 1
3423 1
3424 1
3150 1
3739 1
3110 1
3426 2
3194 1
3468 1
3195 1
3428 1
3113 1
3429 1
3155 1
6037 1
3196 3
3156 1
3197 2
3157 1
3198 1
981 1
7117 1
3199 1
900 1
901 1
983 1
985 1
670 1
986 1
630 1
671 1
905 1
631 1
946 1
947 1
673 1
948 2
360 1
634 1
675 1
361 4
320 3
1890 2
362 1
636 1
321 4
1891 1
4732 1
363 4
637 1
322 5
364 2
638 1
365 4
1811 1
324 2
4775 1
366 1
325 2
367 3
1580 1
1813 1
326 3
1855 1
1581 1
327 1
1540 1
368 2
1897 1
1500 2
369 1
1582 1
4190 1
328 2
4739 2
4191 1
329 6
4151 1
1899 1
1544 1
4193 1
4468 1
1819 1
4194 1
1586 1
4195 1
4114 1
4196 1
1233 1
1548 1
1274 1
1507 2
4157 1
4198 2
4116 1
1235 1
1236 1
1238 1
1239 1
2890 1
2891 1
2851 1
2892 1
2893 1
2814 1
2500 2
2541 1
2815 1
2857 2
2898 1
2583 1
2543 1
2818 1
2585 1
2270 1
2586 1
2230 2
2819 1
2546 1
2231 1
2505 1
5429 1
2506 1
2273 1
2588 1
2547 1
2233 1
5156 1
2549 1
2275 1
2234 2
5198 1
2235 1
2277 1
2237 1
2278 2
2238 1
6771 1
6731 1
3891 1
3851 1
7893 1
3852 1
3893 1
3813 1
3895 1
3855 2
3540 2
3541 1
3815 1
3898 1
3816 1
6151 1
3543 1
3818 1
3270 1
3504 1
3545 1
3819 1
3272 1
3587 3
3546 1
3506 1
3232 1
3273 1
3588 3
3507 1
3233 1
3508 2
3277 2
3237 1
3278 1
3238 1
3279 3
3239 1
791 1
710 2
90 1
793 2
712 4
92 1
753 1
713 1
93 1
714 1
796 1
481 3
94 5
440 3
756 1
400 1
797 1
95 2
54 1
441 1
715 4
401 2
4893 1
96 1
483 2
442 4
717 2
484 3
402 3
758 1
443 5
1931 1
444 3
718 2
485 3
170 3
98 4
403 5
445 1
171 4
486 5
404 6
99 2
130 6
131 2
172 7
4500 2
1933 1
487 1
446 2
447 1
1975 1
4857 1
488 1
406 6
173 3
132 4
407 4
1976 3
174 4
489 3
448 5
133 4
4585 1
1977 2
4503 1
408 3
134 5
175 5
449 2
135 1
1937 1
176 2
409 4
136 6
4231 1
177 3
4272 1
1665 2
1391 2
178 5
137 7
1392 3
179 3
4274 1
138 2
139 1
1393 1
4235 1
1353 2
1669 1
1313 1
4277 1
1396 1
4237 1
1356 2
1357 1
1358 1
1317 1
1318 1
1359 2
2971 1
5894 1
2930 3
2931 1
2972 1
2932 3
2974 1
2660 3
2976 2
2935 1
2977 2
5230 1
2663 2
2978 1
2390 1
2350 1
2939 2
2665 2
2392 1
2666 3
2626 1
2393 2
2311 1
2312 1
2668 1
2080 1
2669 1
2396 1
2314 1
2355 2
2040 2
2397 1
2082 1
2315 1
2000 1
2041 1
2083 1
2358 1
2399 1
2359 2
2004 1
2045 1
2009 2
3972 1
3932 1
6855 1
3933 1
3661 1
3621 1
3662 2
3622 1
3664 1
3979 2
6507 1
3667 1
7311 1
3393 1
3626 1
3311 2
3668 1
3353 2
3312 2
3354 1
3040 1
3629 1
3355 1
3082 1
3397 1
7315 1
3315 1
3042 1
3398 1
3316 2
3358 1
3399 1
3085 1
3359 1
3046 2
3005 1
3047 1
3088 1
830 1
3008 1
3049 1
832 1
874 1
560 1
834 1
561 1
876 1
520 2
521 1
562 3
4932 1
522 1
878 1
523 1
564 1
290 3
565 1
250 2
524 2
291 2
839 1
4934 2
251 1
4620 1
210 3
525 4
292 4
293 1
567 1
252 1
211 5
253 1
4937 1
212 1
294 4
1782 1
1741 1
254 1
213 2
1700 2
569 1
295 4
296 1
1701 1
1742 1
4391 1
1783 1
4665 1
255 1
529 1
214 2
4624 1
1784 1
1702 1
1743 1
297 3
215 3
1703 1
298 3
216 2
257 2
1744 2
258 1
1471 2
1786 1
299 2
217 3
1746 1
218 4
259 4
4396 1
4081 1
219 1
4040 1
1789 2
4397 1
1748 1
1475 1
4357 1
1476 1
4002 1
1709 1
1435 1
4084 1
1121 1
1162 1
4003 2
1163 1
1437 1
1478 1
1123 1
4046 1
4005 1
1479 1
1438 1
1164 2
1165 1
1124 3
4007 1
1166 2
4049 1
1126 1
1168 2
1169 1
1129 1
5660 1
5976 1
2780 1
2742 2
2784 2
2702 2
2470 1
5667 1
2744 1
5311 1
5393 1
2703 5
2785 1
2471 1
2704 1
2746 1
2472 1
2431 1
2705 2
5395 1
1081 1
1040 1
2747 2
2707 1
2433 1
1000 2
2789 2
2434 1
2749 2
2708 1
2120 1
5043 2
2477 1
1003 2
2436 1
2123 1
5006 1
1048 1
2166 2
1007 2
1049 1
1008 1
2167 1
2127 1
3780 1
3781 1
3740 1
3782 1
3741 1
3742 1
3701 1
3783 3
3784 1
3743 1
3785 1
3471 1
3745 1
3431 1
6313 1
3472 1
3788 2
3473 2
3707 1
3474 1
3748 2
3433 1
3709 1
3476 1
3161 1
6044 1
6046 1
3165 1
990 1
3167 1
950 2
991 1
910 1
951 3
3129 1
952 2
911 2
994 1
913 2
680 3
914 1
640 1
915 1
956 1
682 1
641 1
600 2
642 3
998 1
916 2
601 1
999 1
602 1
643 2
917 1
685 2
370 2
603 4
919 1
371 3
686 2
4781 1
330 4
331 2
687 1
605 1
4700 1
332 1
647 1
373 3
4742 1
606 1
1860 1
1861 1
648 3
374 4
607 3
333 5
1821 1
375 1
334 5
649 2
1822 1
1863 1
609 1
335 4
376 1
4430 1
336 1
377 3
4705 1
1823 1
337 3
1824 1
378 3
4433 1
1551 1
338 1
379 4
1826 1
1867 2
339 4
1594 1
4477 2
1829 1
4437 1
1281 1
1200 2
1597 1
1282 1
1283 1
4165 1
1202 2
4166 1
1559 1
1244 2
4168 2
1204 1
4169 1
1205 1
1206 1
1207 1
1248 2
1249 3
1209 1
5740 1
2821 3
2862 2
2822 1
2863 1
2823 1
2864 2
2865 1
2551 1
2866 2
2825 1
2552 2
2512 1
2553 2
2868 1
2828 1
2869 1
2514 1
2240 1
2555 1
2200 1
2282 1
2241 3
2242 1
2516 1
2559 2
2285 1
2204 1
5128 1
2247 1
2288 1
2206 2
2289 1
2207 2
2209 2
6740 1
6743 1
7822 1
6788 1
3865 1
3592 1
3866 1
3867 1
3511 1
3595 1
3281 2
3515 1
7200 1
3556 2
3282 1
6438 1
3201 1
3283 1
3242 1
3599 1
3243 1
3202 3
3284 1
3244 2
3285 1
3204 1
3286 1
3287 1
3205 1
3246 2
3207 1
3248 2
3289 1
7209 1
761 2
722 1
763 2
490 1
764 2
450 2
724 1
64 1
766 1
725 2
451 2
492 3
493 1
411 5
452 3
727 1
768 1
412 2
453 1
494 5
728 1
454 1
4823 1
1982 1
495 2
180 3
413 2
496 1
1942 1
414 1
4550 1
455 1
140 2
181 4
456 2
141 5
497 2
1902 1
100 4
415 6
182 3
498 1
101 4
4552 1
457 2
1944 1
4511 1
183 5
416 6
1903 2
142 3
184 2
458 1
417 6
102 5
1945 1
143 4
418 2
1905 1
103 2
1631 1
459 2
1987 1
1672 1
185 2
144 2
419 1
4240 1
104 2
186 3
145 4
4281 1
1632 1
1907 1
105 3
4515 1
187 3
4282 1
147 2
106 2
1949 1
1908 3
189 2
1909 2
1676 2
4202 1
148 4
107 3
1321 1
1362 1
4244 1
108 1
1677 2
149 5
109 7
4204 2
1637 1
4245 1
1323 1
4287 1
1638 1
1639 1
1365 1
4248 1
4208 1
4209 1
1329 1
2940 1
2981 2
2982 1
2900 1
5550 1
2983 1
2943 1
2902 1
2903 1
2670 2
2985 1
5511 1
2904 1
5512 1
2671 1
2672 1
2987 1
2947 3
2673 1
2948 1
2907 1
2674 1
5243 1
2361 1
2676 2
2677 1
2321 1
5285 1
5203 1
2363 2
2637 1
2679 1
2638 1
2323 1
2050 1
2365 1
2324 1
2325 1
2326 1
5208 1
2367 1
2369 1
2328 1
2054 1
2329 1
2056 1
2057 1
2017 1
2019 1
3981 1
3943 1
3985 2
3671 2
3904 2
3631 1
6869 1
3672 1
3673 1
3674 1
3633 1
6282 1
3989 1
3675 1
3360 1
3321 2
3090 1
3323 1
3365 1
3010 2
3052 1
3368 1
3053 1
3328 1
3095 1
3054 1
3369 1
3014 1
3098 2
840 1
3099 1
3017 3
800 1
3018 1
841 3
883 1
843 1
884 2
803 1
885 2
844 1
571 1
846 1
572 2
805 2
887 2
532 1
889 2
574 1
807 1
849 1
260 1
535 2
4986 1
809 1
220 1
261 2
536 1
262 4
221 2
222 3
537 1
4947 1
1750 1
263 3
578 3
1791 1
1792 1
1751 1
579 2
223 1
538 2
1711 1
539 1
1752 1
224 3
4360 1
4361 1
266 2
225 2
4321 1
1713 1
1480 2
267 1
226 3
4362 1
1440 1
1796 1
4322 1
1755 1
227 3
268 4
1715 2
1797 2
269 3
228 3
4639 1
4050 1
1798 1
1716 3
229 4
1717 1
1402 1
4011 1
1759 1
1719 1
1131 1
1488 1
1132 1
1406 1
1489 1
4056 1
1448 1
4097 1
1174 2
1408 1
1449 1
1175 1
4057 1
4016 2
1135 1
4017 1
1136 1
1137 1
1178 1
4019 1
1179 1
1139 1
2790 1
2750 1
2710 3
2793 1
2711 2
2753 2
2713 1
2480 1
2440 3
5363 1
2481 1
5638 1
1090 1
2756 1
2798 1
2442 1
5050 1
2483 1
2484 1
1051 1
1010 1
2402 3
2759 1
2444 2
5368 1
2719 1
5095 1
2172 2
2446 1
2487 2
2405 1
1055 1
5055 1
2447 3
1096 1
2174 1
2448 1
5056 1
2407 1
1098 1
2449 1
1099 2
2176 1
2178 1
1019 1
2179 1
3790 1
3792 1
3710 1
3793 1
3753 1
3713 2
3480 2
3795 1
3440 1
3481 1
3482 1
3400 1
3483 1
3799 1
3484 2
3170 2
3403 1
6094 1
3445 1
3487 3
6328 1
3131 1
3174 2
7407 1
3134 2
3408 2
3175 1
3176 1
3177 1
3137 1
920 1
3179 1
3138 1
3139 1
921 3
964 1
923 2
650 1
965 1
924 2
966 1
925 1
926 1
693 1
652 1
611 2
612 1
927 1
653 1
694 1
695 2
969 1
380 5
655 1
696 1
4750 1
614 4
381 4
340 5
697 1
300 5
382 2
615 1
341 2
4751 1
342 1
1870 1
616 2
383 3
301 3
657 1
384 1
343 5
302 3
699 2
303 1
344 2
618 1
385 3
659 3
386 2
1832 2
4481 1
304 2
345 4
619 1
346 1
1874 1
1833 1
387 4
305 6
306 1
347 3
4483 1
4798 1
1875 1
388 4
348 1
1876 2
389 1
307 2
1836 1
1562 1
349 3
308 1
1837 1
4719 1
1563 2
309 4
1879 1
1838 1
1839 1
1210 1
4448 1
4407 1
1252 1
1211 1
1294 1
1527 4
4136 1
1295 1
1255 2
1214 1
1297 1
1257 1
4139 1
1216 1
1299 1
1217 1
1218 2
1219 1
2871 1
2831 1
2872 2
2832 1
5440 1
2875 1
2834 2
2876 1
2836 1
2562 1
2521 1
2877 1
2837 2
2290 1
5405 1
5132 1
2250 1
2291 2
2839 2
2525 1
2210 1
2566 1
2293 2
2527 1
2212 1
2213 2
2255 1
2296 1
2214 2
5138 1
2256 1
2297 1
2298 1
2217 1
2259 1
2219 1
6790 1
3870 1
3831 1
3832 1
3873 1
3875 1
6798 1
3561 1
3876 1
3562 1
3878 1
3563 2
3564 1
3523 1
3250 1
6174 1
3292 2
3525 1
3251 2
3567 1
3253 1
6135 1
3213 1
3295 1
6178 1
3529 1
3255 2
3214 2
3297 2
3256 1
3217 1
3218 1
3219 1
770 2
730 2
772 1
72 2
774 1
73 1
460 2
734 2
420 2
776 2
461 4
777 1
462 1
75 1
4831 1
421 1
422 3
463 1
1991 2
423 2
190 6
1951 1
464 2
78 1
1952 1
739 1
191 1
1993 1
465 3
1911 2
424 7
150 3
1953 1
110 6
79 2
425 5
192 3
151 4
152 4
426 1
111 3
467 4
1954 2
4521 1
193 5
194 1
1640 1
153 4
1996 1
112 3
427 4
428 1
154 6
469 1
1641 1
195 2
113 4
196 2
429 3
155 6
1916 1
114 3
1643 1
1602 1
197 4
115 2
156 1
116 1
157 4
1959 1
1685 1
198 3
117 2
1330 2
1919 3
199 4
158 2
1687 2
4213 2
159 4
118 2
1647 2
1373 1
119 5
1688 1
1374 1
1333 1
1689 2
1648 2
1608 1
1334 1
1336 1
4218 1
2991 1
2910 1
2951 1
2952 1
2912 1
2953 2
2994 2
2913 2
2995 1
2640 1
2681 2
2914 1
2997 1
2956 1
2682 4
2684 2
2917 2
2603 1
2959 1
2918 1
2644 2
2919 1
2645 1
2686 1
2372 3
2331 1
2688 1
2606 1
5214 1
2333 1
2374 1
5256 2
2649 1
2375 1
2608 2
2061 2
2376 2
2609 1
2021 1
2378 1
2063 2
2337 2
2022 1
2338 1
2069 1
3990 1
3950 1
3910 1
3680 1
6877 1
3995 1
3914 1
7640 1
3681 1
3955 1
3915 2
3682 1
3916 1
3998 1
3683 1
3684 1
3959 1
3686 1
3604 2
3331 3
3688 2
3373 2
3333 1
3609 1
3061 1
3022 1
3063 1
3023 2
3338 1
3339 1
3065 1
3026 1
3027 1
891 3
850 2
892 1
851 1
3028 1
810 1
3029 2
811 1
893 2
813 1
580 3
855 1
581 1
896 1
814 1
582 1
897 2
541 3
857 1
501 1
898 2
816 1
583 2
899 1
543 2
502 1
859 2
270 3
503 3
544 2
819 1
545 1
271 4
230 4
231 1
272 1
587 1
4997 1
505 5
588 1
232 1
4642 1
506 2
1760 1
273 3
547 1
548 1
274 1
507 1
589 2
1720 1
233 4
549 1
275 4
4685 1
1722 1
276 5
509 2
235 2
1764 1
236 3
277 2
1450 1
237 2
278 1
1766 1
1451 2
1725 1
238 2
279 4
239 3
1494 1
1412 1
4376 1
4062 1
1769 1
4021 1
4336 1
1180 2
1414 1
1140 1
4063 1
1455 1
1456 1
4023 1
4064 1
4379 1
1182 1
1100 1
1183 1
1498 1
1417 1
1102 2
1459 1
1103 1
1144 1
1185 2
4067 1
1186 1
1104 1
1145 2
1106 1
1147 1
1189 1
1148 1
1108 1
1109 1
2760 1
2761 2
2762 1
2721 4
2722 3
2765 1
2724 1
2492 1
5333 1
2766 2
5060 1
2411 1
5375 1
2767 2
2452 1
2727 1
2768 2
2728 1
2454 1
2180 1
2769 1
2495 2
2729 2
5378 1
1023 1
2415 2
2497 1
5065 1
2457 1
2142 2
1065 3
2101 1
2102 1
2417 1
2499 1
2458 1
1026 1
2185 1
2145 2
2187 2
2146 1
1028 1
2147 1
2148 3
2149 1
6912 2
3761 1
3762 2
3722 2
3763 1
3490 1
3764 1
3723 1
6332 1
3450 1
3491 1
3492 1
3725 1
3412 1
3768 1
3727 2
3413 1
3180 1
3769 2
3496 1
6337 1
3181 2
3729 1
3414 1
3497 3
3456 2
3182 1
3183 2
3457 2
3499 1
3184 1
3417 1
3418 1
3459 3
3185 3
6027 1
3419 1
3104 1
3105 1
3187 1
3147 1
970 1
3107 1
3189 2
3108 1
933 1
660 1
620 3
936 1
662 2
978 1
663 2
390 2
979 1
664 3
665 2
391 1
350 3
625 1
351 2
310 1
311 1
393 4
352 4
667 2
668 2
394 2
353 4
312 5
1841 1
395 3
313 2
354 8
628 4
314 1
4765 1
1801 1
1883 1
1842 2
355 1
396 3
1884 1
397 3
315 2
4451 1
356 3
1843 1
1570 1
398 1
357 5
1804 1
1845 1
4768 1
317 2
4412 1
1805 1
1846 1
1531 2
4180 1
1572 1
318 4
4454 1
359 4
4181 1
1847 2
4140 2
1888 2
1532 2
319 3
4415 1
4498 1
4102 1
1220 1
4458 1
4459 1
1221 1
1536 1
4103 1
4104 1
4419 1
1578 1
1579 1
1264 1
4188 1
1265 1
1224 2
1225 1
1266 2
1267 1
1226 1
1228 1
5760 1
2881 1
2883 1
5450 1
2801 1
5451 1
2802 1
5493 1
2885 2
2803 1
2886 1
2846 2
2887 3
5455 1
2806 1
2807 2
2848 1
2260 1
2575 1
2534 1
2809 1
5458 1
2261 1
2577 1
2536 2
2262 1
2221 1
5145 1
2223 1
2264 1
2579 1
2539 1
2225 1
