2621 1
2622 2
2623 1
2624 2
2625 3
2626 1
2628 4
2629 5
3490 2
3491 3
3492 3
3493 2
3494 2
3495 6
3496 4
3498 4
3499 2
1300 51
1301 52
1302 69
1303 63
1304 58
1305 56
1306 60
7388 1
1307 54
1308 58
1309 52
3950 1
2170 6
2171 4
3951 2
3952 1
2172 12
2173 4
3953 3
3954 3
2174 6
3955 2
2175 6
6051 1
3956 2
2176 12
3957 1
2177 5
1 1
3958 1
2178 8
3959 1
3 2
2179 5
4 2
5 1
6 1
7 1
8 1
9 2
7844 1
7845 1
2630 2
2631 4
2632 4
2633 5
2634 4
2635 1
2636 3
2637 5
2638 7
2639 6
1310 59
1311 52
1312 50
1313 69
1314 57
1315 67
1316 61
1317 57
1318 61
1319 49
2180 9
3960 3
3961 2
2181 7
2182 6
3962 3
2183 2
3963 1
3964 2
2184 4
2185 10
2186 8
3967 4
2187 4
3968 1
6063 1
2188 6
2189 10
3969 1
6067 1
6069 1
7853 2
7854 1
2641 3
2642 2
2643 5
2644 3
2645 3
2646 3
2647 2
400 1709
2648 7
401 1707
2649 4
402 1584
403 1648
404 1619
405 1694
406 1689
407 1637
408 1655
409 1697
1320 48
1321 65
1322 69
1323 52
1324 53
5200 1
1325 43
1326 45
5202 3
1327 46
1328 63
1329 60
5205 1
5206 4
5207 3
5208 3
5209 2
3970 1
2190 12
3971 2
2191 5
2192 6
3972 3
3973 1
2193 8
3974 3
2194 9
3975 5
2195 4
3976 1
2196 7
3977 1
2197 9
3978 2
2198 9
3979 3
2199 7
6076 1
6078 2
7863 1
7868 1
2650 4
2651 3
2652 4
2653 2
2654 5
2655 3
6530 1
2656 2
2657 3
410 1590
411 1592
2658 1
2659 6
412 1611
6535 1
413 1653
414 1658
415 1677
416 1661
417 1667
418 1736
419 1662
1330 58
1331 53
1332 47
1333 47
1334 46
5210 3
1335 55
5211 2
1336 54
5212 2
1337 49
5213 2
1338 51
5214 1
1339 49
5215 1
5216 2
5217 2
5218 3
5219 2
3981 2
3982 1
3983 1
3984 3
3985 5
3986 1
3987 2
3988 2
7870 1
7877 1
2660 1
2661 1
2662 2
2663 3
2664 4
2665 6
2666 2
420 1687
2667 3
2668 2
421 1641
2669 1
422 1636
423 1677
424 1619
425 1639
426 1600
427 1672
428 1682
429 1659
1340 63
1341 58
1342 51
1343 49
1344 52
5220 4
1345 55
1346 61
5222 1
1347 58
5223 1
1348 52
5224 2
1349 35
5225 4
5226 1
5228 1
5229 2
3990 1
3991 2
3992 1
3994 2
3995 3
3996 4
3997 1
3999 2
1800 11
1801 9
1802 9
1803 10
1804 6
1805 8
1806 6
1807 7
1808 5
1809 12
2670 3
2671 3
2672 3
2673 6
2674 4
2675 7
2676 1
2677 2
430 1574
2678 7
431 1604
2679 9
432 1569
433 1682
434 1649
435 1663
436 1649
437 1681
438 1606
439 1734
1350 49
1351 65
1352 50
1353 52
1354 40
5230 3
1355 49
1356 46
5232 2
1357 47
5233 1
1358 41
5234 6
1359 49
5235 2
5236 1
5238 2
5239 3
1810 5
1811 6
1812 12
1813 2
1814 6
1815 12
1816 7
7898 1
1817 8
1818 6
1819 7
2680 4
2681 3
2682 4
2684 4
2685 5
2686 1
2687 3
440 1629
2688 4
441 1628
2689 3
442 1721
6565 1
443 1660
444 1638
445 1640
446 1680
447 1655
448 1694
449 1631
1360 44
1361 48
1362 31
1363 39
1364 38
5240 1
1365 37
1366 37
5242 1
1367 42
900 429
5243 1
1368 55
901 435
5244 2
1369 37
902 458
5245 2
903 468
5246 2
904 428
5247 2
905 431
906 452
5249 2
907 426
908 433
909 429
1820 14
1821 3
1822 4
1823 10
1824 4
5700 1
1825 7
5701 2
1826 7
5702 2
1827 8
1828 12
5704 1
1829 12
5706 2
5707 1
5708 3
5709 1
2690 2
2691 7
2692 4
2693 2
2694 2
2695 7
2696 1
2697 2
450 1682
6573 1
2698 1
451 1666
2699 3
452 1653
453 1629
454 1652
455 1593
6577 1
456 1568
457 1628
458 1638
459 1640
1370 57
1371 55
1372 55
1373 38
1374 43
5250 1
1375 46
1376 49
5252 2
1377 34
910 407
5253 2
1378 49
911 404
1379 37
912 415
913 452
914 398
5257 1
915 397
5258 3
916 401
5259 1
917 441
918 371
919 400
1830 6
1831 7
1832 9
1833 8
1834 6
5710 2
1835 9
1836 7
5712 1
1837 13
1838 6
1839 6
5717 3
5719 2
6580 1
460 1661
461 1651
462 1690
463 1737
464 1580
465 1693
466 1585
467 1597
468 1691
469 1621
1380 36
1381 37
1382 50
1383 41
1384 39
5260 1
1385 46
5261 1
1386 41
920 373
5262 4
1387 21
921 357
1388 34
922 382
5264 1
1389 42
923 414
5265 5
5266 1
924 390
5267 2
925 379
926 363
5268 2
5269 1
927 388
928 386
929 419
1840 5
1841 7
1842 10
1843 7
1844 10
1845 6
1846 6
1847 4
1848 8
5723 1
5724 1
1849 4
5726 1
470 1635
471 1662
472 1600
6595 1
473 1696
474 1659
475 1660
476 1691
477 1581
478 1624
479 1718
4401 3
4402 2
4403 2
4405 1
4406 4
4407 2
4408 5
1390 47
1391 45
1392 36
1393 50
1394 46
5270 2
1395 31
5271 3
1396 38
5272 1
930 323
1397 48
5273 1
931 373
1398 23
5274 3
932 352
1399 42
5275 1
933 385
934 337
5277 2
935 345
936 353
5278 3
5279 1
937 372
938 352
939 341
1850 10
1851 11
1852 7
1853 7
1854 3
1855 9
5731 1
1856 6
1857 3
5732 1
5733 1
1858 4
1859 7
5734 2
5735 1
5736 1
5737 1
480 1665
481 1626
482 1721
483 1664
484 1637
485 1659
486 1650
487 1632
488 1645
489 1699
4410 2
4411 2
4412 3
4413 2
4414 1
4416 2
4417 4
4419 4
8300 1
8303 1
5280 2
5282 3
940 336
8306 1
5283 3
941 363
5284 1
942 343
5285 1
943 343
5286 2
944 337
5287 2
945 315
5288 2
946 345
5289 4
947 330
948 348
949 316
1860 11
1861 9
1862 7
1863 3
1864 15
5740 2
1865 9
1866 8
5741 1
5742 1
1867 9
5743 1
1868 8
1869 11
5747 1
5748 3
490 1605
491 1695
492 1570
493 1645
494 1629
495 1635
496 1596
497 1652
498 1652
499 1608
4420 2
4422 3
4423 3
4424 2
4425 1
4426 2
4427 5
4428 1
4429 1
8311 1
5290 3
5292 4
950 335
5293 1
951 304
5294 2
952 311
8318 1
5295 4
953 309
954 290
955 326
5298 1
956 322
5299 2
957 321
958 318
959 290
3100 2
3101 5
3102 3
3103 2
3104 4
3105 4
3106 4
3107 3
3108 4
3109 4
1870 4
1871 4
1872 8
1873 9
1874 6
1875 6
1876 11
5752 2
1877 8
1878 6
5754 1
1879 7
5755 1
5756 1
5757 2
4430 2
4431 2
4432 1
4433 1
4434 2
4435 2
4436 2
4438 1
4439 2
8325 1
960 301
961 288
962 285
963 300
964 319
965 309
966 274
967 308
968 286
969 299
3110 4
3111 3
3112 2
3113 5
3114 5
3115 3
3116 2
3117 5
3118 4
3119 1
1880 7
1881 6
1882 7
1883 8
1884 9
1885 11
1886 7
1887 8
7006 1
1888 8
5763 1
1889 5
5765 1
5766 1
5767 2
5768 1
4440 1
4441 4
4442 4
4444 4
4445 1
4446 2
4448 3
4449 1
8332 1
8333 1
970 248
971 264
972 262
973 326
974 269
975 293
976 305
977 299
978 245
979 285
4900 3
3120 2
3121 2
4901 2
4902 1
3122 3
3123 4
3124 3
4905 2
3126 1
4907 1
3127 2
4908 1
3128 4
3129 4
1890 8
1891 10
1892 5
1893 6
7012 1
1894 9
7013 1
1895 3
5770 2
1896 11
1897 14
1898 4
1899 8
7018 1
5778 1
5779 1
4450 2
4451 3
4452 2
4453 1
4454 2
4455 2
4456 1
4457 4
4458 1
4459 1
980 286
981 270
982 280
983 264
984 305
985 253
986 280
987 282
988 266
989 273
3130 1
4910 2
3131 2
3132 5
4912 1
4913 1
3133 3
4914 1
3134 4
3135 4
4915 3
3136 1
4916 2
3137 1
4917 2
3138 1
4918 1
3139 1
4919 2
5781 1
5782 2
5784 1
5785 2
5786 1
5788 2
4460 3
4461 2
4462 3
4463 1
4464 1
4465 3
4466 3
4467 1
4468 1
4469 2
8353 1
990 256
991 260
992 247
993 260
994 287
995 226
996 248
997 226
998 230
999 239
3140 7
3141 2
4921 1
3142 2
3143 5
3144 3
4924 1
3145 4
3147 4
3148 4
3149 1
5790 1
5791 2
5793 1
5794 2
5796 1
5797 2
3600 2
3602 3
3604 1
3606 5
3607 3
3608 3
3609 3
4470 2
4471 2
4473 3
4474 1
4475 2
4476 2
4477 2
4478 2
4479 3
3150 6
3151 1
4931 2
4932 1
3152 1
3153 5
3154 4
4935 1
3155 4
4936 1
3156 2
4937 1
3157 2
3158 3
4939 1
3159 3
7040 1
7044 1
7049 1
3610 3
3611 1
3612 3
3613 4
3614 3
3615 4
3616 4
3617 2
3618 1
3619 3
4481 8
4482 1
4483 1
4485 2
4486 1
4487 1
4488 4
4489 3
8370 1
8371 1
8372 1
8373 1
3160 3
3161 2
4941 2
4942 2
3162 2
3163 4
4943 1
3164 2
4944 1
3165 3
4946 2
3166 2
3167 4
4947 3
4948 1
3168 5
4949 1
3169 2
7056 1
3620 2
3621 3
3622 2
3623 2
3624 3
3625 1
3627 2
3628 1
3629 2
4490 3
4491 3
4492 1
4493 3
4494 1
4495 1
4496 1
4497 2
4498 2
2300 7
2301 5
2302 2
2303 7
2304 2
8386 1
2305 5
2306 5
2307 3
2308 4
2309 3
4950 2
3170 2
4951 2
3171 3
3172 1
4953 3
3173 2
3174 6
3175 5
4955 2
4956 1
3176 3
3177 2
4957 1
4958 1
3178 4
3179 2
7060 1
3630 1
3631 1
3632 2
3633 1
3634 1
3635 2
3636 3
3637 1
3638 11
3639 1
8391 1
2310 4
2311 3
8393 1
2312 3
2313 3
2314 1
8395 1
2315 6
2316 4
2317 6
8399 2
2318 7
2319 5
4960 3
3180 5
4961 1
3181 6
3182 4
4962 2
3184 3
3185 2
4965 1
3186 4
4966 1
4967 1
3187 3
3188 5
3189 1
7072 1
7076 1
7079 1
3640 1
3641 3
3642 2
3643 2
3644 3
3645 4
3646 1
3647 4
3648 4
3649 4
2320 9
2321 9
2322 7
2323 5
2324 8
2325 4
2326 3
2327 3
2328 5
6204 1
2329 4
6205 2
6209 1
4970 3
3190 8
4971 1
3191 4
-110 1
3192 1
4972 1
3193 4
4973 4
3194 2
-114 1
3195 2
3196 4
4977 1
3197 1
3198 1
4978 1
3199 5
3650 4
3651 6
3652 3
3653 1
3654 3
3655 4
3656 1
3657 3
3658 4
3659 1
2330 4
2331 4
2332 4
2333 5
2334 7
2335 3
2336 3
2337 3
2338 3
2339 7
6216 1
6218 1
4980 1
4983 1
4984 1
4985 2
4986 1
1000 249
4987 2
1001 245
1002 241
4989 2
1003 235
1004 248
1005 247
1006 260
7091 1
1007 228
1008 258
1009 235
7095 1
3660 2
3661 4
3662 7
3663 3
3665 1
3666 3
3667 5
3668 3
3669 1
7552 1
2340 5
2341 3
2342 1
2343 2
2344 3
2345 1
2346 6
2347 4
100 5826
6223 1
101 5913
2348 7
6224 1
102 5835
2349 4
103 5779
104 5684
105 5751
106 5626
6229 2
107 5680
108 5551
109 5418
4992 1
-131 1
4993 1
4994 1
-134 1
4995 3
1010 219
4997 2
1011 192
4998 2
1012 229
4999 1
1013 240
1014 207
1015 228
1016 237
2800 7
1017 211
2801 4
1018 244
2802 2
1019 239
2803 6
2804 3
2805 3
2807 4
2808 1
2809 4
3670 4
3671 4
3672 1
3673 2
3674 1
3675 4
3676 4
3677 4
3678 5
3679 1
7560 1
2350 2
2351 6
2352 4
2353 11
2354 5
2355 5
2356 6
110 5488
2357 6
111 5524
2358 4
2359 3
112 5327
113 5178
114 5182
115 5127
6238 2
116 5157
117 5180
118 5183
119 4971
1020 192
1021 260
-146 1
1022 243
1023 209
1024 209
1025 214
1026 213
2810 6
1027 186
1028 176
2811 5
1029 211
2812 3
2813 5
2814 1
2815 4
2816 3
2817 2
2818 3
2819 6
3680 1
3681 2
3682 2
3683 3
3684 4
3685 3
3686 2
3687 3
3688 4
3689 4
2361 4
2362 6
2363 5
2364 1
2365 3
2366 7
2367 7
120 4751
2368 3
121 4877
2369 8
122 4752
123 4761
124 4723
125 4752
126 4549
127 4581
128 4512
-150 1
129 4332
1030 178
1031 237
1032 233
1033 198
1034 185
1035 210
1036 216
2820 3
1037 194
2821 4
1038 188
2822 4
1039 173
2823 5
2824 4
2826 2
6701 1
2827 2
2828 3
2829 6
3690 2
3691 2
3692 4
3693 3
3694 4
3695 4
3696 2
3697 6
3698 6
3699 4
1500 16
1501 22
1502 18
1503 29
1504 26
1505 18
1506 24
1507 28
1508 27
1509 16
2370 4
2371 8
2372 4
2373 6
2374 5
2375 3
2376 3
2377 3
130 4419
2378 5
131 4373
6254 1
2379 8
132 4345
133 4198
134 4256
135 4114
6258 1
136 4139
137 4120
138 4056
139 4021
1040 200
1041 195
1042 206
1043 207
1044 198
1045 194
1046 196
2830 2
1047 176
2831 1
1048 186
2832 3
1049 176
2833 5
2834 1
2835 1
2836 2
2837 6
2838 3
2839 4
1510 24
1511 22
7593 1
1512 17
1513 29
1514 37
1515 25
1516 24
1517 24
1518 29
1519 20
2380 5
2381 9
2382 4
2383 6
2384 5
2385 4
2386 3
2387 4
140 3999
2388 6
141 4044
142 3851
2389 3
143 3874
144 3801
145 3834
146 3835
147 3878
148 3682
149 3666
1050 181
1051 177
1052 180
1053 188
1054 162
1055 175
1056 178
2840 6
1057 174
2841 1
1058 173
2842 1
1059 176
2843 4
2844 2
2845 3
2846 3
2847 1
600 1545
2848 1
601 1546
602 1563
603 1595
604 1577
605 1503
606 1539
607 1595
608 1615
609 1549
1520 18
1521 31
1522 17
1523 16
1524 26
1525 33
5401 1
1526 24
5402 1
1527 20
5403 3
1528 22
1529 31
5406 1
5407 2
5408 2
5409 2
2390 6
2391 6
2392 3
2393 3
2394 3
2395 1
2396 2
2397 3
150 3600
151 3670
2398 3
2399 1
152 3601
6274 1
153 3537
154 3523
155 3510
156 3494
157 3373
158 3436
159 3507
-181 1
1060 183
1061 169
1062 170
1063 154
1064 161
1065 169
1066 168
2850 2
1067 161
2851 1
1068 166
1069 163
2852 5
2853 4
2854 2
2855 2
2856 3
610 1540
2857 7
2858 2
611 1630
612 1561
2859 6
613 1617
614 1531
615 1520
616 1555
617 1481
618 1499
619 1517
1530 11
1531 17
1532 14
1533 21
1534 19
5410 3
1535 19
5411 1
1536 21
1537 17
1538 19
1539 13
5415 1
5417 1
5418 1
5419 1
160 3418
6283 1
161 3413
162 3336
163 3439
164 3131
6287 1
165 3295
166 3168
6289 1
167 3236
168 3224
169 3246
-191 1
1070 205
1071 168
1072 161
1073 158
1074 167
1075 160
1076 163
2860 2
1077 142
2861 1
1078 144
2862 2
1079 139
2863 1
2864 2
2865 1
2867 1
620 1498
2868 4
621 1539
622 1522
2869 2
623 1518
624 1526
625 1497
626 1555
627 1452
628 1476
629 1471
1540 23
1541 23
1542 24
1543 26
1544 16
5420 2
1545 20
5421 4
1546 23
5422 1
1547 28
5423 2
1548 12
5424 2
1549 20
5427 1
5428 2
170 3262
171 3121
172 3084
6295 1
173 3081
174 3153
175 3058
176 3014
6299 1
177 2990
178 2878
179 2934
4100 3
4101 3
4103 4
1080 161
4104 2
1081 140
4105 1
1082 152
4106 1
1083 166
4107 2
1084 150
4108 1
1085 159
1086 144
2870 2
1087 143
2871 7
1088 152
2872 1
1089 156
2873 1
2874 3
2875 6
2876 2
2877 7
630 1516
2878 4
631 1473
2879 3
632 1480
633 1507
6756 2
634 1580
6757 1
635 1530
636 1426
637 1483
638 1467
639 1437
1550 21
1551 17
1552 18
1553 22
1554 16
5430 5
1555 15
5431 1
1556 13
5432 1
1557 22
5433 4
1558 15
5434 3
1559 27
5435 1
5436 1
5437 2
5438 3
180 2926
181 2886
182 2869
183 2860
184 2874
185 2848
186 2865
187 2789
188 2815
189 2763
4110 1
4112 2
4113 1
1090 149
1091 146
4114 3
4115 4
1092 137
4116 2
1093 145
4117 1
1094 145
4118 1
1095 134
1096 163
2880 1
1097 147
2881 1
1098 117
2882 5
1099 129
2883 3
2884 2
2885 3
2886 5
2887 4
640 1467
2888 4
641 1413
2889 5
642 1398
643 1352
644 1476
645 1486
646 1461
647 1436
648 1427
649 1382
1560 26
1561 17
1562 25
1563 19
1564 14
1565 14
1566 25
5442 1
1567 20
5443 2
1568 11
5444 1
1569 18
5445 1
5446 1
5447 1
5448 1
5449 2
190 2706
191 2793
192 2680
193 2625
194 2719
195 2695
196 2749
197 2692
198 2640
199 2595
4120 1
5904 1
4125 2
5906 1
4126 1
4128 2
5908 1
5909 1
4129 3
2890 1
2891 4
2892 2
2893 4
2894 4
2895 1
2896 7
8015 1
2897 4
650 1414
651 1466
2898 2
2899 1
652 1399
653 1436
654 1424
655 1470
656 1412
657 1404
658 1385
659 1402
1570 23
1571 13
1572 14
1573 22
1574 23
5450 2
1575 21
5451 3
1576 25
5452 4
1577 25
5453 2
1578 25
5454 3
1579 23
5455 2
5457 2
5458 5
4131 2
5912 2
4133 2
5914 1
4136 1
5917 1
4137 1
5919 1
4139 3
8021 2
660 1476
8026 1
661 1335
662 1435
6785 1
663 1406
8029 1
664 1427
665 1349
666 1406
667 1439
668 1408
669 1358
1580 19
1581 22
1582 22
1583 16
1584 24
1585 20
5461 1
1586 17
5462 1
1587 18
1588 20
5464 1
1589 13
5465 2
5467 1
5468 1
4140 3
5922 1
4142 2
4143 2
4144 1
5924 1
5925 1
4145 1
4146 1
5927 1
4147 3
4149 1
670 1329
671 1425
672 1380
673 1312
674 1364
675 1373
676 1352
677 1315
678 1304
679 1283
4600 2
4601 1
4602 2
4603 2
4604 4
4605 2
4607 3
4608 1
4609 4
1590 19
1591 20
1592 17
1593 18
1594 13
5470 2
1595 16
1596 14
1597 19
5473 1
1598 14
5474 2
1599 16
5475 1
5476 1
5479 1
4151 2
4152 4
4153 3
4154 1
4155 2
4156 3
4157 2
4158 1
4159 2
8045 1
680 1312
8046 1
681 1345
682 1369
683 1397
684 1367
685 1257
686 1346
687 1298
688 1177
689 1268
4611 1
4612 2
4613 1
4614 4
4616 2
4617 4
4619 1
8500 1
8501 1
8502 5
8503 1
5480 1
5481 2
8504 4
8505 3
8506 2
5483 2
5484 2
8507 3
8508 3
8509 3
5488 3
5489 1
5942 1
4163 3
5944 2
4164 2
4168 1
4169 1
8053 1
690 1267
8056 1
691 1250
692 1271
8058 1
693 1278
694 1285
695 1196
696 1241
697 1272
698 1228
699 1214
4620 4
4621 3
4622 3
4623 1
4624 3
4625 2
4626 3
4627 2
4628 1
4629 2
8510 4
8511 5
8512 5
8513 3
8514 1
5492 1
8515 2
8516 1
5493 1
5494 3
8517 3
8518 2
5496 1
8519 5
5497 1
5498 2
3300 2
3301 1
3302 1
3304 2
3305 1
3306 3
3307 3
3308 4
3309 5
5950 1
4170 1
4171 1
4172 2
4173 3
4174 1
4175 4
4176 1
4177 3
4178 3
4179 2
4630 2
4631 3
4632 2
4633 2
4634 1
4635 2
4638 6
8520 5
8521 6
8522 1
8523 4
8524 8
8525 2
8526 1
8527 7
8528 5
8529 6
3310 2
3311 2
3312 2
3313 1
3314 1
3315 3
3316 4
3317 3
3319 3
4180 2
7205 1
4182 2
4183 3
4184 4
4185 1
7208 1
4186 1
7209 1
4187 2
4188 2
8074 2
8075 1
4640 2
4641 2
4642 2
4643 1
4645 2
4647 1
8530 3
8531 3
8532 4
8533 6
8534 6
8535 8
8536 14
8537 13
8538 7
8539 10
3320 2
3321 2
3322 1
3323 1
3324 2
3325 7
3326 2
3327 3
3328 3
3329 2
4190 2
4191 1
4192 1
4193 3
4194 5
5975 1
4195 2
4196 2
4197 2
5978 1
4198 1
4199 3
2000 7
8082 1
2001 9
2002 5
8083 1
2003 6
2004 6
2005 7
2006 5
2007 8
2008 8
2009 11
4650 2
4651 4
4652 1
4653 4
4654 1
4656 2
4657 3
4658 1
4659 1
8540 13
8541 13
8542 14
8543 12
8544 16
8545 16
8546 5
8547 15
8548 14
8549 5
3330 3
3331 1
3332 2
3333 4
3334 3
3335 2
3336 3
3338 2
3339 2
5981 1
5989 1
2010 9
2011 6
2012 11
2013 9
2014 13
2015 2
2016 3
2017 5
2018 8
2019 4
4660 1
4661 2
4663 1
4664 1
4666 1
4667 2
4668 1
4669 2
8550 14
8551 6
8552 8
8553 5
8554 5
8555 6
8556 5
8557 9
8558 3
8559 6
3340 4
3341 4
3342 1
3343 3
3344 3
3345 2
3346 3
3347 1
3348 1
5999 2
3800 2
2020 4
2021 9
3802 3
2022 15
3803 1
2023 5
3804 1
2024 10
3805 1
2025 4
2026 5
3806 4
2027 3
3807 4
3808 1
2028 7
2029 9
3809 2
4670 1
4671 1
4673 3
4675 3
4676 1
4677 2
4678 2
4679 3
8560 6
8561 5
8562 2
8564 1
8565 1
8566 3
8567 1
8568 1
8569 1
3350 1
3351 4
3352 3
3354 2
3355 2
3356 1
3357 2
3358 1
3359 4
2030 3
3811 3
2031 7
2032 5
3813 4
2033 5
3814 6
2034 6
3815 3
2035 8
3816 1
2036 16
3817 5
2037 8
3818 2
2038 10
3819 1
2039 15
4680 2
4681 2
4682 1
7707 1
4684 5
4686 2
4688 1
4689 1
8570 2
8573 1
3361 3
3362 3
3363 1
3364 3
3366 2
3367 1
3368 1
3369 1
3820 3
2040 4
2041 6
3822 2
2042 9
3823 4
2043 10
3824 2
2044 8
3825 2
2045 6
3826 2
2046 10
3827 1
2047 14
3828 4
2048 6
2049 5
3829 1
7712 1
4690 5
4691 1
7714 1
7715 1
4693 1
7717 1
4694 2
4696 3
4699 1
8581 1
2500 3
8582 1
2501 2
2502 4
8583 1
2503 3
2504 3
8586 2
2505 3
2506 4
2507 3
2508 2
3371 1
3372 5
3374 3
3375 1
3376 1
3377 3
3378 1
3379 3
3830 1
2050 4
3831 3
2051 12
3832 2
2052 10
2053 12
3834 1
2054 8
3835 2
2055 8
3836 3
2056 11
3837 1
2057 9
2058 6
3838 1
3839 2
2059 5
7722 1
7723 1
8591 1
2510 3
2511 2
8593 1
2512 1
2513 2
2514 2
2515 3
2516 2
2517 2
2518 2
2519 2
3380 4
3381 3
3383 1
3384 5
3385 2
3387 1
3388 3
3389 2
2060 13
3841 3
2061 9
3842 1
2062 4
3843 1
2063 12
2064 7
3845 3
2065 6
2066 7
3846 3
3847 1
2067 6
2068 10
3848 3
3849 1
2069 7
7732 2
7734 2
7738 1
2520 4
2521 2
2522 4
2523 1
2524 6
2525 4
2526 1
6401 1
2527 1
2528 2
2529 2
6404 1
3390 1
3391 1
3392 3
3393 4
3394 3
3396 2
3397 1
3398 1
3399 2
1200 86
1201 97
1202 74
-1 1
1203 79
1204 62
1205 84
-4 2
1206 99
7288 1
1207 77
-6 1
1208 88
1209 98
2070 2
3851 1
2071 10
3852 2
2072 9
3853 1
2073 4
3854 1
2074 5
3855 1
2075 10
2076 6
3857 2
2077 7
2078 3
3858 3
2079 12
7741 1
7742 1
7743 1
7745 1
7749 1
2531 2
2532 5
2533 4
2534 2
2535 4
2537 1
2538 1
2539 3
1210 82
1211 74
1212 91
1213 82
1214 84
1215 90
1216 81
1217 82
1218 78
1219 79
3860 2
2080 8
3861 2
2081 8
2082 9
3863 3
2083 7
2084 9
3864 4
2085 4
3865 4
3866 3
2086 9
2087 5
3868 3
2088 10
3869 3
2089 13
7752 1
7753 2
7757 2
7758 1
7759 1
2540 7
2541 5
2542 4
2543 4
2544 3
2545 5
2546 2
300 1935
2547 4
301 1886
2549 3
302 1969
303 1959
6426 1
304 1873
305 1896
306 1916
307 1856
308 1888
309 1912
1220 78
1221 88
1222 70
1223 82
1224 73
5100 1
1225 69
5101 3
1226 74
5102 1
1227 69
1228 86
1229 81
5107 2
5108 1
3870 1
2090 8
3871 1
2091 9
2092 7
3873 1
2093 12
3874 2
2094 8
3875 3
2095 7
2096 8
3877 3
2097 13
2098 8
3878 2
3879 2
2099 8
7765 2
7767 1
7768 2
2550 4
2551 2
2552 2
2553 1
2554 3
2555 4
2556 5
2557 2
310 1939
311 1901
6433 1
2559 4
312 2003
313 1992
314 1857
315 1856
316 1875
317 1886
318 1924
319 1876
1230 89
1231 87
1232 78
1233 87
1234 69
5110 2
1235 83
1236 68
5112 1
1237 78
1238 72
5114 3
1239 81
5115 2
5116 1
5117 1
5118 1
5119 4
3880 6
3881 2
3882 5
3883 3
3884 4
3886 3
3887 2
3888 2
3889 2
7770 1
7773 1
7776 1
7777 1
2560 4
2561 4
2562 2
2563 5
2564 2
2565 4
2567 1
320 1812
321 1884
2569 2
322 1851
323 1882
324 1817
325 1856
326 1759
327 1896
328 1829
329 1805
1240 77
1241 74
10 2
1242 68
1243 86
11 4
1244 64
12 2
1245 88
13 3
5121 1
14 2
1246 59
15 1
6902 1
5122 2
1247 79
5123 1
1248 75
17 1
5124 1
1249 90
18 5
6905 1
5125 1
5126 1
6906 1
19 3
6907 1
5127 3
5129 2
6909 1
3890 1
3891 5
3892 2
3893 2
3894 4
3895 2
3896 2
3897 2
3898 1
3899 1
1700 16
1701 15
1702 11
7784 1
1703 17
1704 9
1705 11
1706 7
1707 11
1708 12
1709 9
2570 3
2571 4
2572 1
2573 4
2574 2
2575 5
2576 2
2577 1
330 1801
331 1775
2579 2
332 1796
333 1814
334 1755
335 1826
6458 1
336 1829
337 1746
338 1850
339 1795
1250 66
1251 69
1252 75
20 5
21 7
1253 75
1254 52
22 3
23 2
5130 2
1255 82
5131 3
1256 64
24 5
5132 2
25 5
1257 90
6913 1
5133 3
1258 64
26 8
5134 1
27 4
1259 68
6915 1
5135 4
28 7
5136 1
6916 2
29 5
5137 1
5138 2
6919 2
5139 1
1710 11
7792 2
1711 6
1712 11
7794 3
1713 3
7795 1
1714 7
1715 16
1716 16
7798 1
1717 18
1718 10
1719 8
2580 1
2581 2
2582 2
2583 2
2584 1
2585 1
2586 2
2587 3
340 1771
2588 2
341 1787
6464 1
2589 3
342 1769
343 1817
6466 1
344 1840
345 1839
346 1756
347 1751
348 1736
349 1758
1260 74
1261 71
1262 68
30 8
31 3
1263 67
32 5
1264 82
6920 1
5140 2
1265 62
33 16
5141 3
1266 62
34 16
6922 1
5142 1
1267 49
35 26
800 744
5143 5
1268 73
36 41
801 761
6924 1
5144 4
1269 77
37 57
802 740
5145 1
6925 1
38 99
803 743
6926 2
5146 2
39 146
804 765
6927 1
805 728
5148 1
806 755
5149 2
807 742
808 724
809 759
1720 6
1721 11
1722 11
1723 7
1724 11
1725 8
1726 11
1727 9
5603 3
1728 14
1729 15
5605 3
5606 3
5607 2
2590 3
2591 3
2592 4
2593 2
2594 1
2595 1
2596 2
350 1687
2597 5
2598 1
351 1778
2599 4
352 1756
353 1779
6475 2
354 1723
355 1697
356 1752
357 1715
358 1714
359 1741
1270 62
1271 58
1272 61
40 237
1273 62
41 437
1274 75
42 664
1275 71
43 943
1276 63
44 1327
6932 1
5152 2
810 763
1277 70
45 1765
5153 2
811 743
1278 83
46 2306
812 691
5154 2
1279 67
47 2676
5155 1
813 723
48 3260
5156 1
814 723
49 3659
6937 1
815 707
5158 2
816 700
5159 1
817 701
818 693
819 696
9042 1
1730 6
1731 8
1732 4
1733 11
1734 6
5610 1
1735 13
5611 1
1736 14
1737 8
1738 7
1739 9
5615 1
5617 1
5619 1
360 1721
361 1752
362 1684
363 1660
364 1684
365 1786
366 1730
367 1720
368 1742
369 1754
1280 61
1281 54
1282 56
50 4235
1283 59
51 4744
1284 56
52 5197
5160 2
1285 61
53 5609
5161 1
1286 64
54 5994
5162 4
1287 65
55 6477
820 700
5163 1
1288 54
56 6813
821 691
1289 58
57 7157
822 697
5165 3
58 7655
823 725
5166 1
59 7864
824 645
5167 2
6947 1
825 672
5168 2
826 738
827 641
828 662
829 618
1740 16
1741 10
1742 6
1743 7
1744 6
1745 10
1746 11
1747 9
5623 1
1748 10
1749 14
5625 2
5626 1
5627 2
370 1645
371 1696
372 1721
373 1658
374 1633
375 1644
376 1661
377 1732
378 1646
379 1769
4300 2
4301 2
4306 1
4307 2
4308 2
4309 3
1290 67
1291 70
1292 49
60 8015
1293 59
61 8079
1294 54
62 8321
6950 1
5170 2
1295 56
63 8243
5171 3
1296 66
64 8082
5172 2
1297 61
65 8110
830 675
5173 1
1298 58
66 8146
831 682
5174 3
1299 49
67 7972
832 662
5175 1
68 7911
833 664
5176 4
69 7760
834 639
5177 2
835 617
5178 1
836 646
837 638
838 624
839 638
1750 10
1751 8
1752 4
1753 9
1754 7
5630 1
1755 8
1756 11
5632 2
1757 8
1758 10
1759 15
5635 1
5637 1
5639 2
380 1666
381 1745
382 1726
383 1708
384 1716
385 1617
386 1685
387 1689
388 1636
389 1711
4310 1
4311 1
4312 1
4313 1
4314 2
4315 2
4316 1
4317 1
4318 2
4319 1
8200 1
70 7903
71 7886
72 7650
5180 2
73 7549
5181 2
74 7268
5182 5
75 7584
840 643
5183 5
76 7481
841 647
5184 2
77 7361
842 651
5185 4
78 7188
843 616
5186 1
8209 1
6966 1
79 7162
844 585
5187 1
845 614
6968 1
5188 1
846 608
5189 2
847 597
848 614
849 566
1760 5
1761 10
1762 6
1763 13
1764 9
5640 1
1765 9
1766 9
5642 2
1767 9
5643 1
1768 4
5644 1
1769 9
5646 2
5649 1
390 1689
391 1720
392 1677
393 1675
394 1695
395 1591
396 1741
397 1708
398 1699
399 1607
4321 3
4322 2
4323 2
4324 3
4325 2
4326 2
4327 2
4328 2
4329 3
80 7186
81 7084
82 6988
5190 1
83 6914
5191 3
84 6879
850 591
85 6837
5193 1
851 548
86 6626
5194 2
852 536
87 6732
5195 2
8218 1
853 549
88 6591
5196 4
854 590
89 6615
5197 2
855 532
5198 1
856 562
857 570
858 557
859 566
3000 4
3001 2
3002 6
3003 5
3004 1
3005 1
3006 1
3007 2
3008 1
3009 3
1770 5
1771 6
1772 16
1773 12
1774 11
5650 1
1775 11
1776 10
1777 12
5653 1
1778 7
5654 1
1779 12
5656 1
5658 1
4330 3
4331 1
4332 2
4333 5
4334 1
4335 3
4336 2
4337 1
4338 1
90 6589
91 6452
92 6319
93 6342
8224 1
94 6407
8225 1
95 6262
860 519
96 6172
861 580
97 6082
862 559
98 5999
863 573
99 5829
864 500
865 570
866 515
867 566
868 545
869 549
3010 3
3011 2
3012 1
3013 3
3014 2
3015 3
3016 2
3017 1
3018 2
3019 2
1780 10
1781 10
1782 8
1783 7
1784 9
1785 6
5660 1
5661 4
1786 8
5662 2
1787 8
1788 10
1789 4
5666 2
5668 1
5669 1
4340 2
4341 2
4342 3
4343 1
4344 2
4345 1
4347 1
4348 2
4349 2
8234 1
8235 1
6992 1
870 539
871 493
872 501
873 492
874 534
875 496
876 481
877 512
878 499
879 492
4800 1
3020 2
3021 5
4801 5
3022 1
4802 4
4803 2
3023 3
3024 1
4804 2
3025 3
4806 1
3026 4
3027 3
4807 2
3028 2
4809 1
3029 2
1790 11
1791 10
1792 9
1793 6
1794 8
1795 10
5671 4
1796 8
5672 1
1797 7
1798 4
5673 1
1799 5
4350 2
4351 5
4352 4
4353 3
4355 5
4356 3
4357 1
4358 1
4359 3
8240 1
880 498
881 483
882 465
883 505
8249 1
884 478
885 460
886 510
887 465
888 480
889 463
3030 2
4810 1
3031 3
4811 2
3032 1
4812 1
4813 1
3033 2
3034 1
3035 1
3036 3
4816 2
3037 3
4817 1
4818 2
4819 1
3039 5
5680 2
5681 3
5685 1
5686 1
5687 1
5688 1
5689 2
4360 2
4361 2
4362 1
4363 2
4364 1
4365 5
4366 2
4367 3
4368 3
4369 3
890 490
891 480
892 454
893 486
894 442
895 430
896 467
897 447
898 501
899 435
4820 4
3040 4
3041 1
3042 1
4822 1
3043 3
4823 3
4824 1
3044 3
3045 2
4826 1
3046 1
3047 4
4828 1
3048 3
4829 1
5690 3
5694 1
5695 1
3500 3
3501 5
3502 5
3504 5
3505 3
3506 2
3507 2
3508 1
3509 4
4370 1
4371 1
4372 3
4373 3
4376 2
4377 1
4378 1
4379 3
4830 1
3050 3
4831 2
3051 1
3052 3
4833 2
3053 5
3054 3
4834 3
4835 1
3055 2
3056 4
4837 1
3057 3
4838 1
3058 4
3059 1
4839 1
3510 4
3511 1
3512 5
3513 5
3514 2
3516 1
3517 2
3518 3
3519 2
4381 1
7404 1
4382 1
4383 3
4384 3
4385 2
4386 4
4387 1
4388 2
4389 3
4840 1
3060 3
4841 2
3061 4
4842 1
3062 2
3063 2
4844 1
3064 2
4845 2
3065 4
3066 5
3067 3
3068 1
3069 2
3520 1
3521 3
3522 1
3523 4
3524 2
3525 6
3526 2
3527 1
3528 2
7411 1
4390 2
4392 2
4393 2
4394 2
4396 2
4397 4
4398 3
4399 2
2200 8
2201 5
2202 9
2203 5
2204 5
2205 7
2206 5
2207 8
2208 8
2209 5
3070 3
4851 3
3071 2
4852 1
3072 4
3073 2
3075 2
4855 1
4856 1
3076 2
3077 1
4857 1
3078 4
4858 3
3079 3
4859 3
3530 4
3531 8
3532 3
3533 4
3534 2
3535 3
3536 2
3537 3
3538 1
3539 2
7421 1
2210 6
2211 11
2212 3
8293 1
8294 1
2213 11
2214 6
2215 10
2216 9
2217 7
2218 3
2219 6
4860 1
3080 1
3081 2
4862 2
3082 4
3083 2
3084 1
4864 1
3085 2
4865 1
3086 4
4867 1
3087 5
4868 1
3088 2
4869 1
3089 5
3540 2
3541 4
3542 2
3543 4
3544 6
3545 1
3546 1
3547 2
3548 1
3549 6
2220 6
2221 7
2222 9
2223 6
2224 8
2225 6
6101 1
2226 6
2227 5
2228 4
2229 10
4870 2
3090 4
4871 2
3092 2
4873 1
4874 1
3094 1
3095 2
3096 1
4876 2
4877 3
3097 3
3098 2
4878 3
4879 2
3099 4
3550 4
3551 3
3552 1
3553 1
3554 5
3555 2
3556 1
3557 3
3558 2
3559 2
2230 6
2231 6
2232 4
2233 2
2234 6
2235 4
2236 13
2237 7
6113 1
2238 4
2239 6
4881 2
4882 2
4883 1
7906 1
4884 2
4885 1
4886 2
4888 1
3560 1
3561 3
3562 2
3563 1
3564 2
3565 2
3566 1
3567 2
3568 3
3569 2
2240 7
2241 3
2242 2
2243 6
2244 11
2245 4
2246 7
2247 3
2248 8
2249 6
6125 1
7912 1
4891 1
4892 1
4893 1
7918 1
4895 1
7919 1
4897 1
2700 3
2701 3
2702 1
2703 2
2704 5
2705 4
2706 2
2707 3
2708 1
2709 6
3570 3
3571 3
3572 6
3573 1
3574 3
3575 3
3576 6
3577 1
3578 4
2250 6
2251 2
2252 13
2253 7
2254 4
2255 4
2256 6
2257 2
2258 3
2259 5
7920 1
6138 1
7921 1
7922 1
6139 1
7925 1
7928 1
7929 1
2710 5
2711 5
2712 2
2713 6
2714 4
2715 1
2716 3
2717 2
2718 5
2719 2
3580 5
3581 3
3582 1
3583 1
3584 3
3585 2
3586 3
3587 5
3588 2
3589 1
2260 5
2261 7
2262 2
2263 3
2264 3
2265 8
2266 5
2267 5
2268 7
2269 4
6145 2
6149 1
7935 1
7938 1
2720 2
2721 3
2722 1
2723 6
2724 1
2725 7
2726 4
2727 2
2728 3
2729 3
3590 6
3591 4
3592 4
3593 3
3596 2
3597 2
3598 1
3599 3
1400 56
1401 45
1402 41
1403 34
1404 43
1405 42
1406 36
1407 29
1408 41
1409 38
2270 3
2271 4
2272 5
2273 3
2274 3
2275 3
2276 10
2277 4
2278 8
6154 1
2279 2
6155 1
2730 3
2731 3
2732 4
2733 1
2734 1
2735 1
2736 4
2737 6
2738 6
2739 1
6618 1
1410 40
1411 28
1412 46
1413 39
1414 32
1415 29
1416 26
1417 49
1418 25
1419 40
2280 3
2281 12
2282 5
2283 5
2284 4
2285 5
6161 1
2286 6
6162 1
2287 5
2288 3
2289 5
6166 2
6169 1
7959 1
2740 8
2741 1
2742 1
2743 3
2745 4
6621 1
2746 3
500 1649
2747 5
501 1692
2748 2
2749 3
502 1698
503 1672
504 1665
505 1683
506 1650
507 1661
508 1610
509 1653
1420 31
1421 31
1422 40
1423 25
1424 31
5300 1
1425 31
5301 3
1426 33
5302 1
1427 39
5303 3
1428 29
5304 5
1429 43
5305 2
5306 3
5307 1
5308 2
5309 1
2290 5
2291 2
2292 2
2293 11
2294 5
2295 4
2296 7
2297 3
6173 1
2298 2
2299 8
6176 1
7960 1
7965 1
7966 1
7967 1
2750 7
2752 2
2753 4
2754 2
2755 4
2756 3
2757 2
510 1616
2758 4
511 1675
2759 4
512 1673
513 1692
514 1637
515 1615
516 1666
517 1626
518 1621
519 1660
1430 33
1431 47
1432 45
1433 34
1434 36
1435 40
5311 3
1436 37
5312 3
1437 36
1438 42
1439 22
5317 3
5318 1
5319 1
6180 1
6182 1
6183 1
6188 1
2760 4
2761 2
2762 3
2763 4
2764 4
2766 4
2767 1
520 1642
2768 4
521 1637
2769 1
522 1634
523 1694
524 1618
525 1670
526 1658
527 1704
528 1633
529 1729
1440 26
1441 30
1442 32
1443 35
1444 39
5320 3
1445 25
5321 2
1446 34
5322 1
1447 35
5323 3
1448 25
1449 39
5325 2
5326 2
5327 2
5329 1
6191 1
6192 1
6194 2
6197 2
6198 1
1900 11
1901 5
1902 5
7984 1
1903 10
1904 7
4000 2
7986 1
1905 9
4001 2
1906 9
1907 5
4002 5
1908 6
4003 1
1909 4
4007 2
4008 1
4009 1
2770 4
2771 1
2772 1
2773 5
2774 1
2775 7
2776 5
530 1704
2777 3
2778 4
531 1654
2779 4
532 1608
6655 1
533 1701
534 1559
535 1704
536 1716
537 1761
538 1699
539 1737
1450 31
1451 26
1452 35
1453 35
1454 29
1455 47
1456 25
1457 38
5333 1
1458 24
5334 2
1459 29
5335 2
5336 2
5337 3
5339 1
1910 11
1911 3
1912 8
1913 9
1914 7
4010 2
1915 5
1916 7
4011 3
4012 4
7998 1
1917 10
4013 3
1918 6
4014 1
1919 5
4015 2
4016 1
4018 2
4019 3
2780 3
2781 3
2782 5
2783 1
2784 3
2785 1
2786 1
2787 1
540 1719
541 1590
2788 3
6664 1
2789 3
542 1638
543 1576
544 1624
545 1731
546 1581
547 1609
548 1696
549 1590
1460 32
1461 36
1462 23
1463 33
1464 22
5340 2
1465 31
5341 2
1466 27
5342 2
1467 24
1468 34
5344 2
1469 23
5345 1
5346 3
5347 1
5349 1
1920 9
1921 7
1922 4
1923 11
1924 3
4020 1
1925 3
4021 4
1926 9
5802 1
4022 1
1927 5
4023 3
5803 1
1928 10
5804 1
4024 1
1929 7
4025 2
5806 2
4028 1
4029 1
2790 5
2791 5
2792 2
2793 2
2794 5
2795 4
2796 2
2797 4
550 1636
2798 4
551 1634
2799 3
552 1612
553 1652
554 1661
555 1616
556 1578
557 1695
558 1682
559 1614
1470 30
1471 18
1472 35
1473 28
1474 25
5350 4
1475 34
1476 29
1477 17
5353 1
1478 34
5354 4
1479 23
5355 1
5356 1
5357 2
5358 1
5359 4
1930 8
1931 5
1932 9
1933 3
1934 5
4030 3
1935 8
4031 3
1936 6
1937 8
4032 2
5813 1
1938 11
4033 2
4034 1
1939 8
5815 2
4035 1
5816 3
4037 2
5818 1
4039 2
560 1613
561 1586
562 1582
563 1618
564 1642
565 1615
566 1588
567 1664
568 1567
569 1603
1480 29
1481 23
1482 29
1483 41
1484 27
5360 2
1485 33
1486 28
5362 3
1487 30
5363 1
1488 29
5364 1
1489 24
5366 2
5367 1
5369 1
1940 5
1941 5
1942 6
1943 8
1944 4
4040 1
5820 1
1945 11
5821 1
4041 2
1946 13
4042 3
1947 8
1948 5
5823 3
4044 1
1949 7
4046 2
5826 1
5827 1
4047 2
5828 3
4048 1
4049 1
570 1722
6693 2
571 1649
572 1607
573 1570
574 1606
575 1612
576 1647
577 1659
578 1606
579 1516
4501 2
4502 1
4503 1
4504 2
4506 4
4507 3
4508 3
4509 1
1490 36
1491 24
1492 33
1493 26
1494 22
5370 2
1495 25
5371 1
1496 23
5372 1
1497 29
5373 2
1498 34
1499 31
5375 1
5376 2
5379 1
1950 9
1951 10
1952 4
1953 8
1954 8
4050 1
1955 5
4051 1
1956 7
5832 1
4052 2
1957 4
5833 1
4053 1
1958 7
4054 2
1959 6
5834 1
5835 1
5836 1
5837 1
4057 2
5838 1
4058 1
4059 2
580 1603
581 1595
582 1574
583 1563
584 1618
585 1600
586 1567
587 1605
588 1617
589 1589
4510 1
4511 1
4512 1
4514 2
4515 3
4516 1
4517 2
4518 1
4519 1
5380 3
5381 1
5382 3
5383 2
5384 3
5385 2
5386 2
8409 1
5388 1
5389 2
1960 7
1961 10
1962 4
1963 7
1964 12
1965 11
5841 1
1966 6
4061 2
4062 1
1967 5
5842 2
1968 8
4063 1
1969 10
4064 3
5845 2
4065 1
4067 1
4068 3
4069 2
590 1635
591 1574
592 1629
593 1568
594 1565
595 1589
596 1608
597 1554
598 1617
599 1583
4520 3
4521 1
4522 2
4523 3
4524 2
4526 2
4527 1
4529 1
8410 1
8411 1
8413 1
5390 3
5391 1
5392 2
5393 1
5395 2
8418 1
5397 2
5398 1
3200 5
3202 5
3203 2
3204 3
3205 4
3206 5
3207 3
3209 4
1970 8
1971 5
1972 7
1973 8
1974 6
4070 1
1975 7
1976 11
4071 4
5852 1
1977 11
4073 1
5853 1
1978 9
4074 1
1979 8
4075 2
4076 2
4078 6
4079 3
4530 3
4531 2
4533 1
4534 1
4535 2
4536 1
4537 1
4538 2
4539 1
8420 1
8422 1
8424 1
8426 1
3211 5
3212 5
3213 3
3214 4
3215 3
3216 4
3219 4
1980 9
1981 6
1982 9
1983 10
1984 8
4080 2
5860 2
1985 11
4081 1
5861 1
1986 10
4082 2
1987 7
1988 10
4084 1
7107 1
1989 7
5865 1
5866 1
5869 1
4540 3
4542 2
4543 3
4544 1
4545 3
4548 1
4549 2
8433 1
8434 1
8436 1
8439 1
3220 3
3221 4
3222 3
3223 4
3224 3
3225 4
3226 2
3227 5
3228 2
3229 1
1990 6
1991 9
1992 9
1993 11
1994 9
7113 1
1995 7
4090 1
4091 2
1996 13
1997 8
1998 7
5874 2
1999 13
4096 2
4097 1
4098 1
4550 3
4551 3
4552 3
4556 2
4557 2
4558 1
4559 2
8443 2
8445 1
8447 1
8448 1
8449 2
3230 1
3231 3
3232 4
3233 6
3234 6
3235 2
3236 2
3237 2
3239 4
5884 1
5888 1
4560 3
4561 2
4562 3
4564 1
4565 1
4566 1
4569 1
8453 2
8454 1
8459 1
3240 7
3241 3
3243 2
3244 1
3245 4
3246 1
3247 3
3248 5
3249 4
5894 3
5898 1
3701 4
3703 5
3704 3
3705 7
3706 6
3707 4
3708 1
3709 2
4571 1
4572 4
4573 2
4575 2
4576 1
4577 2
4578 3
8463 1
8466 2
8467 2
3250 3
3251 3
3252 2
3253 1
3254 2
3255 4
3256 3
3257 4
3258 4
3710 1
3711 3
3713 5
3714 3
3715 3
3716 5
3718 2
3719 2
4580 2
4581 1
4582 1
4583 2
4584 2
4587 3
4588 3
4589 3
8472 1
8474 2
8478 3
3260 4
3261 4
3262 5
3263 3
3264 3
3266 3
3267 4
3268 2
7156 1
3720 1
3721 3
3722 3
3723 6
3724 2
3725 2
3726 2
3727 6
3728 2
3729 5
4590 3
4591 3
4592 1
4593 3
4595 1
7618 1
4596 4
4597 1
4598 1
4599 1
8480 1
2400 3
8482 2
2401 2
2402 4
8484 2
2403 3
8485 1
2404 3
2405 3
8487 3
2406 5
2407 1
8489 1
2408 6
2409 9
3270 3
3271 1
3272 2
3274 2
3275 1
3277 3
3278 7
3730 5
3731 6
3732 3
3733 1
3734 4
3735 7
3736 6
-10 1
3737 4
-11 1
3738 4
-12 1
3739 4
-13 1
-15 1
-16 1
8490 3
2410 2
2411 5
2412 3
2413 5
2414 3
8496 1
2415 5
8497 1
2416 4
8498 1
2417 2
2418 7
2419 3
3280 7
3281 3
3282 2
3283 3
3284 1
3285 3
3286 1
3287 2
3288 6
3289 1
3740 7
3741 2
3742 3
3743 3
3744 4
3745 3
3746 7
-20 1
3747 3
3748 3
3749 1
-23 1
-24 1
-25 1
-26 1
7634 1
-29 1
2421 1
2422 4
2423 2
2424 3
2425 5
2426 5
2427 3
2428 3
2429 5
6305 1
6308 1
3290 2
3291 4
3292 3
3293 3
3294 2
3295 2
3296 1
-215 1
3297 5
3298 5
3299 3
1100 144
1101 126
1102 149
1103 131
1104 144
1105 144
1106 121
1107 154
1108 129
1109 166
3750 3
3751 4
3752 5
3754 1
3755 3
3756 3
3758 3
3759 1
-37 1
2430 1
2431 3
2432 4
2433 2
2434 5
2435 7
2436 2
6312 1
2437 4
2438 6
2439 1
1110 128
1111 134
1112 123
1113 133
1114 122
1115 133
7197 1
1116 148
1117 112
1118 128
1119 134
3760 4
3761 6
3762 2
3763 2
3765 5
3766 2
3767 3
-41 1
3768 3
3769 5
-47 2
2440 4
2441 4
2442 5
2443 2
2444 2
2445 5
2446 3
6322 1
2447 3
200 2637
2448 4
201 2574
2449 3
202 2633
203 2621
204 2615
205 2589
206 2467
207 2534
208 2482
209 2557
2900 2
1120 135
2901 4
1121 137
2902 3
1122 106
2903 3
1123 119
2904 2
1124 139
2905 3
5000 2
1125 103
2906 6
1126 122
2907 1
5002 1
1127 130
2908 3
5003 6
1128 103
5004 2
2909 2
1129 125
5005 1
5006 2
5009 2
3770 2
3771 4
3772 2
3773 3
3774 9
3775 3
3776 2
3777 1
3778 1
3779 2
-54 1
7660 1
-56 1
-57 1
7663 1
7668 1
2450 2
2451 3
2452 1
2453 6
2454 4
2455 3
2456 4
2457 5
210 2576
2458 2
211 2519
2459 3
212 2405
213 2459
214 2480
215 2502
216 2369
217 2422
218 2455
219 2377
-243 1
2910 2
1130 131
2911 2
1131 159
2912 2
1132 111
2913 3
1133 129
2914 3
1134 98
2915 2
1135 106
2916 4
1136 104
2917 3
1137 102
5013 2
1138 123
2919 2
1139 106
5015 1
5016 2
5017 1
5018 2
3780 2
3781 3
3782 4
3783 3
3784 1
3785 1
3786 3
3787 2
-60 1
-61 1
3788 2
3789 3
-67 1
-68 1
2460 3
2461 5
2462 5
2463 7
2464 5
6340 1
2465 2
2466 2
2467 1
220 2381
6342 1
2468 3
221 2386
222 2399
2469 6
223 2296
224 2431
225 2372
226 2389
227 2321
228 2284
229 2345
2920 5
1140 113
2921 3
1141 133
2922 3
1142 130
2923 2
1143 129
2924 1
1144 83
1145 113
2925 3
5021 1
2926 3
1146 103
5022 4
1147 115
2927 2
2928 3
5023 1
1148 119
5024 1
2929 5
1149 98
5025 1
6805 1
5026 1
5027 1
5028 1
3790 6
3792 1
3793 2
3794 3
3795 6
3796 2
3797 4
3798 4
3799 5
7681 1
1600 17
7682 1
1601 17
1602 10
1603 16
1604 21
1605 11
1606 21
7688 1
1607 10
1608 17
1609 13
2470 5
2471 3
2472 6
2474 3
2475 3
6351 1
2476 2
2477 2
230 2329
6352 1
231 2312
2478 4
232 2295
2479 6
233 2243
6356 1
234 2323
6357 1
235 2195
236 2308
237 2258
238 2292
239 2235
2930 1
1150 100
2931 5
1151 109
2932 7
1152 106
2933 6
1153 108
2934 3
1154 106
2935 4
5030 3
1155 109
5031 1
2936 3
1156 108
2937 1
1157 108
5033 1
2938 3
1158 97
2939 3
5034 2
1159 97
5035 2
5036 1
5037 1
5038 2
7691 1
1610 21
7692 1
1611 13
1612 12
1613 15
7695 1
1614 13
1615 15
1616 17
1617 25
1618 4
1619 15
2480 3
2481 4
2482 4
2483 9
2484 3
2485 6
2486 4
2487 2
240 2267
2488 5
241 2257
2489 5
242 2259
243 2231
244 2225
245 2208
246 2243
247 2096
248 2212
249 2206
2940 3
1160 116
2941 4
1161 101
2942 3
1162 106
2943 4
1163 100
2944 1
1164 110
2945 6
5040 3
1165 101
6821 1
5041 1
2946 1
1166 92
2947 1
5042 2
1167 96
700 1198
2948 4
5043 2
1168 106
701 1221
2949 1
1169 110
702 1206
5045 1
703 1179
704 1260
5047 2
6827 1
705 1190
5048 1
706 1210
5049 1
707 1207
708 1151
709 1123
1620 17
1621 16
1622 20
1623 15
1624 19
5500 1
1625 12
5501 2
1626 15
5502 1
1627 13
5503 1
1628 13
5504 2
1629 13
5505 3
5506 3
5507 1
5508 2
5509 2
2490 2
2491 4
2492 4
2493 3
2494 3
2495 1
2496 4
2497 4
250 2225
2498 2
251 2201
2499 3
252 2128
253 2195
254 2211
255 2154
256 2157
257 2082
258 2211
259 2109
2950 4
1170 88
2951 5
1171 115
1172 102
2953 2
1173 108
2954 1
1174 91
5050 1
2955 3
1175 88
5051 3
1176 108
2957 4
1177 90
710 1172
2958 4
5053 1
1178 89
711 1194
5054 1
2959 5
1179 70
712 1209
713 1137
5056 1
714 1122
715 1185
5058 1
716 1181
5059 3
717 1131
718 1175
719 1132
1630 14
1631 13
1632 16
1633 9
1634 21
5510 2
1635 10
5511 1
1636 10
5512 1
1637 13
5513 1
1638 16
5514 3
1639 13
5516 2
5518 1
260 2100
261 2172
262 2123
263 2096
6386 1
264 2133
265 2067
266 2121
267 2125
268 2128
269 2000
2960 5
1180 98
2961 3
1181 92
1182 112
2963 2
1183 84
1184 70
2964 6
5060 2
1185 93
2965 3
2966 5
5061 3
1186 102
2967 5
1187 78
720 1148
1188 99
721 1160
2969 2
1189 77
722 1150
723 1124
5066 2
724 1110
5067 1
725 1073
6848 1
726 1093
727 1135
728 1053
729 1064
1640 14
1641 11
1642 16
1643 24
1644 17
1645 15
5521 1
1646 9
5522 1
1647 15
1648 16
5524 1
1649 10
5525 1
5526 1
5528 1
5529 1
270 2033
271 2100
272 2077
273 1951
274 2018
275 2088
6398 1
276 2053
277 1971
278 2035
279 2030
4200 1
4201 4
4202 1
4203 2
4204 2
4205 3
4206 3
4208 2
2970 3
1190 75
2971 5
1191 84
2972 1
1192 99
2973 1
1193 89
2974 2
1194 91
2975 4
1195 98
5071 2
2976 3
1196 94
5072 1
2977 1
730 986
1197 93
5073 2
2978 1
731 1053
1198 85
2979 1
5074 2
732 1064
1199 94
733 1085
5075 1
734 1069
735 1032
5077 2
736 1049
5079 1
737 1037
738 1082
739 1085
1650 13
1651 11
1652 11
1653 15
1654 11
5530 2
1655 12
1656 17
5532 1
1657 16
1658 14
5534 2
1659 13
5535 3
5537 1
5538 1
5539 2
280 2013
281 1994
282 1983
283 1989
284 2051
285 1984
286 1955
287 2023
288 1996
289 1986
4212 2
4213 2
4214 4
4215 1
4216 2
4219 1
2980 2
2981 1
2982 3
2983 2
2984 4
5080 2
2985 2
2986 1
2987 3
5082 1
740 1057
6863 1
8106 1
5083 3
2988 4
741 1051
5084 1
2989 2
742 1019
6865 1
5085 2
743 1006
744 958
5087 3
745 1044
5088 1
746 1016
5089 2
747 1080
748 993
749 1032
1660 15
1661 12
1662 15
1663 9
1664 25
5540 1
1665 15
1666 16
5542 3
1667 10
5543 2
1668 12
1669 19
5545 1
5546 1
5548 2
5549 1
290 1997
291 2015
292 2005
293 2034
294 1974
295 2026
296 2027
297 1950
298 1927
299 1938
4220 1
4222 3
4223 1
4224 2
4225 1
4226 3
4227 1
4228 1
4229 4
2990 1
2991 2
2992 3
8110 1
2993 3
2994 4
5090 1
2995 2
5091 2
2996 1
2997 2
5092 1
750 977
5093 1
2998 3
751 950
8116 1
5094 1
2999 3
752 943
5095 2
753 945
5096 1
754 956
5097 3
755 985
5098 3
756 935
5099 1
757 973
758 901
759 949
1670 9
1671 9
1672 14
1673 11
1674 14
1675 19
5551 2
1676 12
5552 1
1677 14
1678 16
5554 1
1679 9
5556 1
5557 2
5558 1
5559 2
4230 1
4231 1
4232 2
4233 1
4235 2
4236 1
4237 8
4238 1
8122 1
760 935
761 914
762 962
763 912
6886 1
764 923
765 955
766 897
6889 1
767 912
768 908
769 888
1680 6
1681 16
1682 10
1683 7
1684 20
5560 1
1685 14
5561 1
1686 13
5562 1
1687 14
5563 1
1688 12
5564 1
1689 13
5566 2
5567 1
5568 2
5569 1
4240 5
4242 1
4243 2
4244 1
4246 4
4247 2
4248 2
4249 1
8135 1
770 908
8136 2
771 823
772 893
773 894
774 887
775 945
776 895
777 863
778 897
779 884
4700 1
4701 2
4702 1
4703 1
4704 1
4705 1
4706 2
4707 1
4709 2
1690 15
1691 13
1692 17
1693 12
1694 9
1695 9
1696 11
1697 20
1698 8
5573 4
5574 2
1699 10
5577 1
5579 1
4250 2
4251 1
4253 1
4254 1
4255 2
4257 6
4259 3
780 855
781 861
782 868
783 833
784 817
785 846
786 826
787 829
788 863
789 829
4710 1
4711 3
4712 2
4713 2
4714 3
4717 2
4719 1
5581 2
5582 1
5583 1
5585 2
5586 1
5587 2
4260 2
4262 3
4263 1
4264 3
4265 2
4266 1
4267 1
4268 2
4269 4
790 804
791 867
792 784
793 770
794 801
795 756
796 783
797 802
798 798
799 806
4723 1
4724 1
4725 4
4726 2
4727 2
5591 1
5592 1
3400 3
3401 1
3402 1
3403 2
3404 2
3405 2
3406 1
3407 2
3408 3
3409 5
4270 6
4271 2
4274 2
4275 3
4276 2
4277 4
4278 1
4279 3
4730 2
4731 4
4732 1
4733 3
4734 2
4735 2
4736 1
4737 2
4738 2
3410 4
3411 4
3412 1
3413 1
3414 1
3416 1
3417 3
3418 1
3419 4
7300 1
4280 1
4281 1
4282 2
4283 1
4286 1
4288 1
4740 2
4742 1
4744 2
4745 2
4746 2
3420 2
3421 1
3422 3
3423 4
3424 3
3425 1
3426 3
3427 3
3428 2
3429 1
4290 2
4291 3
4293 1
4294 3
4295 2
4297 1
4298 2
4299 2
2100 5
2101 9
2102 15
2103 9
2104 3
2105 8
2106 5
2107 7
2108 6
2109 11
4753 1
4755 1
4756 2
4757 2
4758 2
3430 3
3431 6
3432 3
3433 5
3435 4
3436 2
3437 2
3438 1
3439 3
2110 6
2111 6
2112 9
2113 13
2114 6
2115 5
2116 9
2117 4
2118 8
2119 10
4760 1
4761 1
4762 1
4763 1
4768 1
4769 1
3440 2
3442 3
3444 3
3445 1
3446 1
3447 1
3448 4
3900 2
2120 9
3901 5
2121 6
3902 3
2122 8
3903 5
2123 8
2124 6
3904 2
2125 5
2126 5
3906 1
2127 4
3908 1
2128 8
2129 10
6008 1
4770 3
4771 1
4772 1
4773 1
4774 2
4775 1
4776 1
4777 2
4778 1
4779 1
3450 4
3451 5
3452 3
3453 2
3454 1
3455 1
3456 2
3457 3
3458 3
3459 6
7341 1
3910 1
2130 10
3911 3
2131 7
3912 1
2132 4
3913 1
2133 6
3914 4
2134 8
6010 2
3915 4
2135 13
3916 2
2136 15
3917 1
2137 10
3918 1
6013 1
2138 14
6014 1
2139 12
3919 2
6015 1
6018 1
7801 1
4780 1
7803 1
4783 1
7807 1
4784 2
7809 1
4786 2
4787 1
4788 3
3460 3
3461 4
3462 1
3464 2
3465 2
3468 1
3469 3
2140 5
3920 2
2141 5
2142 4
3923 3
2143 12
2144 5
3924 2
6020 1
2145 7
3925 2
2146 11
3926 7
3927 2
6022 1
2147 9
6023 1
3928 1
2148 9
3929 1
2149 9
7811 1
7813 1
4790 1
4791 1
7817 1
4795 1
4796 1
4798 2
2600 7
2601 3
2602 2
2603 4
2604 3
2605 4
2606 4
2607 2
2608 1
2609 4
3470 1
3471 2
3472 1
3473 1
3474 6
3475 5
3477 2
3478 2
3479 3
7365 1
3930 2
2150 9
2151 5
3931 3
3932 1
2152 3
2153 9
3934 1
2154 7
2155 3
3935 1
3936 3
2156 6
2157 6
3937 1
2158 11
3939 1
2159 10
7820 2
7821 1
7823 1
2610 3
2611 2
2612 1
2613 3
2614 3
2615 1
2616 5
2617 3
2618 4
2619 5
3480 2
3482 2
3483 6
3484 2
3485 1
3486 4
3487 2
3488 4
7371 1
3940 2
2160 12
2161 4
3941 2
3942 1
2162 6
2163 15
3944 1
2164 2
2165 6
3945 1
3946 3
2166 10
3947 1
2167 7
6043 1
2168 7
6044 1
3949 3
2169 10
7831 1
7835 1
7838 1
7839 1
2620 1
