2622 2
2623 1
2625 1
2626 1
3491 1
3496 1
3499 1
1300 7
1301 9
1302 4
1303 7
1304 7
1305 7
1306 11
1307 9
1308 3
1309 2
3950 1
2170 1
3951 1
2172 3
3953 1
2173 1
2174 2
2175 1
2176 1
2179 1
2633 1
2634 1
2635 1
2637 1
2638 1
2639 2
1310 6
1311 6
1312 6
1313 8
1314 6
1315 10
1316 9
1317 8
1318 11
1319 7
2180 1
2182 2
3962 2
2183 1
3963 2
2184 4
2185 3
2186 1
2188 3
2189 1
3969 1
2644 2
2645 1
2646 1
2647 1
400 1579
401 1501
2649 1
402 1482
403 1478
404 1479
405 1463
406 1439
407 1425
408 1364
409 1450
1320 7
1321 9
1322 7
1323 7
1324 8
1325 7
1326 10
1327 7
1328 5
1329 3
3970 1
2190 2
2191 3
3972 1
2193 3
3974 1
2194 3
2195 2
2196 6
2197 1
2198 1
2651 3
2654 3
410 1369
2657 1
411 1334
2658 2
412 1391
2659 1
413 1342
414 1335
415 1330
416 1279
417 1290
418 1289
419 1242
1330 13
1331 11
1332 4
1333 9
1334 6
1335 5
1336 8
1337 5
1338 9
1339 4
3982 1
2660 1
2661 1
2664 1
2666 1
420 1247
421 1246
2668 2
422 1204
423 1212
424 1182
425 1214
426 1119
427 1125
428 1115
429 1180
1340 10
1341 5
1342 8
1343 4
1344 8
1345 8
1346 7
1347 7
1348 8
1349 5
3995 1
3997 1
1800 2
1801 5
1802 1
1803 2
1804 1
1805 4
1806 2
1807 1
1808 2
1809 2
2670 1
2671 2
2673 1
2676 2
430 1027
431 1120
432 1076
433 1028
434 1023
435 1032
436 1037
437 1010
438 998
439 1000
1350 9
1351 5
1352 7
1353 4
1354 7
1355 5
1356 7
1357 6
1358 8
1359 7
1810 2
1811 2
1812 1
1813 4
1814 2
1815 2
1816 2
1817 5
1819 4
2680 1
2681 1
2682 1
2684 1
2685 2
2686 2
2687 1
440 943
2688 2
441 934
2689 1
442 966
443 999
444 1001
445 918
446 937
447 884
448 897
449 845
1360 13
1361 3
1362 3
1363 4
1364 9
1365 4
1366 5
1367 6
900 32
1368 4
901 33
1369 9
902 21
903 29
904 23
905 21
906 17
907 24
908 32
909 26
1820 1
1821 1
1822 1
1823 3
1824 3
1825 3
1826 4
1827 4
1828 3
1829 1
2690 1
2691 2
2693 2
2694 2
2696 1
450 850
451 940
2698 2
452 805
2699 1
453 808
454 809
455 798
456 860
457 789
458 845
459 819
1370 4
1371 9
1372 7
1373 5
1374 8
1375 7
1376 7
1377 8
910 27
1378 2
911 30
1379 7
912 28
913 20
914 30
915 18
916 26
917 27
918 28
919 26
1830 3
1831 3
1832 2
1833 3
1834 1
1835 7
1836 3
1837 2
1838 3
460 772
461 719
462 774
463 739
464 706
465 709
466 703
467 705
468 702
469 718
1380 6
1381 6
1382 7
1383 7
1384 6
1385 7
1386 6
920 26
1387 6
921 25
1388 5
922 25
1389 7
923 39
924 22
925 23
926 26
927 20
928 21
929 25
1840 4
1841 2
1842 3
1843 2
1844 3
1845 3
1846 4
1847 4
1848 4
1849 1
470 679
471 644
472 667
473 629
474 662
475 650
476 670
477 642
478 617
479 617
4403 1
1390 5
1392 3
1393 7
1394 5
1395 5
1396 12
930 31
1397 5
931 18
1398 5
932 22
1399 8
933 31
934 27
935 30
936 32
937 13
938 24
939 23
1850 2
1851 2
1852 2
1853 1
1854 2
1856 3
1857 1
1858 3
1859 3
480 608
481 611
482 553
483 608
484 563
485 572
486 542
487 545
488 517
489 496
940 21
941 29
942 19
943 20
944 20
945 29
946 21
947 17
948 18
949 23
1860 2
1861 2
1862 2
1863 1
1864 1
1865 2
1866 1
1868 2
1869 3
490 574
491 493
492 572
493 508
494 532
495 505
496 484
497 474
498 486
499 453
4427 1
4428 1
950 20
951 24
952 25
953 23
954 23
955 24
5298 1
956 31
957 21
958 19
959 24
3100 1
3101 1
3102 1
3103 1
3106 1
3107 1
3109 1
1870 1
1872 1
1873 2
1874 1
1875 2
1876 2
1877 3
1878 4
1879 3
960 24
961 25
962 19
963 18
964 20
965 20
966 26
967 20
968 28
969 19
3116 1
3117 2
3119 1
1880 2
1881 4
1882 2
1883 5
1884 4
1885 2
1886 3
1887 2
1888 1
1889 3
4441 1
970 19
971 22
972 17
973 16
974 21
975 19
976 14
977 16
978 16
979 24
3123 1
1890 1
1891 6
1892 3
1893 2
1894 2
1895 2
1897 2
1898 2
1899 1
4453 1
4458 1
980 24
981 17
982 18
983 26
984 17
985 16
986 17
987 21
988 25
989 17
3130 2
3131 2
3134 1
3135 1
3136 2
990 17
991 19
992 12
993 17
994 14
995 20
996 21
997 27
998 20
999 17
3140 1
3141 2
3144 1
3145 2
3147 2
3148 3
3604 1
3605 1
3154 1
3157 2
3614 1
3615 2
3616 1
4483 1
3160 2
3161 1
3163 1
3164 1
3165 1
3167 3
3168 1
2300 4
2301 3
2302 1
2304 1
2305 2
2306 1
2307 1
2308 1
2309 1
3172 2
3174 1
3175 2
3176 1
3178 1
3179 1
3636 1
3637 1
2310 2
2311 2
2312 1
2313 1
2315 1
2316 1
2317 1
2318 2
2319 1
3180 1
3182 1
3183 3
3184 1
3185 1
3186 1
3188 1
3640 1
3645 2
3649 1
2320 2
2321 1
2322 2
2323 2
2325 4
2326 2
2327 1
2328 1
2329 2
3192 1
3193 3
3194 2
3196 1
3199 1
3652 1
3659 1
2330 1
2332 2
2333 1
2334 1
2338 3
2339 2
1000 21
1001 16
1002 11
1003 20
1004 19
1005 11
1006 21
1007 14
1008 21
1009 21
3661 1
3663 1
3664 1
3667 1
2340 1
2341 2
2346 1
100 3706
2347 3
101 3726
2348 1
102 3779
2349 2
103 3888
104 3875
105 3806
106 3990
107 3961
108 3977
109 3927
1010 14
1011 16
1012 18
1013 19
1014 19
1015 16
1016 8
1017 18
2801 2
1018 24
2802 2
1019 11
2803 1
2805 2
2808 2
2809 2
3670 1
3672 1
3679 2
2350 3
2352 4
2353 1
2354 1
2355 1
110 3922
2357 3
111 4047
112 4115
2359 2
113 4105
114 3987
115 4078
116 4173
117 4171
118 4141
119 3958
1020 14
1021 14
1022 15
1023 16
1024 26
1025 18
1026 10
1027 12
1028 20
1029 13
2812 1
2814 2
2815 2
2816 1
2817 1
2818 1
2819 2
3686 2
3687 1
3689 1
2360 2
2361 1
2362 2
2363 6
2364 1
2365 1
120 4245
2368 1
121 4161
2369 1
122 4169
123 4281
124 4125
125 4148
126 4046
127 4136
128 4111
129 4173
1030 23
1031 19
1032 10
1033 16
1034 6
1035 14
1036 27
1037 12
2821 1
1038 8
2822 3
1039 8
2824 1
2826 2
2827 2
3691 2
3695 2
3696 2
1500 6
1501 3
1502 2
1503 5
1504 5
1505 6
1506 4
1507 8
1508 3
1509 3
2370 1
2371 1
2372 5
2374 2
2375 1
2376 1
130 4207
2378 2
131 4042
2379 3
132 4191
133 4047
134 4028
135 4108
136 4149
137 4041
138 4080
139 4041
1040 14
1041 21
1042 16
1043 25
1044 15
1045 12
1046 15
1047 14
2831 2
1048 17
1049 13
2833 1
2834 1
2835 2
2837 2
2838 2
1510 3
1511 2
1512 2
1513 5
1514 6
1515 10
1516 8
1517 5
1518 5
1519 3
2380 5
2381 5
2386 1
140 3908
6262 1
2387 1
141 4061
142 3927
2389 2
143 3977
144 3978
145 4067
146 3917
147 3892
148 3861
149 3936
1050 14
1051 15
1052 18
1053 17
1054 9
1055 15
1056 14
2840 1
1057 13
2841 2
1058 20
2842 2
1059 10
2843 1
2845 1
2847 1
600 186
2848 1
601 152
602 141
603 144
604 165
605 136
606 145
607 139
608 132
609 151
1520 1
1521 8
1522 2
1523 5
1524 1
1525 7
1526 4
1527 5
1528 2
1529 3
2392 2
2394 2
2396 3
150 3965
2397 2
151 3788
2398 2
152 3849
2399 1
153 3906
154 3929
155 3869
156 3794
157 3793
158 3888
159 3822
1060 12
1061 16
1062 17
1063 18
1064 18
1065 18
1066 17
1067 15
1068 24
2851 3
1069 13
2853 1
2855 4
610 176
611 158
612 157
2859 2
613 159
614 139
615 152
616 132
617 133
618 149
619 144
1530 2
1531 5
1532 9
1533 5
1534 5
1535 2
1536 4
1537 2
1538 3
1539 6
160 3869
161 3752
162 3784
163 3622
164 3640
165 3687
166 3641
167 3634
168 3730
169 3723
1070 19
1071 14
1072 25
1073 12
1074 21
1075 9
1076 14
1077 12
2861 2
1078 15
1079 21
2864 2
2865 2
2866 4
620 148
621 150
2868 3
622 128
623 144
624 142
625 137
626 113
627 124
628 137
629 137
1540 6
1541 3
1542 2
1543 3
1544 1
1545 10
1546 4
1547 5
1548 2
1549 8
170 3728
171 3663
172 3534
173 3467
174 3595
175 3680
176 3557
177 3512
178 3507
179 3446
1080 14
1081 11
1082 19
1083 17
1084 16
1085 10
4109 1
1086 9
1087 16
1088 14
2872 1
1089 13
2873 3
2876 1
2877 3
630 128
2878 1
631 126
2879 1
632 126
633 159
634 121
635 111
636 128
637 132
638 126
639 119
1550 2
1551 3
1552 2
1553 5
1554 4
1555 1
1556 2
1557 4
1558 1
1559 1
180 3506
181 3596
182 3620
183 3509
184 3475
185 3500
186 3359
187 3523
188 3481
189 3406
4111 1
1090 13
1091 9
1092 11
1093 16
1094 18
1095 11
1096 14
2880 1
1097 13
2881 1
1098 16
2882 1
1099 10
2883 2
2885 1
2886 1
640 139
2888 1
641 134
2889 2
642 108
643 132
644 113
645 132
646 120
647 106
648 100
649 116
1560 5
1561 6
1562 2
1563 8
1564 2
1565 6
1566 3
1567 5
1569 6
190 3425
191 3408
192 3353
193 3376
194 3453
195 3400
196 3393
197 3401
198 3451
199 3389
4120 1
4124 1
4127 1
2890 3
2893 3
2894 2
2895 3
2896 1
650 109
2897 2
651 109
652 104
2899 2
653 99
654 128
655 102
656 110
657 100
658 105
659 101
1570 2
1571 2
1572 6
1573 5
1574 4
1575 2
1576 6
1577 7
1578 2
1579 4
4133 1
4134 1
4139 1
660 90
661 102
662 106
663 116
664 116
665 100
666 100
667 102
668 84
669 102
1580 2
1581 3
1582 3
1583 8
1584 4
1585 3
5461 1
1586 2
1587 3
1588 6
1589 7
4143 1
4147 1
670 94
671 96
672 96
673 80
674 98
675 79
676 83
677 79
678 91
679 81
4606 1
4608 1
1591 7
1592 6
1593 5
1594 2
1595 6
1596 4
1597 4
1598 1
1599 4
4152 1
680 98
681 90
682 87
683 87
684 68
685 93
686 109
687 76
688 92
689 95
4162 1
4165 1
4166 1
4168 1
690 73
691 77
692 82
693 88
694 81
695 80
696 69
697 72
698 74
699 60
3301 1
3302 2
3303 1
4170 1
4637 1
3312 3
3314 1
3318 1
4185 1
4189 1
3325 1
3328 1
4192 1
4197 1
4199 1
2000 1
2001 3
2002 3
2003 2
2004 2
2005 1
2006 2
2008 1
2009 2
3332 1
3334 1
3335 1
3336 1
3337 1
3339 1
2010 2
2012 3
2013 1
2014 1
2015 1
2017 1
2018 2
2019 2
3340 1
3343 1
3344 2
3346 1
2021 1
2022 3
3802 1
2023 2
3804 1
2025 2
2028 2
3808 2
2029 4
3351 1
3355 1
3358 1
3359 1
2030 2
3811 1
2031 1
3812 1
2032 2
2033 1
3814 1
2034 3
2035 3
3816 1
2036 1
2037 1
2038 2
2039 1
3360 1
3361 1
3367 2
2040 2
3821 2
2041 3
2043 1
2045 3
3826 2
2046 1
2047 2
3828 1
2048 1
2503 1
2504 2
2507 2
2508 1
2509 1
3371 1
3374 1
3375 1
3379 1
2050 2
2051 3
3832 1
3833 1
2053 3
3835 1
2055 1
2056 3
2058 1
2059 2
2510 1
2511 1
2512 3
2513 1
2515 3
2517 1
2519 1
3382 1
3383 1
3384 1
3387 1
3389 1
2060 3
3840 1
2061 3
2062 2
3842 1
2067 1
3847 1
2068 4
2069 3
2520 1
2522 2
2523 2
2524 1
2529 1
3391 1
3397 1
3398 1
3399 1
1200 8
1201 7
1202 10
1203 11
1204 8
1205 11
1206 20
1207 12
1208 10
1209 6
3850 1
2073 3
3854 1
2074 2
3856 1
2076 1
2077 1
2078 2
3859 2
2530 1
2531 1
2532 3
2533 1
2534 4
2536 1
2538 1
2539 1
1210 4
1211 3
1212 9
1213 13
1214 12
1215 13
1216 14
1217 12
1218 14
1219 14
3860 1
2080 1
2081 3
2082 2
2083 1
2084 3
2085 2
2086 2
3868 1
2088 2
3869 1
2540 1
2541 1
2544 1
2546 3
300 3150
2547 1
301 3148
302 3252
2549 2
303 3143
304 3031
305 3191
306 3133
307 3067
308 3042
309 3106
1220 12
1221 9
1222 5
1223 7
1224 7
1225 4
1226 10
1227 9
1228 6
1229 8
2090 2
2091 2
3872 1
2092 1
2093 2
2095 2
3876 1
2096 2
2098 2
3879 1
2099 3
2550 2
2552 1
310 3039
311 3063
312 3005
2559 1
313 3101
314 3006
315 2994
316 2991
317 2957
318 3015
319 2979
1230 9
1231 6
1232 14
1233 5
1234 10
1235 8
1236 8
1237 5
1238 7
1239 7
3882 1
3885 1
3889 1
2560 1
2561 4
2562 3
2563 1
2564 1
2565 2
2566 1
2567 1
320 2864
321 2835
322 2850
323 2924
324 2918
325 2956
326 2859
327 2978
328 2785
329 2871
1240 5
1241 13
1242 7
1243 13
1244 8
1245 6
1246 8
1247 12
1248 11
1249 5
3891 1
3898 1
1700 3
1701 5
1702 6
1703 2
1704 3
1705 4
1706 2
1707 1
1708 6
1709 5
2570 2
2571 1
2573 2
2574 1
2575 1
2576 1
2577 2
330 2800
2578 2
331 2719
2579 1
332 2741
333 2653
334 2690
335 2737
336 2719
337 2559
338 2746
339 2681
1250 8
1251 8
1252 11
1253 6
1254 6
1255 4
1256 8
1257 5
1258 7
1259 6
1710 3
1711 5
1712 1
1713 6
1715 5
1716 1
1717 1
1718 3
1719 4
2582 1
2584 2
2586 1
340 2613
341 2585
342 2580
343 2494
344 2565
345 2488
346 2410
347 2511
348 2461
349 2468
1260 6
1261 10
1262 10
1263 6
1264 7
1265 4
1266 5
1267 3
800 45
1268 10
801 31
1269 7
37 1
802 40
38 2
803 41
39 7
804 46
805 41
806 39
807 43
808 50
809 33
1720 2
1721 3
1722 5
1723 6
1724 2
1725 2
1726 1
1727 2
1728 3
1729 4
2590 1
2594 2
2595 3
2596 2
350 2406
351 2418
2598 1
352 2391
2599 2
353 2371
354 2306
355 2376
356 2361
357 2359
358 2343
359 2290
1270 5
1271 11
1272 5
40 4
1273 9
41 15
1274 9
42 43
1275 13
43 70
1276 8
44 100
810 54
1277 10
45 157
811 52
1278 6
46 227
812 35
1279 13
47 280
813 37
48 421
814 22
49 495
815 52
816 38
817 32
818 51
819 36
1730 3
1731 1
1732 2
1733 2
1734 4
1735 2
1736 6
1737 2
1738 2
1739 4
360 2265
361 2251
362 2158
363 2243
364 2149
365 2246
366 2145
367 2111
368 2104
369 2149
1280 5
1281 3
1282 7
50 635
1283 4
51 764
1284 11
52 841
1285 8
53 1031
1286 7
54 1087
1287 9
55 1217
820 42
1288 6
56 1377
821 32
1289 9
57 1472
822 42
58 1623
823 40
59 1731
824 33
825 44
826 25
827 19
828 42
829 40
1740 3
1741 1
1742 5
1743 3
1744 2
1745 1
1747 2
1748 5
1749 4
370 2049
371 2058
372 2095
373 1995
374 1980
375 1927
376 2031
377 1958
378 1892
379 1887
4301 1
4307 1
4309 1
1290 5
1291 9
1292 8
60 1949
1293 8
61 2062
1294 7
62 2072
1295 7
63 2187
1296 7
64 2216
1297 8
65 2234
830 47
1298 6
66 2288
831 40
1299 9
67 2333
832 34
68 2350
833 36
69 2369
834 39
835 31
836 30
837 32
838 42
839 36
1750 3
1752 2
1754 2
1755 4
1756 2
1757 3
1758 3
1759 1
380 1837
381 1904
382 1940
383 1853
384 1826
385 1717
386 1800
387 1817
388 1735
389 1680
4310 2
4313 1
4316 2
4317 1
4318 1
70 2396
71 2376
72 2413
73 2378
74 2527
75 2364
840 36
76 2483
841 43
77 2614
842 39
78 2631
843 40
79 2681
844 25
845 38
846 34
847 28
848 31
849 45
1760 3
1761 3
1762 1
1763 3
1764 3
1765 2
1766 3
1767 4
1768 4
1769 6
390 1725
391 1733
392 1694
393 1656
394 1585
395 1650
396 1593
397 1625
398 1546
399 1619
4326 2
4327 1
4328 1
80 2767
81 2816
82 2716
83 2875
84 2906
850 40
85 3020
851 38
86 3037
852 48
87 3057
853 33
88 3133
854 34
89 3097
855 36
856 27
857 37
858 34
859 35
3000 1
3001 1
3003 1
1770 2
1772 1
1773 1
1774 4
1775 4
1776 3
1777 5
1779 1
4332 1
4336 1
4337 1
4339 1
90 3272
91 3395
92 3339
93 3373
94 3317
95 3605
860 36
96 3586
861 34
97 3516
862 26
98 3533
863 37
99 3670
864 36
865 34
866 34
867 28
868 27
869 32
3010 1
3011 2
3012 1
3013 2
3014 2
3016 1
3017 1
3018 2
1780 2
1781 3
1782 2
1783 1
1784 1
1785 2
1786 2
1787 1
1788 3
1789 2
4340 1
4342 1
4346 1
4347 1
4349 1
870 37
871 37
872 30
873 36
874 34
875 36
876 37
877 41
878 34
879 35
3020 2
3023 2
3024 2
3025 1
3027 2
3028 2
3029 2
1790 2
1791 3
1792 5
1793 2
1794 1
1795 4
1796 3
1797 1
1798 2
1799 5
4351 1
4353 1
4354 1
4355 2
4356 1
4359 1
880 33
881 34
882 20
883 29
884 22
885 35
886 36
887 24
888 34
889 32
3030 2
3031 1
3032 2
3033 1
3034 1
3035 1
3036 2
3037 1
3038 3
3039 1
4360 1
4369 1
890 20
891 27
892 28
893 31
894 25
895 27
896 25
897 27
898 28
899 28
3040 2
3042 1
3043 3
3044 1
3045 1
3048 1
3500 1
3504 1
3506 1
3050 1
3051 3
3053 3
3054 1
3055 1
3057 1
3059 1
3510 1
4382 2
4383 1
4384 1
4840 1
3062 1
3064 1
3065 1
3066 2
3068 4
3069 1
3526 1
3527 1
2200 2
2202 3
2203 1
2204 1
2205 3
2206 3
2209 2
4858 1
2210 1
2211 1
2212 1
2213 1
2214 3
2215 1
2216 2
2217 2
2218 3
2219 4
3082 2
3083 2
3084 3
3087 4
3544 1
2220 3
2221 1
2223 1
2224 1
2225 1
2226 3
2227 2
2228 1
2229 1
3090 1
3091 1
3092 1
3093 3
3094 1
3095 2
3098 2
3099 2
3552 1
3556 1
3557 1
3558 1
2231 2
2232 3
2233 1
2234 1
2235 1
2236 2
2237 1
2238 3
2239 1
3560 1
3562 1
2240 2
2241 2
2244 1
2245 2
2247 1
2248 1
2249 4
2700 1
2702 1
2704 1
2708 1
2709 2
3570 1
3573 2
3575 1
2250 3
2251 2
2252 2
2253 4
2254 2
2255 3
2256 3
2257 3
2258 3
2259 4
2710 2
2712 1
2713 3
2716 1
2718 1
2260 2
2262 1
2263 1
2264 2
2265 1
6140 1
2266 2
2267 1
2268 3
2269 2
2724 1
2726 1
2729 1
3595 1
1400 6
1401 5
1402 6
1403 6
1404 8
1405 4
1406 5
1407 7
1408 2
1409 8
2271 1
2272 2
2274 2
2275 2
2276 1
2278 2
2279 3
2732 2
2734 1
2735 1
2736 3
2737 2
2739 3
1410 3
1411 4
1412 4
1413 9
1414 3
1415 6
1416 4
1417 7
1418 6
1419 4
2280 4
2282 2
2283 1
2284 3
2285 1
2288 4
2289 2
2740 1
2741 1
2744 2
2746 1
500 524
2747 1
501 511
2748 1
502 419
503 475
504 441
505 467
506 466
507 425
508 447
509 424
1420 7
1421 5
1422 8
1423 2
1424 4
1425 6
1426 5
1427 9
1428 5
1429 3
2290 1
2291 4
2292 4
2293 1
2294 1
2295 2
2296 3
2297 2
2298 2
2299 2
2753 2
2754 1
2755 2
2756 1
2757 1
510 402
2758 2
511 458
2759 3
512 403
513 424
514 418
515 434
516 345
517 423
518 367
519 389
1430 3
1431 5
1432 11
1433 5
1434 6
1435 6
1437 5
1438 6
1439 8
5318 1
2760 1
2761 1
2762 2
2763 1
2765 5
520 400
2768 2
521 351
2769 2
522 352
523 399
524 335
525 353
526 354
527 340
528 369
529 327
1440 5
1441 5
1442 7
1443 9
1444 8
1445 6
1446 3
1447 4
1448 3
1449 7
1900 3
1901 1
1902 1
1903 2
1904 3
1905 4
1906 4
1907 3
4002 1
1908 1
4003 1
1909 2
4006 1
4008 1
2770 1
2774 3
530 329
2777 2
531 316
532 362
533 306
534 310
535 317
536 302
537 319
538 290
539 294
1450 4
1451 4
1452 7
1453 8
1454 4
1455 4
1457 5
1458 2
1459 6
1910 1
1911 1
1912 2
1913 3
1914 3
1915 2
1916 1
1917 2
1918 1
4013 1
1919 2
4014 1
4017 1
2780 1
2781 1
2784 1
2786 2
540 303
2787 1
541 276
542 271
2789 1
543 291
544 278
545 288
546 304
547 268
548 267
549 284
1460 7
1461 7
1462 6
1463 3
1464 4
1465 7
1466 5
1467 7
1469 6
1920 4
1921 4
1922 1
1923 4
1924 4
1925 1
4021 1
1926 3
1928 3
1929 2
4029 1
2791 2
2792 3
2793 1
2794 2
2795 2
2796 1
550 246
2798 3
551 270
2799 1
552 241
553 280
554 246
555 246
556 245
557 234
558 259
559 255
1470 3
1471 4
1472 5
1473 7
1474 9
1475 8
1476 5
1477 6
1478 6
1479 4
1931 2
1932 2
1933 1
1934 1
1935 2
1937 4
4032 1
1938 3
4033 1
1939 2
4036 1
560 229
561 229
562 241
563 242
564 220
565 227
566 217
567 224
568 226
569 235
1480 5
1481 7
1482 7
1483 4
1484 7
1485 3
1486 2
1487 5
1488 3
1489 4
1941 1
1942 2
1943 3
1944 1
1945 1
1946 7
1947 1
1948 3
1949 4
4045 1
4047 1
4049 1
570 219
571 192
572 203
573 189
574 186
575 208
576 203
577 174
578 214
579 187
4503 1
1490 3
1491 3
1492 1
1493 4
1494 2
1495 3
1496 3
1497 4
1498 3
1499 3
1950 3
1951 1
1952 1
1954 2
1955 3
1956 2
4051 1
1957 1
1958 2
4054 1
580 176
581 194
582 204
583 194
584 186
585 177
586 174
587 178
588 190
589 168
4513 1
1960 2
1962 1
1964 2
1965 5
1966 2
1967 1
1968 1
1969 1
4066 2
4067 1
590 186
591 207
592 189
593 175
594 166
595 180
596 183
597 160
598 161
599 186
3201 1
3202 1
3204 1
3205 2
1970 2
1971 2
1972 5
1973 1
1974 3
1975 1
1976 2
1977 2
4072 1
1978 2
1979 3
4530 1
4535 1
4536 1
3210 1
3211 1
3213 2
3214 1
3217 1
3218 2
1981 2
1982 2
1983 6
1984 4
1985 1
4080 1
1986 1
1987 4
1988 1
4083 1
1989 5
3222 1
3224 1
3225 1
3226 3
3227 1
3228 1
1991 1
1993 2
1994 1
1995 3
4090 1
1996 3
1997 1
1998 2
1999 1
4095 1
4097 1
4099 2
3231 1
3232 2
3234 1
3235 1
3236 1
3238 1
4567 1
3240 2
3242 1
3245 1
3247 1
3249 2
3700 2
3701 1
3702 1
3705 2
3707 2
3252 2
3255 1
3256 1
3259 1
3712 2
3715 2
3716 1
8474 1
3263 3
3268 1
3269 1
3720 2
3722 2
3723 1
3725 3
3728 1
4592 1
2400 1
2402 1
2403 1
2406 2
2407 2
2408 4
2409 1
3270 1
3730 2
3733 1
3738 2
2410 2
2412 2
2413 1
2414 2
2415 1
2416 2
2418 2
3281 3
3286 2
3287 1
3288 2
3289 1
3740 1
3741 1
3742 1
2420 5
2421 3
2423 4
2426 1
2427 1
2428 1
2429 2
3290 1
3294 1
1100 15
1101 9
1102 17
1103 16
1104 10
1105 7
1106 16
1107 11
1108 20
1109 16
3753 2
3758 1
2430 1
2431 1
2433 1
2436 3
2437 4
2438 1
1110 7
1111 13
1112 14
1113 14
1114 9
1115 6
1116 17
1117 7
1118 14
1119 11
3765 2
3767 1
2440 1
2442 3
2443 4
2445 1
2446 3
200 3369
2448 1
201 3404
2449 1
202 3317
203 3337
204 3404
205 3433
206 3294
207 3254
208 3331
209 3159
2900 1
1120 14
2901 1
1121 16
2902 3
1122 10
2903 1
1123 12
1124 13
1125 17
2906 1
1126 7
2907 1
5002 1
1127 13
2908 1
1128 11
1129 10
3771 1
3775 1
3777 1
2451 1
2452 1
2453 1
2455 1
210 3280
2458 1
211 3386
2459 3
212 3248
213 3378
214 3350
215 3316
216 3395
217 3459
218 3387
219 3380
2910 1
1130 9
1131 11
2912 1
1132 15
2913 1
1133 22
2914 1
1134 16
2915 1
1135 12
1136 11
2917 1
1137 10
2918 3
1138 18
2919 1
1139 7
3783 1
3784 2
3787 2
3788 1
2460 4
2461 2
2462 1
2464 3
2466 1
220 3352
2468 1
221 3305
222 3354
223 3426
224 3354
225 3295
226 3387
227 3319
228 3191
229 3383
1140 9
2920 1
1141 11
2921 1
1142 10
2922 1
1143 14
2923 1
1144 11
2924 2
1145 10
1146 7
2926 3
1147 11
2927 1
1148 15
2928 1
1149 12
2929 1
3795 1
3798 1
3799 2
1600 2
1601 3
1602 7
1603 4
1604 1
1605 4
1606 2
1607 5
1608 5
2472 2
2473 2
2474 2
2475 3
230 3335
2477 1
231 3313
2478 3
232 3387
2479 1
233 3288
234 3399
235 3396
236 3340
237 3285
238 3326
239 3310
1150 14
2931 1
1151 8
2932 3
1152 10
1153 13
2934 2
1154 12
2935 1
1155 11
2936 1
1156 15
1157 13
2938 1
1158 5
1159 11
1610 1
1611 1
1612 2
1613 4
1614 4
1615 6
1616 5
1617 5
1618 3
1619 2
2480 1
2484 1
2486 1
2487 1
240 3465
241 3317
242 3359
243 3326
244 3397
245 3375
246 3382
247 3340
248 3426
249 3306
2940 2
1160 13
1161 5
2942 2
1162 18
1163 16
2944 2
1164 15
2945 1
1165 8
1166 11
2947 1
1167 15
700 73
2948 1
1168 13
701 72
1169 9
702 81
703 73
704 89
705 71
706 75
707 78
708 72
709 81
1620 2
1621 3
1622 4
1623 2
1624 7
1625 1
1626 6
1627 5
1628 3
1629 3
2491 2
2492 1
2494 1
2495 1
2497 2
250 3317
2498 2
251 3465
252 3364
253 3321
254 3317
255 3359
256 3352
257 3372
258 3367
259 3275
2950 2
1170 12
2951 1
1171 11
2952 1
1172 13
1173 10
2954 1
1174 16
1175 14
2956 2
1176 10
2957 2
1177 11
710 70
1178 9
711 79
2959 1
1179 8
712 61
713 65
714 68
715 79
716 51
717 57
718 81
719 70
1630 4
1631 2
1632 3
1633 7
1634 1
1635 2
1636 6
1637 1
1638 2
1639 2
260 3329
261 3394
262 3353
263 3477
264 3272
265 3347
266 3311
267 3375
268 3377
269 3233
1180 14
2960 3
1181 14
1182 11
2962 2
1183 15
2963 1
1184 9
1185 8
2965 2
1186 6
1187 10
720 70
1188 14
721 55
1189 10
722 69
723 59
724 71
725 67
726 57
727 68
728 67
729 58
1640 1
1641 4
1642 6
1643 2
1644 5
1645 3
1646 2
1647 5
1648 3
1649 2
270 3346
271 3360
272 3257
273 3460
274 3334
275 3344
276 3412
277 3354
278 3425
279 3468
4203 2
4208 1
1190 7
2971 1
1191 7
2972 3
1192 13
2973 1
1193 16
2974 1
1194 9
2975 1
1195 16
2976 2
1196 12
730 58
2977 1
1197 6
731 50
1198 8
732 56
1199 8
733 64
734 72
735 64
736 63
737 60
738 65
739 55
1650 4
1651 2
1652 3
1653 3
1654 4
1655 1
1656 2
1657 5
1658 2
1659 6
280 3278
281 3347
282 3212
283 3302
284 3378
285 3313
286 3355
287 3380
288 3284
289 3189
4210 1
4215 1
4216 1
4219 1
2981 1
2983 1
740 62
2988 2
741 65
742 68
743 43
744 57
745 65
746 44
747 69
748 68
749 48
1660 2
1661 2
1662 5
1663 5
1664 3
1665 2
1666 2
1667 1
1668 5
1669 6
290 3304
291 3207
292 3317
293 3250
294 3306
295 3166
296 3236
297 3274
298 3113
299 3140
4220 1
4221 1
4222 1
4223 1
4224 1
4228 2
2992 3
2993 2
2994 2
2995 1
750 55
2998 1
751 62
2999 1
752 40
753 51
754 60
755 61
756 49
757 50
758 47
759 49
1670 6
1671 2
1672 1
1673 1
1674 4
1675 2
1676 6
1677 1
1678 4
1679 4
4231 4
4233 2
4237 2
4238 1
4239 1
760 51
761 45
762 52
763 43
764 45
765 53
766 52
767 45
768 43
769 60
1680 5
1681 1
1682 2
1683 5
1684 3
1685 4
1686 2
1687 3
1688 3
1689 7
4240 1
4241 1
4245 1
4248 1
4249 1
770 67
771 48
772 57
773 68
774 59
775 48
776 53
777 47
778 49
779 41
1690 2
1691 1
1692 2
1693 3
1694 2
1695 4
1696 2
1697 7
1698 1
1699 1
4251 1
4256 1
4257 2
780 49
781 47
782 61
783 47
784 50
785 43
786 45
787 47
788 41
789 42
4267 1
790 50
791 45
792 52
793 36
794 43
795 40
796 41
797 36
798 40
799 51
3400 1
3403 1
4270 2
4271 1
4275 1
3410 1
3411 1
4282 2
4283 1
4287 2
3421 1
3422 1
3424 1
3426 2
4292 1
4293 1
4299 1
2100 5
2102 2
2104 1
2105 1
2107 2
2108 1
2109 2
3433 2
3435 1
3436 1
2111 1
2112 1
2113 1
2114 1
2116 2
2117 1
2118 4
2119 1
4763 1
3441 2
3442 2
2121 1
3902 1
2122 1
3904 1
2124 3
2125 2
2126 2
3908 1
2128 1
3909 1
2129 2
4774 1
3452 1
3456 1
2130 1
2131 2
2132 4
2133 3
2134 1
2135 7
2136 1
2137 3
3918 1
2139 1
2140 1
2141 1
3921 1
2142 1
2143 4
2145 6
2146 1
3926 1
6022 1
2147 2
3927 1
2148 4
3928 1
2149 2
2602 2
2603 1
2604 2
2605 1
2606 1
2609 1
3472 1
3478 1
2150 1
2151 1
2154 2
2155 2
2157 2
2158 2
2159 2
2610 1
2613 1
2614 4
2615 1
2616 2
2619 1
3480 1
3481 2
2160 2
2161 1
2162 1
3943 1
2163 3
2164 4
2165 2
3946 1
2166 3
2167 2
2168 2
3949 1
2169 1
2620 1
