2621 4
2622 3
2623 1
2624 2
2625 1
2626 3
2627 2
2628 2
6504 1
2629 3
3491 1
3492 1
3493 1
3496 3
3497 2
3498 2
3499 3
1300 58
1301 59
1302 55
1303 62
1304 66
1305 64
1306 47
1307 62
1308 58
1309 65
2170 3
3950 1
3951 5
2171 7
2172 6
3953 1
2173 6
2174 3
3954 3
2175 4
3956 2
2176 4
1 1
3957 2
2177 3
2 2
2178 6
2179 8
4 2
5 1
6 2
7 7
8 4
9 4
2630 2
2631 1
2632 3
2633 2
2634 5
2635 1
2636 2
2637 1
2638 1
2639 3
6517 1
1310 59
1311 53
1312 69
1313 68
1314 68
1315 63
1316 43
7398 1
1317 55
1318 66
1319 72
2180 6
3960 2
3961 1
2181 7
2182 5
3962 4
3963 2
2183 2
2184 4
3964 2
2185 7
3965 3
2186 4
2187 5
2188 11
3968 2
2189 6
6068 1
2641 3
2642 3
2643 3
2644 5
2645 3
2647 2
400 1012
401 985
2649 2
402 975
403 1014
404 966
405 989
406 1009
407 934
408 985
409 964
1320 60
1321 42
1322 54
1323 57
1324 64
5200 1
1325 49
5201 1
1326 44
1327 53
1328 58
5204 1
1329 54
5205 1
5206 2
5207 1
5208 2
5209 3
2190 5
3970 1
2191 7
3972 1
2192 6
2193 11
3974 1
2194 4
3975 1
2195 3
2196 7
2197 4
3978 1
2198 8
3979 1
2199 3
6075 1
6076 1
2650 5
2651 2
2652 2
2653 3
2654 2
2655 4
2656 2
410 985
2657 5
411 964
2658 5
412 961
2659 3
413 903
414 1002
415 915
416 973
417 928
418 961
419 932
1330 47
1331 48
1332 59
1333 48
1334 56
1335 43
5211 2
1336 45
5212 3
1337 54
1338 56
1339 48
5215 3
5216 1
5217 1
5218 3
5219 1
3981 3
3982 1
3984 1
3985 1
3986 1
6083 1
6084 1
7874 1
7878 1
2660 2
2661 3
2662 2
2663 1
2664 3
2665 1
2666 4
2667 1
420 1009
421 960
2669 1
422 938
423 957
424 914
425 954
426 954
427 867
428 953
429 919
1340 55
1341 70
1342 56
1343 51
1344 52
5220 1
1345 58
5221 1
1346 50
5222 1
1347 56
1348 48
5224 2
1349 53
5226 1
5227 1
5228 3
5229 1
3990 1
3992 1
3993 1
3994 1
3995 3
3996 1
6094 1
3999 1
6095 1
1800 8
7882 1
1801 9
1802 2
1803 9
1804 13
1805 9
1806 6
1807 7
1808 3
1809 7
2670 2
2671 1
2672 1
2673 4
2674 2
2675 5
2677 2
430 889
2678 2
431 878
2679 2
432 961
433 937
434 953
435 909
436 931
437 910
438 968
439 938
1350 53
1351 52
1352 36
1353 69
1354 42
5230 1
1355 41
1356 42
5232 1
1357 51
5233 1
1358 45
5234 1
1359 42
5235 4
5236 1
5238 2
1810 7
1811 9
1812 14
7894 1
1813 11
1814 4
1815 5
1816 5
1817 11
7899 1
1818 6
1819 9
2680 1
2681 2
2682 2
2683 1
2684 1
2685 1
2686 2
2687 2
440 932
2688 1
441 930
2689 2
442 992
443 980
444 894
445 924
446 945
447 957
448 892
449 867
1360 52
1361 46
1362 44
1363 48
1364 35
5240 1
1365 39
1366 47
5242 3
1367 64
900 441
5243 1
1368 54
901 427
5244 1
1369 43
902 449
5245 1
903 414
5246 1
904 447
5247 3
905 431
906 429
907 428
908 425
909 463
1820 9
1821 7
1822 9
1823 9
1824 8
1825 7
1826 9
5702 2
1827 8
1828 6
5703 2
1829 2
5707 1
5708 1
2691 4
2692 2
2693 3
2694 3
2695 2
2696 1
2697 2
450 872
451 913
2698 3
2699 2
452 897
453 948
454 900
455 853
456 928
457 886
458 882
459 903
1370 41
1371 49
1372 34
1373 58
1374 49
5250 2
1375 48
5251 1
1376 38
5252 2
1377 47
910 454
5253 2
1378 49
911 445
1379 43
912 416
5255 1
913 420
5256 2
914 426
5257 2
915 458
5258 1
916 408
5259 4
917 418
918 425
919 381
1830 8
1831 8
1832 4
1833 8
1834 9
5710 2
1835 6
5711 1
1836 6
1837 9
1838 6
1839 18
5718 1
5719 2
460 926
6583 1
461 903
462 944
463 838
464 896
465 875
466 875
467 877
468 926
469 932
1380 34
1381 48
1382 45
1383 48
1384 39
5260 6
1385 43
1386 37
920 410
5262 1
1387 47
5263 2
921 430
1388 52
5264 1
922 410
1389 46
5265 1
923 386
924 397
5266 1
925 376
5268 1
926 402
927 416
5269 2
928 384
929 390
1840 7
1841 10
1842 4
1843 14
1844 14
1845 1
1846 5
5722 1
1847 7
1848 10
1849 7
5724 1
5725 2
5729 1
6591 1
470 896
471 914
472 905
473 897
474 895
475 907
476 938
477 977
478 878
479 901
4402 3
4404 2
4405 4
4406 1
4407 3
4408 1
1390 35
1391 39
1392 38
1393 49
1394 41
5270 2
1395 38
1396 38
930 415
5272 2
1397 54
5273 1
931 344
1398 42
5274 2
932 356
1399 39
933 372
934 413
5277 3
935 367
5278 2
936 401
5279 1
937 382
938 347
939 373
1850 8
1851 11
1852 10
1853 7
1854 7
1855 7
1856 7
1857 3
5732 2
5733 1
1858 7
5734 1
1859 3
5737 1
5738 1
480 891
481 916
482 865
483 918
484 943
485 969
486 886
487 881
488 881
489 921
4413 2
4415 1
4416 3
4417 3
4418 1
4419 2
8300 1
5280 2
5282 1
940 367
5283 2
941 362
5284 4
942 343
5285 2
943 347
5286 2
944 354
5287 2
945 334
946 353
5289 1
947 329
948 347
949 357
1860 5
1861 4
1862 6
1863 9
1864 5
1865 11
1866 7
1867 8
1868 10
1869 5
5745 1
5746 2
5749 1
490 880
491 866
492 906
493 877
494 930
495 933
496 913
497 870
498 946
499 878
4420 2
4421 1
4422 1
4423 1
4424 1
4426 1
4429 5
8314 1
5291 1
5292 2
950 358
5293 4
951 379
5294 1
952 365
5295 3
953 333
5296 1
954 301
5297 4
955 337
5298 3
956 353
957 379
958 339
959 356
3100 4
3101 1
3102 1
3107 2
3108 5
3109 4
1870 7
1871 6
1872 9
1873 7
1874 10
5750 1
1875 7
5751 1
1876 8
5752 1
1877 11
1878 7
1879 3
5756 1
5757 1
5758 1
4430 1
4434 2
4435 2
4437 2
4439 1
960 373
961 312
8326 1
962 368
963 283
964 321
965 348
966 326
967 315
968 319
969 332
3111 2
3112 1
3113 2
3114 1
3115 2
3116 4
3119 1
1880 2
1881 5
1882 6
1883 8
1884 9
1885 7
1886 8
1887 6
7005 1
5763 1
1888 10
1889 8
5765 1
5766 1
5768 1
5769 1
4440 2
4441 4
4443 2
4444 1
4446 2
4448 3
4449 2
8333 1
970 324
971 344
972 296
973 342
8339 1
974 309
975 334
976 297
977 292
978 344
979 324
3120 3
4901 1
3121 2
3122 2
4903 1
3123 2
3124 1
3125 2
4905 1
4906 1
3127 2
3128 2
4909 2
1890 6
1891 3
1892 8
1893 9
1894 6
1895 10
5771 1
1896 8
1897 7
7016 2
1898 9
1899 6
5775 1
5779 1
4451 1
4452 2
4454 1
4455 1
4456 4
4457 1
4459 1
8342 1
980 307
981 303
982 296
983 306
8348 1
984 270
985 288
986 295
987 277
988 292
989 274
3130 2
3131 2
4911 1
3132 1
3133 1
3134 3
3135 2
4915 1
4916 1
3136 2
4917 1
3138 1
4919 1
5782 3
5784 1
5785 1
4460 1
4462 1
4464 1
4465 1
4466 1
4467 1
990 298
991 282
992 285
8358 1
993 280
994 297
995 271
996 262
997 259
998 272
999 284
4920 1
3140 2
4921 2
4922 1
3142 1
4923 1
3143 2
3144 4
3145 1
3146 1
3147 1
4927 1
3148 2
5790 1
5791 1
5793 1
5797 1
3600 4
3602 1
3603 1
3604 1
3605 1
3606 3
3607 6
3608 2
3609 3
4471 1
4473 1
4474 2
4475 1
4476 1
4477 2
4478 2
4930 2
3151 2
3152 1
4932 1
3153 1
3154 1
4935 1
3155 2
3157 1
4938 2
4939 1
3159 1
7045 1
3610 1
3611 1
3612 3
3613 1
3614 2
3616 1
3618 2
4480 1
4481 3
4482 1
4483 1
4485 2
4489 1
8370 2
4940 2
3163 4
3164 1
4945 1
3165 1
3166 3
3167 1
3168 1
3169 1
4949 2
7051 1
7054 1
3620 1
3621 1
3623 1
3624 1
3625 2
3626 3
3628 1
3629 3
4490 2
4491 2
4492 1
4493 2
7517 1
4494 2
4496 1
4497 1
4499 1
2300 4
2301 4
2302 5
8384 2
2303 5
2304 4
2305 1
2307 6
2308 3
2309 2
4950 2
4951 1
3171 2
4952 2
3172 3
4953 2
3173 1
3174 4
3175 1
4955 1
3176 2
3177 2
4958 2
3178 3
4959 1
7063 2
7068 1
3631 1
3632 3
3633 1
3635 1
3636 1
3637 1
3638 2
8390 1
2310 5
2311 3
2312 4
2313 6
2314 5
2315 4
2317 2
2318 3
2319 4
4960 1
3180 1
3181 1
3182 2
4962 3
4963 1
3183 3
3184 2
4965 1
3185 2
4966 1
3186 1
4967 2
3187 2
3188 2
3189 3
4969 1
3642 1
3643 3
3645 2
3646 2
3647 2
3648 2
3649 1
2320 3
2322 4
2323 3
2324 3
2325 4
2326 1
2327 5
2329 2
4970 2
3190 1
4971 3
3191 2
4972 1
3192 1
4973 1
3193 2
4974 1
3194 2
3195 3
3196 2
3197 1
3198 2
3199 2
4979 2
3650 1
3652 2
3653 1
3654 2
3655 2
3656 3
3657 1
3659 1
2330 7
2332 4
2333 2
2334 3
2335 4
2336 6
2337 3
2338 3
2339 8
6218 1
4980 1
4981 1
4983 1
4984 1
4986 1
1000 290
4987 1
1001 287
4988 2
1002 272
4989 1
1003 261
1004 254
1005 252
1006 288
1007 254
1008 247
1009 267
3660 3
3661 2
3662 4
3663 2
3664 3
3665 1
3666 2
3668 2
2340 3
2341 5
2342 5
2343 5
2344 5
2345 4
2346 6
100 113466
2347 6
2348 2
101 111895
2349 2
102 108721
103 106153
104 103408
105 101398
106 98379
107 96405
108 94103
4991 2
109 91239
4992 1
4993 1
4994 1
4996 3
1010 241
4997 2
1011 279
4998 1
1012 253
4999 1
1013 265
1014 260
1015 248
1016 245
2800 3
1017 240
2801 2
1018 250
1019 224
2803 4
2804 4
2805 1
2806 1
2807 1
2808 1
2809 1
3670 3
3672 1
3673 4
3674 2
3675 1
3676 2
3677 1
3678 1
3679 2
2350 3
2351 2
2352 2
2353 6
2354 3
2355 2
2356 2
6231 1
110 89445
2357 3
2358 2
111 87729
2359 4
112 85385
113 82757
114 81234
115 79139
116 76705
117 74708
118 72861
119 71640
1020 254
1021 237
1022 210
1023 220
1024 236
1025 240
1026 253
2810 3
1027 249
2811 2
1028 228
1029 229
2812 5
2813 3
2815 6
2816 1
2817 2
2818 1
2819 2
3680 2
3686 2
3687 2
3688 2
3689 4
2360 3
2361 6
2362 2
2363 2
2364 1
2365 2
2366 3
2367 3
120 69402
2368 2
121 67861
2369 1
122 65477
123 64366
124 62429
125 60752
126 59393
127 57293
128 55957
129 54497
1030 216
1031 216
1032 219
1033 223
1034 229
1035 211
1036 218
2820 4
1037 256
2821 4
1038 209
2822 3
1039 223
2823 1
2824 1
2825 1
2826 4
2827 1
2828 3
2829 3
3690 3
3695 2
3696 2
3697 1
3698 2
3699 2
1500 20
1501 23
1502 24
1503 29
1504 25
7586 1
1505 19
1506 38
7588 1
1507 30
1508 23
1509 14
2370 2
2371 6
2372 2
2373 2
2374 3
2375 4
2376 5
2377 2
130 52826
2378 2
131 51277
2379 3
132 50449
133 48923
134 47418
135 46594
136 45080
137 43819
138 42344
139 40836
1040 221
1041 216
1042 200
1043 237
1044 203
1045 204
1046 221
2830 1
1047 232
2831 5
1048 207
2832 1
1049 203
2833 2
2834 2
2835 1
2836 1
2837 3
2838 2
2839 3
1510 19
1511 29
1512 24
1513 16
1514 28
1515 21
1516 24
1517 19
1518 25
1519 24
2380 7
2381 2
2382 3
2383 3
2384 3
2385 5
2386 3
2387 2
140 39975
141 38744
2388 1
142 37517
143 36646
144 35208
145 34546
146 33743
147 32763
148 31932
149 31074
1050 218
1051 210
1052 205
1053 219
1054 210
1055 232
1056 221
2840 4
1057 190
2841 2
1058 213
2842 1
1059 201
2843 2
2844 2
2845 3
2846 4
2847 4
600 935
2848 3
601 951
2849 5
602 893
603 930
604 897
605 902
606 934
607 905
608 895
609 869
1520 34
1521 19
1522 29
1523 21
1524 23
1525 20
1526 33
5402 2
1527 16
1528 30
5404 1
1529 27
5405 1
5406 1
5408 1
5409 1
2390 3
2391 5
2392 3
2393 2
2394 4
6270 1
2395 4
2396 4
2397 4
150 30360
2398 2
151 29322
2399 2
152 28857
153 28306
154 27468
155 26618
156 26148
157 25597
158 24812
159 23785
1060 195
1061 194
1062 198
1063 197
1064 197
1065 207
1066 187
1067 176
2850 4
2851 3
1068 199
2852 2
1069 204
2853 1
2854 3
2855 1
2856 1
2857 1
610 909
611 967
2859 1
612 918
613 894
614 938
615 956
616 882
617 848
618 913
619 889
1530 19
1531 21
1532 16
1533 20
1534 36
5410 3
1535 19
1536 18
1537 20
5413 1
1538 26
5414 2
1539 24
5415 1
5417 4
5418 2
5419 3
160 23527
161 22629
162 22213
163 21766
164 21023
165 20686
166 19959
167 19388
168 18966
169 18480
1070 178
1071 198
1072 180
1073 201
1074 182
1075 184
1076 169
2860 1
1077 172
2861 2
1078 201
1079 180
2863 4
2864 2
2865 1
2866 1
2867 1
620 960
2868 3
621 935
622 930
2869 1
623 889
624 912
625 904
626 894
627 880
628 864
629 870
1540 17
1541 20
1542 18
1543 30
1544 23
1545 19
5421 1
1546 23
5422 3
1547 18
1548 21
5424 1
1549 23
5425 1
5427 1
5428 1
170 18085
171 17428
172 17083
173 16721
174 16046
175 15680
176 15126
177 14731
178 14647
179 14190
4101 1
4103 1
1080 184
1081 171
1082 181
4106 1
1083 186
4107 1
1084 155
4108 1
1085 184
4109 2
1086 191
2870 2
1087 134
2871 2
1088 179
2872 5
1089 169
2873 1
2874 2
2875 2
2876 1
2877 1
630 861
2878 1
631 890
2879 1
632 898
633 846
634 932
635 860
636 903
637 928
638 850
639 882
1550 15
1551 25
1552 16
1553 16
1554 17
1555 19
5431 1
1556 24
5432 3
1557 12
5433 1
1558 25
5434 1
1559 22
5436 1
5437 3
5439 2
180 13324
181 13274
182 12877
183 12555
184 12364
185 11883
186 11592
187 11142
188 10802
189 10416
4110 1
4112 1
4113 1
1090 166
4114 1
1091 181
1092 174
4115 1
1093 169
1094 151
1095 163
1096 160
2880 2
1097 161
2881 1
1098 157
2882 5
1099 168
2883 4
2884 3
2885 2
2886 1
8005 1
2887 3
640 901
2888 2
641 927
642 916
643 870
644 843
645 858
646 849
647 916
648 881
649 922
1560 29
1561 18
1562 22
1563 22
1564 19
5440 3
1565 24
1566 17
1567 18
5443 2
1568 22
1569 19
5446 2
5447 1
5449 2
190 10106
191 9890
192 9494
193 9211
194 8993
195 8657
196 8492
197 8323
198 7917
199 7776
4120 1
5901 1
4122 2
5903 1
4124 2
4126 2
4127 1
5907 1
4128 2
5909 1
4129 2
2890 2
2891 2
2892 1
2893 1
2894 3
2895 1
2896 3
650 913
2897 3
651 936
2898 3
652 864
2899 6
653 887
654 900
655 899
656 835
657 881
658 872
659 928
1570 23
1571 18
1572 21
1573 23
1574 16
5450 1
1575 17
5451 3
1576 25
5452 2
1577 14
5453 2
1578 15
1579 20
5455 1
5456 1
5457 3
5458 1
5459 1
5910 1
4130 3
4132 1
4133 2
5914 1
4137 1
5917 1
8021 1
8022 1
660 877
661 921
662 902
8028 1
663 868
664 896
665 854
666 849
667 810
668 894
669 908
1580 19
1581 14
1582 16
1583 14
1584 20
1585 16
5461 2
1586 12
5462 2
1587 15
5463 2
1588 16
1589 15
5465 4
5466 1
5468 3
5469 2
4142 1
4144 1
4145 1
4147 1
4148 1
670 856
671 856
672 899
8038 1
673 929
674 823
675 857
676 854
677 858
678 849
679 874
4600 3
4601 2
4602 3
4603 1
4608 1
4609 1
1590 13
1591 20
1592 11
1593 14
1594 17
5470 2
1595 13
5471 1
1596 15
5472 3
1597 8
5473 1
1598 12
5474 1
1599 10
5475 1
5477 1
5478 1
5479 3
4150 1
5931 1
4154 1
5935 1
4155 2
4156 1
4158 2
680 978
681 868
682 856
683 859
8049 1
684 773
685 856
686 863
687 863
688 881
689 849
4610 1
4611 1
4613 2
4614 1
4615 4
4617 1
4618 1
4619 3
8500 7
8501 2
8502 3
5480 2
8503 2
5481 2
8504 5
8505 2
5483 1
8506 3
8507 4
5484 2
5485 1
8508 3
5486 1
8509 4
5488 1
5489 2
4161 1
4164 1
4167 2
4168 1
4169 1
8054 1
690 836
691 835
692 820
693 885
694 803
695 869
696 812
697 847
698 812
699 810
4621 1
4624 1
4625 1
4626 2
4627 1
4629 1
8511 1
8512 1
5490 4
5491 1
8515 1
5492 1
8516 1
5493 1
8517 1
5495 1
8519 1
5497 1
5498 1
5499 2
3300 2
3301 2
3302 1
3303 3
3304 3
3305 2
3306 1
3307 1
4170 1
4171 2
5951 1
4175 1
4176 2
4178 1
4179 1
4630 1
4631 1
4633 2
4634 1
4635 1
8520 1
8521 1
3310 1
3312 1
3313 1
3314 2
3315 1
3316 1
3317 3
3318 1
3319 4
4180 2
5961 1
4181 2
4182 1
5963 1
7206 1
4185 1
7208 1
4187 1
4188 1
4189 1
8072 1
4641 1
4647 2
4648 1
4649 2
8534 1
3320 3
3321 1
3322 1
3323 2
3324 2
3328 2
3329 1
4190 1
4191 1
4193 1
5974 1
4194 2
4195 1
4196 2
5976 1
4198 1
4199 1
2000 9
2001 9
2002 4
2003 4
8085 2
2004 4
2005 6
2006 7
2007 8
2008 12
2009 8
4650 1
4651 1
4652 2
4653 1
4654 2
4657 3
8541 1
3330 1
3332 1
3336 1
3337 2
3338 1
7229 1
2010 11
2011 9
8093 1
2012 8
2013 12
2014 9
2015 7
8097 1
2016 7
2017 7
2018 8
2019 11
4661 3
4662 2
4663 1
4664 2
4665 3
4666 2
4667 2
4669 1
3340 2
3341 1
3343 3
3344 3
3346 1
3347 1
3348 2
3349 3
7231 1
2020 6
2021 9
3801 1
2022 8
3802 2
2023 5
3804 3
2024 3
2025 11
3806 1
2026 5
3807 1
2027 5
3808 2
2028 6
2029 6
4670 1
4671 2
4672 1
4673 1
4674 3
4675 1
4676 1
4678 1
3350 1
3351 2
3352 3
3353 2
3356 1
3357 2
3358 3
3359 1
2030 2
3810 2
3811 2
2031 7
3812 2
2032 16
2033 10
3814 1
2034 10
2035 8
3816 4
2036 9
3817 1
2037 3
2038 10
3819 2
2039 7
4680 1
7704 1
7705 1
4682 1
4683 1
7707 1
4684 2
4686 2
4687 1
4689 1
3360 1
3361 4
3363 1
3366 1
3367 2
3368 1
3369 1
3820 2
2040 7
2041 5
3821 3
2042 9
3823 1
2043 6
3824 4
2044 4
2045 5
3826 2
2046 7
3827 2
2047 11
3828 1
2048 6
2049 8
4690 3
4692 1
4693 1
7717 1
4694 4
4695 2
4697 2
4698 1
4699 1
2500 2
2501 2
2502 1
2503 3
2504 2
2505 3
2506 3
2507 4
2508 1
2509 1
3370 1
3371 1
3372 2
3373 1
3374 1
3375 3
3376 1
3377 2
3378 2
3379 3
3830 2
2050 6
3831 3
2051 10
3832 1
2052 1
3833 2
2053 10
2054 9
3835 1
2055 8
2056 8
3837 3
2057 7
3838 1
2058 10
2059 8
7724 1
7729 1
2510 2
2511 1
2512 2
2513 3
2514 4
2515 3
2516 3
2518 2
2519 1
3380 1
3381 2
3383 2
3384 4
3385 1
3386 2
3388 1
3389 1
2060 4
3841 2
2061 10
2062 7
3843 1
2063 5
2064 7
2065 2
3845 1
2066 4
3847 1
2067 5
3848 3
2068 7
3849 1
2069 5
7731 2
7733 1
2520 7
2521 3
2522 3
2523 2
2524 4
2525 4
2526 1
2527 7
2528 2
2529 3
3390 1
3392 1
3393 3
3394 1
3395 2
3396 1
3397 1
3398 2
3399 1
1200 89
1201 107
1202 93
-1 2
1203 105
1204 84
-2 4
-3 1
1205 105
1206 108
-4 1
-5 1
1207 89
-6 1
1208 84
1209 95
-7 1
-8 1
-9 2
2070 6
2071 9
3852 2
2072 9
3853 1
2073 6
3854 1
2074 7
2075 5
3855 1
3856 2
2076 9
3857 2
2077 7
3858 1
2078 7
3859 3
2079 6
7744 1
7747 2
7749 1
2530 3
2531 1
2532 2
2533 2
2534 1
2535 3
2536 5
2537 2
2538 4
2539 2
1210 85
1211 82
1212 97
1213 92
1214 93
1215 88
1216 98
1217 66
1218 96
1219 86
3860 2
2080 6
3861 1
2081 9
3862 1
2082 12
3863 1
2083 13
2084 7
2085 3
2086 4
3867 1
2087 7
3868 1
2088 6
3869 1
2089 3
2540 2
2541 1
2542 3
2543 1
2544 4
6420 1
2546 2
2547 2
300 1194
301 1250
302 1255
2549 3
303 1193
304 1185
305 1210
306 1161
307 1292
308 1143
309 1240
1220 74
1221 95
1222 100
1223 83
1224 90
1225 92
1226 87
5102 6
1227 96
5103 2
1228 76
1229 82
5105 5
5106 1
5107 1
5109 1
3870 2
2090 12
3871 1
2091 3
2092 3
3872 1
2093 11
2094 5
3874 2
3875 2
2095 6
3876 1
2096 5
2097 1
3877 1
2098 6
2099 10
7763 1
7769 1
2550 2
2551 1
2553 5
2554 1
2555 3
2556 2
310 1191
2557 3
2558 2
311 1179
312 1197
2559 3
313 1203
314 1165
315 1091
316 1180
317 1187
318 1144
319 1213
1230 81
1231 105
1232 74
1233 76
1234 84
5110 4
1235 87
1236 88
5112 1
1237 81
5113 1
1238 73
5114 4
1239 76
5115 1
5116 1
5117 2
3880 1
3882 1
3884 2
3885 3
3886 2
3889 1
7774 1
7776 1
7779 1
2560 2
2561 2
2562 1
2563 1
2564 3
2566 3
2567 4
320 1154
2568 1
321 1146
2569 1
322 1143
323 1168
324 1152
325 1078
326 1151
327 1154
328 1139
329 1146
1240 77
1241 90
1242 73
10 2
11 4
1243 65
12 3
1244 87
13 8
5120 2
1245 78
5121 3
1246 77
14 6
5122 3
1247 73
15 7
5123 1
1248 83
16 12
17 13
5124 1
1249 74
5125 1
18 12
5126 1
19 21
5128 2
3892 1
3893 2
3894 1
3896 1
3897 2
3898 1
3899 1
1700 7
1701 12
1702 10
1703 10
1704 14
1705 13
1706 8
1707 12
1708 5
1709 3
2570 1
2571 6
2572 3
2573 2
2575 2
2577 3
330 1130
2578 4
331 1130
2579 3
332 1152
333 1073
334 1085
335 1093
336 1027
337 1099
338 1158
339 1139
1250 73
1251 70
1252 91
20 18
1253 76
21 23
1254 65
22 25
1255 71
23 30
5131 1
1256 78
24 43
5132 2
1257 93
25 60
5133 1
1258 71
26 102
5134 1
1259 71
27 164
5135 1
28 316
5136 1
29 491
5137 4
7790 1
1710 11
1711 13
1712 16
1713 11
1714 6
1715 7
1716 8
1717 10
1718 11
1719 8
2581 1
2582 1
2583 1
2584 3
2585 2
2586 2
2587 1
340 1096
2588 1
6463 2
341 1120
2589 2
342 1037
343 1092
344 1002
345 1056
346 1085
347 1043
348 1057
349 1049
1260 88
1261 83
1262 77
30 923
1263 66
31 1615
1264 76
32 2589
5140 3
1265 63
33 4111
1266 58
34 6248
5142 2
1267 78
35 9233
800 664
1268 70
36 13650
801 691
1269 66
37 19030
802 671
6925 1
5145 5
38 25518
803 603
5146 1
39 32907
804 668
5147 1
805 667
806 659
807 654
808 674
809 665
1720 9
1721 7
1722 11
1723 19
1724 17
5600 1
1725 8
1726 9
1727 10
1728 7
1729 12
5605 3
5606 1
5607 1
5608 1
2590 1
2591 2
2592 5
2593 3
2594 4
2595 1
2596 2
2597 1
350 1033
2598 3
351 1058
352 1065
2599 6
353 1057
354 1065
355 1047
356 1110
357 1050
358 1104
359 1006
1270 62
1271 79
1272 53
40 41410
1273 74
41 50699
1274 89
42 61585
5150 2
1275 66
43 73414
5151 1
1276 57
44 86708
5152 3
810 637
1277 72
45 99031
811 615
1278 61
46 114375
812 633
1279 82
47 129202
813 601
48 144249
814 607
5156 4
49 159345
5157 2
815 610
5158 2
816 660
817 631
818 610
819 588
1730 10
1731 5
1732 11
1733 16
1734 16
1735 4
5611 1
1736 11
5612 1
1737 11
1738 10
1739 6
5615 4
5616 1
5617 1
5619 1
360 1048
361 1065
362 979
363 1050
364 977
365 1004
366 991
367 1071
368 1076
369 1024
1280 72
1281 73
1282 65
50 173121
1283 68
51 186022
1284 79
52 196084
5160 3
1285 58
53 205892
5161 2
1286 58
54 212946
6942 1
5162 1
1287 63
55 220712
820 622
5163 4
1288 60
56 223747
821 585
5164 6
1289 69
57 225998
822 617
5165 2
58 228494
823 602
59 231472
824 588
5167 2
825 635
5168 3
826 622
827 632
828 600
829 580
1740 10
1741 10
1742 9
1743 9
1744 10
5620 1
1745 12
1746 8
1747 11
5623 2
1748 13
1749 5
5625 2
5629 1
370 1022
371 1026
372 980
373 1016
374 997
375 968
376 1056
377 1087
378 957
379 1000
4300 1
4301 1
4302 2
4305 1
4306 1
4307 2
4308 2
1290 60
1291 63
1292 64
60 231370
1293 74
61 232144
1294 62
62 231286
5170 3
1295 64
63 229712
5171 2
1296 75
64 229146
5172 1
1297 67
65 227863
830 590
5173 4
1298 64
66 225697
831 564
5174 2
1299 51
67 223421
832 576
5175 2
68 221501
833 582
5176 2
69 218443
834 560
5177 2
835 549
5178 2
836 604
837 552
838 591
839 573
1750 11
1751 15
1752 11
1753 13
1754 7
1755 5
1756 5
1757 8
5633 2
1758 8
1759 10
5636 2
5639 1
380 1037
381 1064
382 1030
383 991
384 1050
385 1035
386 979
387 957
388 958
389 933
4310 1
4312 2
4314 2
4315 3
4316 1
4317 1
4318 1
70 216519
71 212573
72 209919
8203 1
5180 1
73 205352
5181 2
74 201045
5182 1
75 198297
840 613
5183 3
76 195052
841 555
5184 1
77 190914
842 568
5185 1
78 187395
843 540
5186 2
79 184154
844 554
5187 3
845 553
5188 1
846 530
5189 5
847 514
848 550
849 574
1760 10
1761 7
1762 10
1763 6
1764 15
5640 1
1765 8
5641 1
1766 9
5642 1
1767 7
1768 7
5644 1
1769 7
5645 3
5649 2
390 962
391 915
392 979
393 1023
394 971
395 1062
396 932
397 969
398 956
399 956
4320 2
4323 1
4326 1
4327 2
4328 3
4329 1
80 179434
8211 1
81 175956
82 171857
6970 1
83 169424
5191 1
84 164636
850 577
85 161128
5193 1
851 560
86 158057
5194 1
852 504
87 154655
853 531
5195 3
88 150317
854 565
89 147380
5197 1
855 557
5198 1
856 496
5199 3
857 534
858 542
859 534
3000 3
3001 2
3002 1
3003 1
3005 2
3006 1
3008 3
3009 4
1770 4
1771 4
1772 4
1773 9
1774 10
5650 1
1775 6
5651 1
1776 6
1777 9
1778 8
1779 7
5658 2
5659 2
4330 1
4331 1
4335 1
4336 3
4337 1
4339 2
90 143178
91 140180
92 136775
93 133443
94 130594
95 126595
860 516
96 124652
861 518
97 121550
862 537
98 119128
863 471
99 116055
864 507
865 496
866 523
867 524
868 548
869 516
3010 3
3011 1
3012 2
3013 1
3014 1
3017 2
3018 4
3019 1
1780 15
1781 11
1782 6
1783 15
1784 9
1785 2
5660 1
5661 1
1786 7
5662 2
1787 5
1788 8
5663 2
1789 7
5664 1
5669 3
4341 1
4343 2
4346 3
4347 3
4348 3
870 498
871 529
872 479
873 504
874 488
875 495
876 497
877 496
878 474
879 491
4800 1
3020 1
3021 1
4801 1
3023 2
3024 2
3025 3
4806 1
3026 3
3027 1
3028 3
4809 1
3029 1
1790 3
1791 8
1792 10
1793 7
1794 5
1795 5
1796 6
1797 6
1798 6
1799 8
5675 1
5676 1
5678 1
4350 1
4352 1
4353 2
4356 1
4357 3
4359 2
880 479
881 470
8247 1
882 490
883 484
884 494
885 469
886 463
887 493
888 483
889 513
3030 2
4810 3
3031 1
4812 1
3032 2
3033 1
3034 1
3035 1
3036 2
4816 1
3037 2
4817 2
4818 1
4819 1
3039 4
5680 1
5681 1
5682 1
5683 2
5685 2
5686 1
5688 1
5689 1
4360 1
4362 1
4363 4
4365 1
4366 2
4367 1
4368 1
4369 3
890 499
891 458
892 456
893 463
894 481
895 440
896 445
897 466
898 474
899 475
3040 2
3041 1
3042 3
4822 1
3043 3
4824 1
3044 2
4825 4
3045 3
3046 1
4827 1
3047 4
3048 1
4828 1
3049 3
5695 1
5699 1
3500 3
3501 2
3503 2
3504 1
3506 2
3507 1
3509 5
4371 3
4372 1
4373 2
4374 1
4377 1
4378 1
8266 1
3050 1
3051 2
4832 1
3052 2
4833 1
3053 1
3054 2
4834 1
3055 1
4835 1
4836 1
3057 1
3058 1
4838 2
4839 2
3059 3
3510 3
3511 2
3512 2
3513 4
3514 1
3515 1
3518 2
3519 1
4380 2
4381 1
4382 1
4383 2
4385 1
4386 2
4387 1
4389 3
8271 1
3060 1
4841 1
3061 1
3063 4
3064 2
3065 3
3066 1
3067 1
3068 3
4848 1
3069 1
4849 1
3520 2
3522 1
3523 5
3524 3
3525 3
3526 3
3528 2
3529 1
4390 1
4391 1
4392 1
4393 2
4394 1
4395 3
4396 2
4398 1
4399 2
8281 1
2200 4
2201 5
2202 5
2203 6
2204 4
2205 5
2206 3
2207 5
2208 5
2209 10
4850 1
4851 1
3071 3
3072 2
4852 1
3073 1
3074 1
4854 1
4855 1
3075 3
4856 1
3076 2
4857 1
3077 1
4858 3
3078 4
3079 2
3530 3
3531 3
3532 2
3534 3
3535 6
3536 1
3538 1
3539 1
2210 5
2211 9
2212 8
2213 5
2214 1
2215 7
8297 1
2216 3
8298 1
2217 9
2218 9
2219 6
4860 2
3080 2
4861 1
3081 3
3082 1
3083 4
3084 4
4864 1
4865 1
3085 6
3086 3
4867 1
3087 3
3088 3
4869 1
3540 1
3541 2
3542 3
3544 4
3545 1
3546 2
3547 1
3548 2
3549 3
2220 6
2221 2
2222 5
2223 6
2224 5
2225 1
6101 1
2226 4
2227 1
6103 1
2228 5
2229 5
6105 1
6106 1
6107 1
6109 1
3091 1
4872 2
3093 2
4874 2
3094 1
3095 1
4875 1
3097 1
4877 3
4878 1
3098 1
3099 3
3550 1
3551 3
3554 2
3556 2
3557 1
3558 3
3559 2
2230 7
2231 6
2232 7
2233 6
2234 4
2235 8
2236 8
2237 5
2238 4
2239 3
6116 1
6118 1
7901 1
4880 1
4882 1
7906 1
4883 2
4885 1
4886 1
3560 3
3561 3
3562 2
3564 2
3565 2
3566 1
3567 1
3568 3
3569 3
2240 7
2241 7
2242 4
2243 4
2244 6
2245 2
6120 1
2246 5
2247 3
2248 1
6123 1
2249 4
6125 1
4890 2
4891 2
7916 1
4895 1
4896 1
4899 1
2700 5
2701 2
2702 1
2703 2
2704 4
2705 1
2706 4
2709 5
3570 3
3573 2
3574 2
3575 1
3576 1
3578 2
3579 1
2250 4
2251 5
2252 6
2253 4
2254 3
2255 2
2256 4
6131 1
2257 5
6132 1
2258 2
2259 3
6135 1
6137 1
2710 3
2711 4
2712 2
2713 1
2714 2
2715 3
2716 3
2718 2
2719 2
3581 1
3582 1
3583 2
3585 1
3586 1
2260 5
2261 6
2262 4
2263 2
2264 5
2265 5
2266 2
2267 4
2268 7
6144 1
2269 2
6147 1
6148 1
2720 3
2721 1
2722 5
2723 4
2724 3
2725 2
2726 4
2727 2
2728 4
2729 1
3590 1
3591 3
3593 3
3594 4
3595 1
3596 1
3597 2
3598 2
3599 6
1400 30
1401 34
7483 1
1402 48
1403 38
1404 35
7486 1
1405 38
1406 38
1407 46
1408 32
1409 35
2270 6
2271 3
2272 3
2273 6
2274 2
2275 8
2276 7
2277 4
2278 4
2279 3
6157 1
2730 4
2731 1
2732 1
2733 2
2734 2
2735 3
2736 2
2737 2
2738 2
2739 5
1410 40
1411 36
1412 27
1413 46
1414 45
1415 41
1416 38
1417 32
1418 50
1419 32
2280 6
2281 3
2282 8
2283 3
2284 2
6160 1
2285 10
2286 6
2287 5
2288 9
2289 5
6167 1
7958 1
2740 1
2741 6
2742 4
2743 4
2745 2
2746 3
500 948
2747 3
2748 2
501 922
502 846
503 888
504 892
505 855
506 889
507 855
508 925
509 835
1420 30
1421 35
1422 35
1423 47
1424 39
5300 2
1425 42
1426 34
5302 1
1427 39
1428 34
1429 43
5306 2
5307 1
5309 1
2290 5
2291 4
2292 4
2293 3
2294 2
2295 1
2296 5
2297 4
2298 1
2299 5
6175 1
6177 1
7961 1
7962 1
2750 1
2752 6
2753 5
2754 1
2755 2
2756 7
2757 1
510 895
2758 2
511 899
2759 2
512 924
513 883
514 923
515 878
516 931
517 952
518 866
519 920
1430 40
1431 42
1432 31
1433 31
1434 41
5310 1
1435 36
5311 2
1436 37
1437 30
1438 36
1439 39
5315 1
5318 1
5319 2
6181 1
6186 1
7970 1
2760 3
2761 1
2762 4
2763 3
2764 1
2765 7
2766 2
2767 2
520 895
521 918
2769 2
522 1005
523 880
524 926
525 949
526 956
527 890
528 930
529 866
1440 35
1441 41
1442 22
1443 31
1444 19
1445 28
5321 4
1446 40
5322 3
1447 35
1448 37
5324 1
1449 33
5325 1
5326 1
5327 2
5329 1
6195 1
1900 3
1901 8
7983 1
1902 7
1903 6
1904 3
4000 1
1905 8
1906 11
7988 1
1907 4
4003 1
1908 4
1909 6
4006 1
4008 1
2770 4
2771 3
2772 1
2773 1
2775 1
2776 1
530 884
2777 2
2778 2
531 971
532 907
2779 1
533 920
534 857
535 903
6658 1
536 905
6659 1
537 896
538 891
539 930
1450 36
1451 34
1452 30
1453 39
1454 30
5330 1
1455 34
5331 1
1456 17
1457 34
1458 42
5334 1
1459 33
5336 1
5337 2
5338 2
1910 4
1911 4
1912 10
1913 7
1914 6
4010 2
1915 7
1916 7
7998 1
1917 6
4013 2
1918 6
1919 6
4014 5
4017 1
4019 1
2780 3
2781 2
2782 4
2783 2
2784 5
2785 1
2787 1
540 894
2788 1
541 922
542 915
2789 5
543 908
544 874
545 873
546 882
547 907
548 955
549 896
1460 33
1461 31
1462 31
1463 32
1464 33
5340 3
1465 36
5341 2
1466 33
5342 1
1467 23
1468 30
5344 1
1469 30
5347 1
5348 2
5349 2
1920 8
1921 3
1922 8
1923 9
1924 4
1925 7
4020 1
5801 2
1926 7
1927 5
1928 7
4024 1
1929 6
4025 2
5805 1
4026 3
4027 1
5808 1
4028 1
4029 1
2791 4
2792 5
2793 2
2794 3
2796 3
2797 2
550 943
2798 3
551 924
2799 3
552 890
553 917
554 886
555 916
556 935
557 911
558 906
559 924
1470 28
1471 36
1472 25
1473 31
1474 23
5350 3
1475 30
5351 1
1476 36
5352 1
1477 33
5353 1
1478 30
1479 28
5356 1
5357 2
5358 1
5359 3
1930 10
1931 5
1932 1
1933 7
1934 7
4030 1
1935 2
1936 4
5812 1
4032 3
1937 4
1938 13
5814 1
1939 7
560 947
561 936
562 922
563 905
564 960
565 897
566 909
6689 1
567 923
568 832
569 942
1480 32
1481 25
1482 26
1483 30
1484 23
5360 1
1485 21
1486 18
1487 31
1488 23
1489 31
5366 1
5367 3
5369 1
1940 9
1941 3
1942 9
1943 11
1944 4
1945 4
5820 1
4041 2
1946 7
1947 4
5823 2
1948 5
1949 10
4045 1
5825 1
5827 1
4047 1
5828 1
4049 1
5829 1
570 918
571 923
572 905
573 943
574 927
575 921
576 938
577 907
578 914
579 968
4500 3
4502 1
4503 2
4504 5
4506 1
4508 1
4509 3
1490 34
1491 20
1492 25
1493 29
1494 31
5370 6
1495 22
5371 1
1496 27
5372 2
1497 23
1498 28
5374 1
1499 31
5375 1
5376 1
5377 1
1950 10
1951 7
1952 4
1953 10
1954 7
1955 7
4050 1
4051 1
1956 6
4052 1
1957 9
5833 1
1958 9
5834 1
1959 7
4054 1
5835 1
4055 1
4057 1
4058 2
5839 1
580 920
581 911
582 908
583 874
584 896
585 891
586 830
587 932
588 915
589 897
4510 1
4512 1
4514 2
4515 1
4516 1
4517 1
4518 5
5380 2
5382 1
5383 1
8408 1
5386 3
5387 2
5388 3
5389 2
1960 5
1961 7
1962 10
1963 6
1964 9
4060 2
1965 5
1966 5
1967 5
1968 7
4064 2
1969 4
5845 1
4066 1
590 902
591 929
592 905
593 921
594 879
595 931
596 919
597 950
598 881
599 940
4521 1
4525 1
4526 2
4527 2
4528 1
4529 2
8412 1
5390 1
5391 3
5392 3
5393 2
5396 2
5398 2
5399 1
3201 1
3203 2
3205 1
3206 3
3207 1
3208 2
3209 3
1970 10
1971 6
1972 10
1973 8
1974 5
4070 1
1975 5
4071 3
1976 4
5852 1
4072 1
1977 9
1978 3
4074 2
5854 2
1979 11
5855 2
4076 1
4077 1
5857 1
5858 1
4078 1
4530 1
4532 1
4533 1
4534 3
4535 2
4538 2
4539 1
8425 1
8426 1
3211 4
3212 1
3213 2
3214 2
3215 2
3216 1
3218 1
3219 2
1980 5
1981 7
1982 15
1983 4
1984 10
1985 7
1986 7
5861 1
4081 3
5862 2
1987 16
5863 1
1988 8
4083 3
1989 2
4086 3
4089 1
4541 2
4542 1
4544 2
4545 1
4547 3
4548 1
4549 3
8431 2
8432 1
8434 2
8436 1
8438 1
8439 1
3220 3
3221 2
3222 1
3226 2
3227 1
3228 1
3229 1
1990 9
1991 8
1992 6
1993 8
1994 13
4090 1
1995 9
1996 8
1997 12
1998 8
4094 1
1999 9
4095 1
5877 1
5878 2
4098 1
4550 1
4552 1
4553 1
4554 1
4555 2
4556 1
4557 2
4558 1
8440 1
8442 1
8443 1
8444 2
8445 1
8446 2
8447 3
8448 1
8449 1
3232 1
3233 2
3234 4
3235 1
3237 1
3238 1
3239 1
7121 1
5883 2
5884 1
5885 1
5887 1
4561 2
4562 2
4563 3
4564 1
4566 2
4567 2
8450 2
8451 1
8452 2
8453 1
8456 2
8457 1
8458 2
8459 3
3240 2
3241 1
3242 1
3243 1
3245 2
3247 1
3248 1
3249 2
5891 1
5892 1
5895 1
5898 2
3700 2
3702 1
3703 1
3704 2
3705 1
3707 2
3708 3
3709 1
4570 3
4571 1
4574 2
4575 2
4576 1
4578 1
8461 4
8462 2
8463 2
8464 5
8465 3
8466 6
8467 9
8468 6
8469 3
3250 3
3251 1
3252 1
3253 1
3257 3
3258 1
3259 1
3710 1
3711 2
3712 3
3714 3
3715 2
3716 3
3717 1
3719 5
7600 1
4580 2
4581 3
4582 1
4583 1
4584 1
4585 1
4586 2
4587 1
4588 1
8470 3
8471 5
8472 2
8473 4
8474 5
8475 7
8476 3
8477 3
8478 9
8479 5
3261 3
3263 1
3264 2
3265 1
3266 2
3267 2
3268 2
3269 1
7159 1
3720 4
3721 1
3722 1
3723 1
3724 2
3725 2
3726 4
3728 2
3729 3
4592 3
7616 1
4594 3
4595 2
4596 3
4597 2
4598 1
8480 8
2400 2
8481 10
8482 7
2401 3
8483 9
2402 2
2403 4
8484 6
2404 3
8485 5
8486 8
2405 6
2406 1
8487 8
8488 11
2407 4
2408 4
8489 9
2409 5
3270 1
3271 3
3273 1
3274 2
3275 1
3276 1
3279 1
3731 1
3733 1
3734 1
3735 2
3736 3
3737 2
-10 1
-11 1
3738 2
3739 2
-13 2
-15 2
-16 1
7623 1
7624 1
7626 1
8490 9
2410 2
8491 7
2411 2
8492 6
8493 8
2412 5
8494 10
2414 2
8495 13
2415 4
8496 9
8497 7
2416 4
8498 6
2417 3
2418 3
8499 4
2419 1
3280 2
3281 3
3282 1
3284 1
3285 1
3288 3
3289 1
7174 1
3740 5
3741 1
3742 2
3745 3
3747 1
3748 2
3749 3
7630 1
-25 2
7631 1
-26 1
7633 1
7636 2
7638 1
2420 3
2421 4
2422 3
2423 10
2424 4
2425 5
2426 5
2427 5
2428 3
2429 1
6306 1
3290 1
3291 2
3292 2
3293 1
3295 1
3298 5
3299 1
1100 159
1101 166
1102 157
1103 167
1104 178
1105 142
1106 145
1107 146
1108 179
1109 148
3751 2
3753 2
3754 3
3756 2
3757 1
3758 1
-31 1
-37 1
2430 1
2432 1
2433 2
2434 2
2435 3
2436 6
2437 1
2438 4
2439 5
1110 146
1111 154
1112 154
1113 156
1114 138
1115 136
1116 153
1117 129
1118 142
1119 128
3760 1
3761 1
3762 1
3763 5
3764 1
3766 2
3767 1
3768 3
3769 2
-43 1
-45 1
2440 4
2441 3
2442 6
2443 3
2444 2
2445 3
2446 2
2447 3
200 7566
2448 3
201 7356
6324 1
2449 2
202 6978
203 6955
204 6560
205 6499
6328 1
206 6274
207 6107
208 6048
209 5819
2900 1
1120 151
2901 5
1121 139
2902 4
1122 136
1123 140
2904 3
1124 141
5000 2
2905 1
1125 133
5001 2
2906 3
1126 128
2907 2
5002 2
1127 136
5003 2
2908 5
1128 136
2909 1
5004 2
1129 119
5005 1
5006 2
5007 1
5008 1
5009 1
3770 4
3771 3
3772 1
3773 1
3774 4
3775 1
3776 1
-50 1
3777 3
3778 3
-53 1
-56 2
7667 1
2450 2
2451 4
2452 4
2453 3
2454 2
2455 1
2456 3
2457 3
210 5616
2458 4
211 5490
2459 5
212 5371
213 5223
214 4810
215 4963
216 4827
217 4599
218 4331
219 4333
2910 2
1130 115
2911 2
1131 123
2912 1
1132 133
2913 3
1133 136
2914 4
1134 145
5010 1
2915 3
1135 134
2916 2
5011 2
1136 121
5012 1
2917 4
1137 140
5013 1
2918 5
1138 139
2919 1
5014 2
1139 137
5015 1
5016 3
5017 2
5019 4
3783 3
3786 2
3787 2
7670 2
7672 1
7674 3
7678 1
2460 3
2461 1
2462 4
2463 1
2464 2
2465 3
2466 3
2467 1
220 4308
221 4070
2468 2
2469 2
222 4082
223 3949
224 3847
225 3882
226 3587
227 3447
228 3477
229 3418
1140 124
2920 2
1141 122
1142 125
2922 4
1143 132
1144 118
5020 1
1145 132
2925 5
2926 2
5021 1
1146 138
5022 1
6802 1
2927 1
1147 138
2928 4
5023 3
1148 124
5024 2
1149 134
2929 4
5025 1
5027 3
3792 2
3793 2
3794 1
3795 1
3796 2
3797 2
3799 2
1600 19
1601 20
1602 19
7684 1
1603 17
1604 18
7686 1
1605 12
1606 21
1607 21
1608 14
1609 20
2470 2
2471 4
2472 1
2473 2
2474 1
2475 2
2476 6
2477 2
230 3301
231 3210
232 3193
233 3096
234 2895
235 2902
236 2881
237 2690
238 2786
239 2690
1150 126
2931 2
1151 114
2932 3
1152 142
2933 3
1153 126
2934 1
1154 116
5030 3
1155 124
2936 4
1156 117
5032 3
6812 1
2937 1
1157 143
2938 2
5033 2
1158 127
5034 1
2939 5
1159 109
5036 1
5038 1
5039 1
7691 1
1610 21
1611 15
1612 12
7694 1
1613 17
1614 16
1615 9
1616 8
1617 14
7699 2
1618 20
1619 17
2480 1
2481 3
2482 1
2483 2
2484 4
2485 1
2486 2
2487 3
240 2676
2488 3
241 2572
242 2496
243 2474
244 2442
245 2378
246 2380
247 2216
248 2250
249 2140
2940 3
1160 123
2941 2
1161 112
2942 3
1162 110
2943 1
1163 109
2944 1
1164 103
5040 1
2945 1
1165 120
5041 1
1166 92
2947 1
1167 107
700 837
6823 1
2948 2
5043 2
1168 110
701 853
5044 3
2949 1
1169 114
702 824
5045 1
703 782
6826 1
5046 2
704 844
5047 1
705 848
5048 1
706 860
707 813
708 846
709 800
-91 1
1620 18
1621 18
1622 20
1623 19
1624 15
1625 13
5501 1
1626 17
5502 3
1627 16
5503 2
1628 15
1629 10
5508 3
5509 1
2490 2
2491 2
2492 3
2493 2
2494 4
2495 1
2497 5
250 2203
2498 3
251 2119
2499 1
252 2050
253 2017
6376 1
254 2015
255 1924
256 1856
257 1948
258 1973
259 1857
2950 1
1170 101
2951 1
1171 102
2952 2
1172 117
2953 1
1173 122
2954 2
1174 123
6830 1
2955 1
1175 114
5051 3
2956 4
1176 123
2957 3
5052 1
1177 91
710 869
5053 1
2958 2
1178 105
711 815
5054 1
2959 2
6834 1
1179 92
712 827
5055 1
713 834
714 845
5057 1
715 863
716 812
717 837
718 838
719 798
1630 10
1631 19
1632 17
1633 12
1634 13
1635 11
5511 1
1636 11
1637 13
1638 19
5514 4
1639 9
5516 2
5517 2
5518 1
5519 2
260 1784
261 1807
262 1772
263 1727
264 1709
265 1651
266 1721
267 1720
268 1628
269 1551
1180 103
2961 1
1181 111
1182 91
1183 98
1184 100
2964 3
5060 1
2965 2
1185 98
6840 1
5061 2
1186 103
2966 3
1187 95
720 799
2967 4
5063 2
1188 100
721 778
2968 1
2969 1
6844 1
5064 2
1189 98
722 837
6845 1
5065 2
723 801
5066 3
724 798
6846 2
5067 1
725 740
5068 2
726 802
727 748
728 825
729 789
1640 21
1641 10
1642 12
1643 19
1644 14
5520 1
1645 12
1646 5
5522 1
1647 20
1648 11
5524 2
1649 11
5528 1
270 1623
271 1560
272 1640
273 1544
274 1503
275 1521
276 1482
277 1463
278 1463
279 1447
4200 2
4202 3
4204 1
4208 2
4209 2
2970 4
1190 98
2971 4
1191 97
1192 113
2973 2
1193 107
2974 1
1194 108
1195 96
5071 3
1196 113
5072 2
2977 1
730 751
1197 105
6853 1
5073 2
2978 2
731 817
1198 95
6854 1
732 777
2979 3
5074 2
1199 99
5075 1
733 804
734 759
5076 4
735 739
6858 1
5078 1
736 760
5079 1
737 768
738 831
739 777
1650 11
1651 7
1652 6
1653 12
1654 12
5530 1
1655 9
1656 9
5532 3
1657 13
5533 3
1658 8
5534 1
1659 11
5535 2
5536 1
280 1393
281 1402
282 1417
283 1327
284 1413
285 1353
286 1401
287 1389
288 1307
289 1363
4212 1
4214 1
4215 2
4216 1
2981 3
2982 5
2983 4
2984 3
5080 2
2985 5
5081 1
2986 1
6861 1
2987 2
6862 1
5082 2
740 759
5083 1
2988 3
741 773
2989 2
8107 1
5084 1
742 762
5085 2
743 765
744 823
5087 1
745 698
5088 1
746 788
5089 1
6869 1
747 712
748 816
749 733
1660 14
1661 19
1662 13
1663 8
1664 14
5540 2
1665 10
5541 1
1666 16
1667 7
5543 1
1668 9
5544 2
1669 13
5546 1
5547 3
5548 1
5549 1
290 1386
291 1354
292 1357
293 1270
294 1319
295 1290
296 1312
297 1320
298 1283
299 1281
4220 1
4222 1
4226 1
4229 2
2990 1
2991 2
2992 4
2993 2
2994 2
2995 1
5090 1
6870 1
6871 1
5091 1
2996 1
2997 1
5092 1
750 788
5093 2
2998 5
751 797
5094 1
2999 2
752 674
8117 1
753 726
5096 1
754 734
5097 2
755 772
5098 2
756 762
5099 2
757 788
758 753
759 754
1670 13
1671 13
1672 8
1673 9
1674 14
5550 2
1675 17
5551 2
1676 7
1677 9
1678 13
1679 15
5556 1
5559 2
4230 1
4231 1
4233 1
4234 2
4235 1
4237 2
4238 1
4239 2
760 720
761 727
762 720
763 732
6886 1
764 764
765 745
766 687
767 753
768 694
769 752
1680 11
1681 11
1682 12
1684 10
1685 15
5561 2
1686 9
5562 3
1687 13
1688 14
5564 1
1689 11
5566 3
5567 3
4240 3
4241 2
4242 1
4243 2
4245 3
4246 1
4248 3
8132 1
770 738
771 729
772 777
773 700
774 726
775 710
776 733
777 685
778 644
779 691
4702 2
4704 2
4705 1
4707 2
4708 1
1690 13
1691 8
1692 12
1693 9
1694 12
5570 2
1695 11
1696 7
5572 2
1697 8
1698 12
5574 1
1699 13
5576 1
5577 2
5579 1
4250 1
4251 1
4252 2
4253 2
4255 1
4257 1
4259 1
780 671
781 699
782 776
783 702
8149 1
784 693
785 716
786 673
787 677
788 713
789 697
4710 1
4714 1
4716 2
4718 1
4719 3
5583 2
5584 1
5585 1
5586 1
5587 1
5588 2
5589 2
4260 1
4262 1
4263 2
4264 1
4265 1
4266 2
4267 3
4268 2
790 685
791 651
792 628
793 660
794 719
795 679
796 666
797 641
798 675
799 675
4723 3
4726 1
4729 3
5590 1
5591 2
5592 1
5593 1
5594 3
5597 2
3400 1
3401 2
3402 2
3404 1
3406 2
3407 2
3408 1
3409 1
4271 2
4272 1
4273 3
4274 2
4277 1
4278 1
4279 1
8161 1
8166 1
8167 1
8168 1
4730 3
4732 1
4734 3
4735 1
4738 2
3410 2
3411 2
3412 1
3414 1
3415 1
3418 1
4280 1
4281 3
4283 1
4286 1
4287 2
4289 1
8175 1
4741 1
4746 1
4747 3
4749 2
3420 2
3421 2
3424 1
3425 1
3426 2
3428 2
3429 1
4290 2
4292 2
4293 3
4294 1
4295 3
4297 1
4298 1
2100 4
2101 9
8182 1
2102 7
2103 9
2104 3
2105 10
8187 1
2106 7
2107 9
2108 5
2109 7
4751 1
4752 1
4755 1
3430 2
3431 1
3432 1
3433 1
3434 1
3435 1
3436 1
3437 4
3438 2
3439 2
2110 11
2111 4
2112 8
8194 1
2113 12
2114 11
2115 7
2116 7
8198 1
2117 9
8199 1
2118 3
2119 10
4763 1
4766 1
3440 3
3441 2
3443 2
3444 2
3446 1
3447 1
3449 2
3900 2
2120 7
2121 9
3901 1
2122 11
2123 9
3904 1
2124 5
3905 1
2125 9
2126 11
3907 2
2127 5
3908 2
6003 1
2129 6
4771 1
4773 1
4776 1
4777 2
3450 1
3451 1
3452 1
3454 2
3455 1
3456 2
3457 4
3458 1
3459 4
2130 6
3911 1
2131 7
2132 1
2133 6
2134 3
3914 1
2135 4
3915 2
3916 3
2136 5
3917 2
2137 5
3918 2
2138 10
3919 1
2139 6
6017 2
7802 1
4780 1
4781 1
7804 1
4782 1
4784 1
7808 1
4786 3
4788 1
3460 2
3462 2
3463 2
3464 1
3465 2
3466 2
3467 2
3468 3
2140 8
2141 8
3922 1
2142 6
2143 7
2144 3
3925 2
2145 10
3926 1
2146 15
3927 3
2147 5
3928 1
2148 2
2149 6
4791 1
4792 1
4793 1
4794 1
7819 1
4798 1
2600 2
2601 4
2602 3
2603 4
2604 2
2605 1
2606 5
2607 3
2608 3
2609 4
3470 1
3471 1
3473 1
3475 3
3476 2
3477 1
3479 1
2150 9
3931 1
2151 3
2152 5
2153 2
3934 1
2154 5
3935 2
2155 9
3936 2
2156 3
3937 1
2157 7
3938 2
2158 7
2159 4
3939 1
7827 2
2611 1
2613 2
2614 2
2615 1
2616 3
2617 3
2618 3
3480 2
3481 3
3482 2
3483 1
3484 2
3485 2
3486 5
3487 1
3488 3
3489 2
3940 3
2160 9
2161 9
3942 1
2162 4
2163 6
3944 1
2164 7
3945 1
2165 8
3946 1
2166 7
3947 1
2167 7
3948 2
2168 8
3949 2
2169 7
7837 1
2620 1
