2621 5
2622 2
2623 2
2624 1
2626 2
2628 3
2629 5
3491 1
3492 6
3493 2
3494 2
3495 2
3497 5
3498 3
3499 2
1300 113
1301 93
1302 100
1303 82
1304 97
1305 99
7387 1
1306 96
1307 108
1308 82
1309 97
3950 1
2170 9
3951 3
2171 6
3952 3
2172 8
2173 12
3954 2
2174 11
2175 12
0 1
2176 9
3957 4
1 1
2177 13
6053 1
2178 10
2 1
3959 1
3 1
2179 8
6055 1
4 3
5 2
6056 1
7 1
8 2
9 4
7847 1
2630 4
2631 5
2632 2
2633 1
2634 1
2635 1
2636 1
2637 5
6513 1
2638 3
2639 3
1310 93
1311 80
1312 75
1313 76
1314 95
1315 78
1316 107
1317 86
1318 99
1319 80
3960 1
2180 8
3961 3
2181 10
3962 1
2182 4
3963 1
2183 13
2184 3
3965 1
2185 15
3966 1
2186 4
3967 2
2187 11
3968 4
2188 3
3969 1
2189 7
6068 1
7851 1
7857 1
2640 2
2641 3
2642 4
2643 6
2645 3
2646 1
2647 3
400 1545
2648 5
401 1506
2649 2
402 1521
403 1551
404 1523
405 1480
406 1587
407 1566
408 1489
409 1510
1320 93
1321 94
1322 105
1323 98
1324 98
5200 3
1325 78
5201 1
1326 79
5202 5
1327 82
5203 3
1328 94
5204 6
1329 73
5205 4
5207 7
5208 3
5209 1
2190 9
3970 5
3971 1
2191 15
2192 8
3972 3
3973 4
2193 6
3974 4
2194 4
2195 8
2196 8
3977 2
6072 1
2197 13
3978 1
6073 3
2198 9
3979 2
2199 10
6076 1
6079 1
2650 3
2651 2
2652 3
2653 2
2654 8
2655 4
2656 2
2657 4
410 1482
2658 1
6533 1
411 1578
2659 1
412 1540
413 1501
414 1501
415 1607
416 1539
417 1525
418 1584
419 1558
1330 74
1331 74
1332 74
1333 78
1334 82
5210 5
1335 71
5211 1
1336 86
5212 2
1337 84
5213 1
1338 73
5214 1
1339 66
5215 4
5216 1
5218 2
5219 1
3980 2
3981 1
3982 3
6081 1
3986 2
3987 1
3989 1
7871 1
7872 1
6089 1
7874 2
7875 1
2660 5
2661 2
2662 6
2663 2
2664 3
2665 4
2666 3
2667 5
420 1505
421 1563
2668 3
2669 2
422 1537
423 1486
424 1524
425 1461
426 1513
427 1528
428 1427
429 1453
1340 83
1341 81
1342 88
1343 85
1344 70
5220 3
1345 70
1346 64
5222 3
1347 85
5223 2
1348 75
1349 77
5225 3
5226 2
5227 1
5229 4
3990 1
3993 1
3994 1
3995 2
6091 1
6092 2
3998 3
3999 1
6095 2
6096 1
7881 1
1800 13
1801 10
7883 1
1802 12
1803 12
1804 7
1805 16
1806 6
1807 15
1808 14
1809 15
2670 4
2671 6
2672 3
2673 2
2674 3
2675 3
2676 2
2677 5
430 1486
2678 4
431 1518
2679 3
432 1466
433 1477
434 1512
435 1463
436 1457
437 1456
438 1470
439 1515
1350 73
1351 77
1352 78
1353 95
1354 62
5230 2
1355 73
5231 8
1356 76
5232 1
1357 89
5233 1
1358 83
1359 67
5235 1
5236 5
5237 3
5238 3
1810 11
1811 15
1812 10
1813 14
7895 1
1814 9
1815 18
1816 11
7897 1
1817 10
1818 5
1819 10
2680 3
2681 3
2682 3
2683 4
2684 3
2685 1
2686 3
2687 4
440 1462
2688 1
441 1537
2689 3
442 1489
443 1549
444 1514
6567 1
445 1505
446 1491
447 1495
448 1485
449 1451
1360 87
1361 76
1362 73
1363 77
1364 59
5240 5
1365 54
1366 80
1367 63
900 715
5243 3
1368 64
901 713
5244 2
1369 77
902 683
903 650
5246 3
904 651
5247 1
905 722
5248 3
906 670
5249 1
907 689
908 668
909 657
1820 12
1821 14
1822 9
1823 5
1824 12
5700 1
1825 14
5701 1
1826 11
5702 2
1827 13
5703 1
1828 9
1829 10
5705 1
5707 3
5708 1
2690 4
2691 2
2692 1
2693 3
2694 7
2695 4
2696 3
2697 2
450 1523
451 1438
2698 2
452 1533
2699 8
453 1440
454 1476
455 1440
456 1499
457 1407
458 1491
459 1554
1370 76
1371 65
1372 81
1373 92
1374 78
5250 1
1375 67
5251 2
1376 67
5252 1
1377 63
910 705
5253 3
1378 59
911 616
5254 1
1379 58
912 679
5255 4
913 641
5256 1
914 689
5257 2
915 674
5258 1
916 622
5259 2
917 676
918 610
919 617
1830 7
1831 11
1832 4
1833 10
1834 7
1835 8
5711 2
1836 10
5712 1
1837 10
5713 2
1838 15
5714 1
1839 13
5717 1
5718 3
460 1476
461 1438
462 1480
463 1479
464 1483
465 1468
466 1476
467 1433
468 1458
469 1420
1380 82
1381 62
1382 66
1383 56
1384 66
5260 2
1385 63
5261 2
1386 87
920 639
1387 73
5263 4
921 627
1388 65
5264 1
922 645
1389 55
5265 2
923 637
924 654
5266 3
5267 2
925 617
5268 2
926 574
5269 4
927 630
928 596
929 625
1840 10
1841 8
1842 5
1843 7
1844 9
1845 16
5721 1
1846 12
5722 1
1847 11
5723 1
1848 13
5724 2
1849 17
5727 1
5729 1
6592 1
470 1541
471 1492
472 1502
473 1430
474 1428
475 1471
476 1507
477 1437
478 1560
479 1417
4400 1
4401 2
4402 1
4403 1
4404 1
4405 2
4406 2
4407 2
4408 1
4409 2
1390 73
1391 46
1392 60
1393 77
1394 65
5270 2
1395 52
5271 2
1396 68
5272 2
930 619
1397 63
931 580
5273 4
1398 52
932 573
5274 1
1399 59
5275 4
933 631
5276 1
934 579
5277 1
935 633
936 606
5278 2
937 566
938 572
939 560
1850 18
1851 6
1852 12
1853 4
1854 8
5730 2
1855 8
5731 3
1856 11
1857 12
5733 1
1858 13
5734 2
1859 13
5735 1
5736 2
5739 1
480 1472
481 1438
482 1452
483 1488
484 1395
485 1525
486 1486
487 1456
488 1427
489 1510
4410 3
4411 1
4412 1
4413 3
4415 3
4416 3
4417 3
4418 3
8300 1
8303 2
5280 4
5281 6
5282 3
940 578
5283 2
941 597
5284 1
942 574
5285 2
943 544
5286 2
944 577
5287 3
945 527
5288 3
946 570
5289 2
947 569
948 469
949 587
1860 13
1861 10
1862 14
1863 10
1864 13
1865 14
5741 1
1866 7
1867 12
5743 1
1868 7
5744 2
1869 4
5745 1
5746 2
5747 1
5749 3
490 1440
491 1450
492 1508
493 1455
494 1489
495 1485
496 1437
497 1370
498 1440
499 1425
4420 2
4421 2
4422 2
4424 3
4425 3
4426 5
4427 3
4428 1
4429 1
8311 1
8313 1
5290 2
8314 1
5291 3
5292 3
950 561
5293 3
8316 1
951 589
5294 1
8317 1
952 537
5295 1
953 557
8319 1
954 535
5297 1
955 558
5298 1
956 543
5299 2
957 535
958 493
959 492
3100 1
3101 1
3102 1
3103 6
3104 4
3105 2
3106 1
3107 3
3108 1
3109 5
1870 11
1871 6
1872 8
1873 14
1874 6
5750 1
1875 12
1876 13
1877 7
5753 2
1878 5
5754 1
1879 6
5757 1
5758 1
5759 1
4431 1
4432 1
4433 1
4434 1
4435 2
4436 1
4437 5
4438 1
4439 2
8320 1
960 505
8326 1
961 493
962 497
8328 2
963 514
964 480
965 512
966 479
967 475
968 501
969 518
3110 5
3111 3
3112 4
3113 3
3114 7
3115 3
3116 2
3118 2
3119 2
1880 6
1881 12
1882 8
1883 16
1884 9
1885 12
1886 10
5761 2
1887 11
5763 4
1888 18
1889 9
5765 1
5766 2
5768 1
5769 1
4440 2
4442 2
4443 3
4444 3
4445 3
4446 4
4447 2
4448 6
4449 3
8330 2
8331 1
8332 1
8334 1
970 483
971 497
972 500
973 486
974 439
975 491
976 518
977 482
978 432
979 450
3120 2
3121 3
3122 2
4902 2
3123 2
4903 2
3124 3
4904 2
4905 4
3125 4
4906 1
3126 5
4907 1
3127 5
3128 1
4909 1
3129 2
1890 7
1891 14
1892 14
1893 10
1894 12
1895 9
1896 15
1897 13
1898 8
5774 3
1899 11
5775 1
5776 1
5778 1
5779 1
4450 3
4451 1
4452 4
4453 1
4454 2
4456 1
4457 2
4458 3
980 430
981 477
982 449
983 441
984 465
985 470
986 461
987 435
988 427
989 474
3130 2
4910 1
3131 4
4912 1
3132 5
3133 3
4914 1
3134 5
4915 1
3136 1
4917 1
3137 3
4918 1
3138 6
4919 2
3139 3
5780 1
5782 1
5784 1
5785 1
5786 2
5787 1
5788 1
5789 1
4460 1
4461 1
4462 1
4463 4
4464 2
4465 3
4466 2
4467 2
4468 4
4469 1
8354 1
8355 1
990 463
991 480
8357 1
992 432
993 413
994 448
995 424
996 453
997 430
998 390
999 418
3140 1
4920 3
3141 1
3142 1
4922 2
4923 2
3143 1
3144 3
3145 5
4925 1
3146 1
4926 2
4927 2
3147 5
3148 4
4928 3
3149 1
4929 3
5791 2
5792 2
5793 1
5794 3
5795 1
5798 1
3600 4
3601 1
3602 3
3603 2
3604 1
3605 2
3606 2
3607 2
3608 3
3609 2
4470 2
4471 2
4472 4
4473 2
4474 4
4475 1
4476 1
4477 4
4478 2
4479 4
8361 2
8365 2
4930 1
3150 4
3151 2
4931 5
3152 2
4932 2
3153 2
4933 3
4934 4
4935 1
3155 2
3156 1
4936 3
4937 3
3157 2
3158 1
3159 1
4939 2
7043 1
3611 3
3612 4
3613 2
3614 2
3615 5
3616 1
3617 2
3618 4
3619 2
4481 3
4482 1
4483 2
4484 4
7507 1
4486 3
4487 3
4488 1
4489 3
8373 1
8376 1
3160 6
3161 1
4941 3
3163 1
4943 1
3164 1
4945 5
3166 1
4947 2
3167 2
3168 3
4948 2
3169 1
4949 2
7054 1
3621 6
3622 5
3623 1
3624 3
3625 5
3626 4
3627 5
3628 6
3629 1
4490 3
4491 4
4492 3
4493 3
4494 1
4496 4
4497 4
4498 1
4499 1
8380 1
2300 3
2301 13
2302 11
2303 6
2304 7
2305 6
8387 1
2306 5
2307 8
8389 1
2308 6
2309 8
3170 1
4950 1
3172 1
4952 4
3173 1
4955 1
3176 1
4956 1
4957 1
3177 3
4958 3
3179 2
3630 1
3631 6
3632 6
3633 2
3634 6
3635 1
3636 2
3637 3
3638 2
3639 1
7522 1
7525 1
7528 1
2310 5
8391 1
2311 4
2312 3
8394 1
2313 2
2314 9
2315 7
2316 5
8398 1
2317 12
2318 3
2319 2
4960 1
3181 2
3182 1
4962 1
3183 2
4963 2
3184 1
4964 3
3185 1
4966 2
3187 5
4967 1
4968 2
3188 1
4969 1
3189 4
7072 1
3640 1
3641 2
3642 6
3643 2
3644 4
3645 3
3646 3
3647 3
3648 5
3649 3
2320 7
2321 3
2322 5
2323 4
2324 6
6200 1
2325 8
2326 2
2327 8
6203 1
2328 5
6204 1
2329 5
6207 1
4970 2
4971 3
3191 2
3192 2
4972 1
4973 1
3193 2
3194 1
3195 1
4975 2
4976 4
4977 1
3197 2
3198 4
4978 2
4979 1
3199 4
7080 1
3650 3
3651 6
3652 2
3653 2
3654 2
3655 1
3656 5
3657 5
3658 6
3659 2
2330 6
2331 6
2332 4
2333 5
2334 8
2335 5
2336 10
2337 3
2338 4
2339 10
4980 2
4981 1
4982 3
4983 1
4984 3
4985 1
4986 1
1000 428
4987 4
1001 420
4988 3
1002 387
4989 4
1003 413
1004 429
1005 404
1006 426
1007 421
1008 416
1009 375
3660 1
3661 5
3662 2
3663 2
3664 3
3665 4
3666 3
3667 4
3669 2
2340 7
2341 1
2342 6
2343 3
2344 9
2345 4
2346 5
2347 5
100 8329
6223 1
101 8453
2348 5
102 8262
2349 9
103 8051
104 7973
105 7791
106 7829
107 7662
4990 1
108 7652
4991 2
109 7595
4992 1
4993 4
4994 4
4995 2
4996 2
1010 381
4997 3
1011 405
1012 403
4999 4
1013 399
1014 405
1015 400
1016 370
2800 5
1017 362
2801 5
1018 353
2802 3
1019 396
2803 1
2804 4
2805 7
2806 9
2807 5
2809 5
3670 1
3671 3
3672 1
3674 4
3675 1
3676 2
3677 1
3678 3
3679 2
2350 3
2351 4
2352 4
2353 1
2354 4
2355 10
2356 4
2357 3
110 7398
111 7404
2358 4
112 7285
2359 5
113 7194
114 7178
115 6914
116 6912
117 6923
118 6750
119 6718
-143 1
1020 382
1021 383
1022 385
1023 375
1024 347
1025 382
1026 377
1027 345
2810 7
2811 4
1028 322
2812 8
1029 367
2813 5
2814 5
2815 1
2816 3
2817 1
2818 2
2819 4
3680 1
3681 1
3682 2
3683 2
3684 5
3685 5
3686 1
3687 2
3688 7
3689 3
2360 5
2361 2
2362 12
2363 8
2364 5
2365 7
2366 7
2367 5
120 6568
6243 1
2368 3
121 6364
2369 2
122 6241
123 6310
6246 1
124 6191
125 6155
126 5986
127 5837
128 5859
129 5704
1030 357
1031 354
1032 350
1033 354
1034 343
1035 344
1036 354
2820 5
1037 327
2821 3
1038 356
2822 3
1039 353
2823 3
2824 5
2825 6
2826 6
2827 4
2829 3
3690 3
3691 4
3692 4
3693 2
3695 2
3697 1
3698 3
3699 2
1500 45
7582 1
1501 45
1502 31
1503 45
1504 47
1505 33
1506 43
1507 38
1508 35
1509 31
2370 4
2371 5
2372 6
2373 3
2374 8
2375 2
2376 7
2377 4
130 5688
2378 3
131 5776
2379 5
132 5542
133 5561
134 5414
135 5450
6258 1
136 5211
137 5136
138 5144
139 5022
1040 319
1041 310
1042 317
1043 371
1044 311
1045 337
1046 326
2830 2
1047 333
2831 4
1048 359
2832 5
1049 366
2833 4
2834 1
2835 5
2836 5
2837 5
2838 4
2839 2
7590 1
1510 37
1511 37
1512 38
1513 33
1514 31
1515 40
1516 54
1517 44
1518 25
1519 51
2380 2
2381 7
2382 6
2383 4
2384 3
2385 6
2386 7
140 5122
2388 4
141 5030
2389 4
142 5000
143 4672
144 4779
145 4645
6268 1
146 4485
147 4469
148 4475
149 4370
1050 321
1051 355
1052 338
1053 296
1054 313
1055 304
1056 324
2840 2
1057 313
2841 5
1058 315
2842 5
1059 299
2843 2
2844 7
2845 4
2846 3
2847 2
600 1379
2848 3
601 1429
2849 9
602 1481
6725 1
603 1468
604 1465
605 1473
606 1427
607 1403
608 1402
609 1436
1520 37
1521 32
1522 33
1523 28
1524 41
5400 2
1525 25
5401 2
1526 40
1527 30
1528 31
5403 2
5404 3
1529 42
5406 3
5407 2
2390 11
2391 6
2392 2
2393 4
2394 2
2395 4
2396 3
2397 1
150 4419
2398 3
151 4322
2399 3
152 4219
153 4198
154 4175
155 4172
156 4169
157 4007
158 3994
159 3887
1060 285
1061 296
1062 330
1063 281
1064 290
1065 281
1066 271
2850 4
1067 267
2851 3
1068 301
2852 1
1069 285
2853 4
2854 7
2855 5
2856 2
2857 1
610 1530
2858 3
611 1395
2859 2
612 1466
613 1425
614 1521
615 1377
616 1404
617 1486
618 1408
619 1450
1530 46
1531 40
1532 47
1533 35
1534 33
5410 2
1535 32
1536 30
5412 1
1537 27
5413 1
1538 30
5414 1
1539 33
5416 1
5417 2
5418 2
5419 1
160 3912
161 3987
162 3789
163 3853
164 3846
165 3686
166 3694
167 3626
168 3635
169 3580
1070 307
1071 299
1072 276
1073 298
1074 286
1075 284
1076 316
2860 2
1077 259
2861 4
1078 313
2862 6
1079 304
2863 3
2864 3
2865 4
2866 1
620 1438
2867 6
2868 4
621 1396
622 1422
2869 4
623 1531
624 1511
6746 1
625 1500
626 1461
627 1467
628 1435
629 1391
1540 31
1541 33
1542 28
1543 27
1544 33
5420 1
1545 26
5421 4
1546 29
1547 34
5423 1
1548 24
5424 1
1549 33
5425 8
5426 1
5428 3
5429 1
170 3552
171 3514
172 3571
173 3450
174 3393
175 3432
6298 1
176 3391
177 3316
178 3359
179 3216
4100 2
4101 2
4102 2
4103 2
1080 288
4104 2
1081 278
4105 2
1082 251
4106 1
1083 280
1084 254
4108 5
1085 229
4109 2
1086 289
2870 5
1087 230
2871 9
1088 259
2872 5
1089 249
2873 5
2874 5
2875 7
2876 7
2877 1
630 1513
2878 11
631 1452
2879 3
632 1372
633 1489
634 1423
635 1433
636 1419
637 1454
638 1412
639 1457
1550 43
1551 30
1552 27
1553 25
1554 26
5430 1
1555 26
1556 34
5432 7
1557 35
5433 2
1558 29
5434 4
1559 24
5435 1
5436 2
5438 1
5439 4
180 3147
181 3244
182 3220
183 3184
184 3259
185 3195
186 3097
187 3186
188 3005
189 2961
4110 1
4112 2
1090 249
4114 2
1091 247
4115 1
1092 250
1093 273
4117 1
1094 268
4118 1
1095 225
1096 236
4119 4
2880 2
1097 229
2881 4
1098 226
2882 7
1099 250
2883 5
8002 1
2884 6
8003 1
2885 4
8004 1
2886 6
2887 8
640 1376
2888 8
641 1424
2889 3
642 1388
643 1436
8009 1
6766 1
644 1407
645 1442
646 1417
647 1423
648 1434
649 1381
1560 32
1561 32
1562 21
1563 18
1564 22
5440 1
1565 39
1566 28
5442 1
1567 26
1568 26
5444 2
1569 22
5445 1
5446 1
5447 4
5448 2
5449 2
190 2940
191 2962
192 3022
193 3033
194 2934
195 2860
196 2853
197 2703
198 2742
199 2867
4120 2
4121 1
4122 2
5903 1
4126 2
4127 2
4129 1
2890 3
2891 4
2892 6
8011 1
2893 5
2894 4
8013 1
2895 1
2897 4
650 1454
2898 5
651 1467
2899 3
652 1476
653 1302
8019 1
654 1378
655 1407
656 1434
657 1373
658 1427
659 1479
1570 25
1571 26
1572 33
1573 28
1574 35
1575 31
5451 2
1576 22
5452 1
1577 29
1578 23
1579 34
5455 2
5456 1
5459 2
4131 2
4132 2
4134 1
4137 2
660 1407
8026 1
661 1432
662 1391
8028 1
663 1397
664 1383
665 1473
666 1334
667 1392
668 1389
669 1363
1580 36
1581 32
1582 28
1583 24
1584 25
5460 2
1585 24
5461 2
1586 26
5462 3
1587 24
5463 3
1588 27
5464 2
1589 34
5466 3
5468 2
5469 1
4140 2
4141 2
4142 2
4143 1
4144 1
5927 1
4147 2
4148 2
4149 1
670 1374
8036 1
671 1352
672 1400
673 1359
674 1340
6797 1
675 1296
6798 1
676 1420
677 1352
678 1405
679 1396
4600 4
4601 2
4602 2
4603 3
4604 1
4605 2
4606 2
4607 1
4608 1
4609 2
1590 26
1591 28
1592 25
1593 23
1594 27
5470 2
1595 25
5471 5
1596 24
1597 27
5473 1
1598 17
5474 2
1599 26
5475 2
5476 1
5477 1
5478 1
5479 4
4151 2
4152 3
4153 1
5933 1
4154 1
4155 1
4157 1
4158 2
680 1342
681 1455
8047 1
682 1334
683 1423
684 1414
685 1427
686 1431
687 1396
688 1418
689 1331
4610 2
4611 2
4612 2
4613 1
4616 2
4617 2
4618 3
4619 1
8500 5
8501 5
8502 2
8503 4
5480 3
5481 3
5482 2
8505 4
5483 1
5484 2
8507 2
8508 1
5485 2
8509 1
5486 3
5487 5
5488 2
5489 1
4160 1
4161 3
4163 2
5944 1
4165 1
4166 1
4168 1
4169 1
5949 1
8051 1
8053 1
690 1284
691 1315
692 1383
693 1319
694 1346
695 1366
696 1307
697 1362
698 1315
699 1409
4620 3
4623 1
4624 1
4626 1
4627 3
4629 1
8510 2
8511 1
5490 3
8514 1
5492 1
5493 1
8517 1
5494 2
5496 1
5498 3
5499 2
3300 2
3301 2
3302 2
3303 2
3304 3
3305 3
3306 2
3307 1
3309 3
5950 1
4170 2
4171 1
4172 1
4173 2
4174 1
4176 1
4177 3
4178 1
8062 1
4630 3
4631 1
4632 2
4633 2
4634 1
4635 1
4636 1
4637 1
4638 1
4639 2
8522 1
8524 1
3310 1
3311 1
3313 2
3315 2
3316 3
3317 1
3318 1
4180 3
4181 1
4182 3
4184 2
5965 1
4186 3
8070 1
8078 1
4640 2
4641 5
4642 2
4643 2
4645 1
4646 2
8534 1
3320 3
3321 2
3322 3
3323 4
3324 6
3325 1
3326 2
3327 1
3328 4
4190 2
5970 1
4191 1
5972 1
4193 1
5973 1
4194 4
4195 1
4197 1
4198 3
4199 1
5979 1
8080 1
8081 1
2000 9
2001 11
2002 13
2003 12
2004 10
2005 13
2006 12
2007 14
2008 11
2009 8
4650 2
4651 2
4653 2
4654 3
4655 2
4656 1
4657 4
4658 1
4659 2
3332 1
3334 1
3335 2
3337 2
3338 2
3339 2
5986 1
5987 1
2010 18
2011 10
2012 9
2013 6
2014 8
2015 6
8097 1
2016 15
2017 9
8099 1
2018 15
2019 16
4660 4
4661 1
4663 2
4664 3
4665 2
4666 2
4667 2
4669 1
3340 5
3341 3
3342 5
3344 5
3345 3
3346 1
3349 1
5990 1
7239 1
2020 19
2021 9
3801 1
3802 3
2022 10
2023 17
3803 4
3804 1
2024 15
3805 1
2025 14
2026 8
3806 1
3807 1
2027 12
2028 18
3808 2
3809 1
2029 6
4670 1
4671 3
4673 2
4674 1
4675 1
4676 1
4678 1
4679 3
3350 4
3352 3
3353 2
3354 1
3355 1
3358 3
3359 1
7241 1
2030 13
3811 2
2031 9
2032 13
3813 3
2033 11
2034 13
3815 4
2035 7
3816 2
2036 10
3817 3
2037 11
3818 1
2038 9
3819 1
2039 13
7702 1
4681 2
7704 1
7705 1
7707 1
4686 3
7709 1
4687 2
4688 3
3361 2
3362 3
3364 1
3365 2
3366 1
3367 1
3368 3
3369 4
7250 1
7258 1
3820 2
2040 13
3821 1
2041 16
3822 2
2042 17
3823 2
2043 11
3824 2
2044 10
3825 1
2045 10
3826 4
2046 16
3827 1
2047 10
3828 2
2048 17
3829 3
2049 10
7711 1
4690 2
4691 2
4692 1
4693 1
7717 1
4695 2
7719 2
4697 1
4698 2
2500 3
2501 3
2502 4
2504 5
2505 4
2506 5
2507 6
2508 6
2509 2
3370 3
3371 3
3372 2
3373 2
3374 2
3378 1
3379 3
3830 1
2050 14
3831 2
2051 12
3832 2
2052 10
3833 4
2053 11
3834 4
2054 14
3835 2
2055 14
3836 3
2056 11
3837 1
2057 9
3838 2
2058 10
3839 4
2059 8
7721 1
7723 1
7727 1
7728 1
2510 3
2512 3
2513 4
2514 3
2515 1
2516 4
2517 5
2518 4
2519 6
3380 2
3381 3
3382 4
3383 5
3384 2
3385 3
3387 3
3388 3
7273 1
3840 2
2060 17
3841 6
2061 12
3842 1
2062 13
3843 1
2063 16
2064 8
3844 4
2065 12
3845 5
2066 16
3846 4
3847 2
2067 9
2068 18
3849 1
2069 9
7733 1
7735 1
7739 1
2520 3
2521 6
2522 3
2523 4
2524 3
2525 2
2526 6
2527 8
6403 1
2528 5
2529 2
3390 5
3391 2
3392 5
3393 2
3395 2
3397 1
3398 3
3399 3
1200 148
1201 132
1202 139
1203 150
-1 1
1204 144
-3 2
1205 163
-4 1
1206 137
1207 141
-5 2
1208 122
-7 1
1209 148
-8 2
3850 4
2070 14
3851 8
2071 17
3852 1
2072 10
2073 17
3854 2
2074 13
2075 17
2076 8
3857 3
2077 8
3858 1
2078 16
3859 4
2079 17
7740 2
7748 1
2530 3
2531 2
2532 2
2533 5
2534 2
2535 4
2536 2
6412 1
2537 1
2538 7
2539 3
6416 1
1210 157
1211 135
1212 128
1213 145
1214 172
1215 132
7297 1
1216 131
1217 149
1218 131
1219 152
3860 3
2080 10
3861 1
2081 11
3862 1
2082 10
2083 8
3864 2
2084 15
3865 3
2085 13
2086 11
3867 1
2087 9
3868 2
2088 8
3869 1
2089 10
7756 1
7757 1
2540 3
2541 3
2542 4
2543 4
2544 6
2545 6
2546 3
6422 1
2547 2
300 1848
2548 1
301 1927
2549 1
302 1833
303 1926
304 1811
305 1893
306 1953
307 1879
308 1826
309 1862
1220 128
1221 132
1222 131
1223 136
1224 127
5100 2
1225 148
5101 3
1226 120
5102 1
1227 133
5103 1
1228 147
5104 3
1229 123
5105 5
5106 3
5107 3
5108 3
5109 2
3870 2
2090 7
3871 1
2091 10
3872 1
2092 9
2093 9
3873 4
3874 1
2094 7
3875 3
2095 11
3876 1
2096 16
3877 4
2097 9
2098 12
3879 1
2099 11
7762 2
2550 2
2551 4
2552 3
2553 6
2554 2
2555 3
2556 3
2557 5
310 1880
311 1915
2558 3
312 1817
2559 5
313 1740
314 1830
315 1808
316 1798
317 1770
318 1789
319 1804
1230 124
1231 118
1232 140
1233 110
1234 132
5110 2
1235 118
5111 4
1236 121
5112 2
1237 143
5113 2
1238 120
1239 115
5115 2
5116 5
5117 3
5118 4
5119 4
3880 2
3881 1
3883 2
3884 3
3885 3
3886 3
3888 1
3889 1
7771 1
7772 1
7773 1
7774 1
7779 1
2560 5
2561 4
2562 3
2563 4
2564 3
2565 3
2566 4
2567 4
320 1742
2568 6
321 1817
2569 6
322 1854
323 1767
324 1872
325 1827
326 1844
327 1762
328 1687
329 1717
1240 114
1241 141
1242 138
1243 142
1244 139
12 3
13 3
5120 4
1245 115
14 2
5121 5
1246 119
15 3
5122 4
1247 136
5123 4
16 3
1248 123
5124 1
17 5
1249 127
5125 5
18 6
6906 1
19 3
5126 5
5127 1
5128 2
5129 2
3891 1
3892 2
3893 1
3895 2
3896 1
3897 2
7780 1
1700 17
7782 1
1701 11
1702 16
1703 10
1704 23
1705 22
1706 11
1707 22
7789 2
1708 17
1709 12
2570 6
2571 1
2572 5
2573 5
2574 5
2575 2
2576 4
2577 6
330 1827
2578 3
331 1742
2579 3
332 1687
333 1780
334 1785
335 1836
336 1778
337 1774
338 1731
339 1727
1250 117
1251 101
20 3
1252 119
21 4
1253 143
22 3
1254 122
5130 2
6910 1
1255 119
23 6
5131 2
1256 114
24 8
5132 2
25 6
1257 112
5133 3
6913 1
1258 109
26 10
5134 3
1259 123
27 9
6915 1
28 8
5135 5
5136 4
29 8
6917 1
5137 2
5138 1
6918 1
5139 2
1710 22
7792 1
1711 17
7793 1
1712 14
1713 16
1714 9
7796 1
1715 17
7797 1
1716 20
1717 13
1718 16
1719 22
2580 2
2581 5
2582 1
2583 1
2584 2
2585 6
2586 1
2587 3
340 1667
2588 3
341 1671
342 1721
343 1745
344 1699
345 1701
346 1698
347 1667
348 1699
349 1668
1260 120
1261 112
1262 126
30 12
1263 99
31 15
1264 129
32 15
5140 4
1265 122
33 19
5141 3
1266 113
34 26
5142 2
1267 105
35 32
800 1033
5143 4
1268 106
36 57
801 1030
5144 3
1269 122
37 69
802 1092
5145 2
38 109
803 1072
5146 3
39 171
804 1091
5147 2
805 1026
6928 1
5148 1
806 1089
5149 2
807 1026
808 978
809 945
1720 20
1721 18
1722 15
1723 15
1724 21
5600 2
1725 14
5601 1
1726 17
5602 1
1727 17
5603 2
1728 15
5604 1
1729 14
5605 2
5606 1
5609 1
2590 4
2591 1
2592 1
2593 4
2594 5
2596 2
350 1669
2598 4
351 1561
352 1649
2599 8
353 1626
354 1593
355 1715
356 1663
357 1632
358 1661
359 1682
1270 110
1271 87
1272 107
40 259
1273 122
41 440
1274 92
42 619
5150 2
1275 84
43 959
5151 3
1276 100
44 1372
5152 5
810 1071
1277 98
45 1999
6933 1
811 999
1278 128
46 2698
5154 3
812 1041
1279 97
47 3461
813 984
5155 3
48 4550
5156 2
814 1012
49 5539
5157 2
815 997
816 1028
5158 6
817 964
5159 5
818 983
819 1001
1730 10
1731 21
1732 14
1733 14
1734 16
1735 20
5611 2
1736 12
5612 2
1737 13
5613 1
1738 23
5614 2
1739 11
5615 1
5616 1
5617 1
360 1741
361 1635
362 1685
363 1605
364 1698
365 1734
366 1623
367 1702
368 1650
369 1669
1280 103
1281 110
1282 86
50 6452
1283 97
51 7465
1284 106
52 8360
5160 2
1285 104
53 9358
5161 7
1286 100
54 9933
5162 1
1287 108
55 10868
820 973
5163 3
1288 118
56 11648
821 971
5164 4
1289 101
57 11931
822 1002
5165 6
58 12553
823 962
59 12762
824 965
5167 2
825 985
826 907
5169 4
827 936
828 928
829 900
1740 15
1741 12
1742 15
1743 15
1744 19
5620 1
1745 18
1746 17
5622 1
1747 11
5623 1
1748 18
5624 3
1749 15
5625 7
5626 1
5627 1
5628 2
5629 1
370 1571
371 1616
372 1593
373 1581
374 1618
375 1611
376 1591
377 1625
378 1686
379 1618
4300 2
4301 1
4302 3
4303 2
4304 3
4305 2
4306 4
4307 1
4308 1
4309 1
1290 103
1291 84
1292 103
60 13207
1293 100
61 13242
1294 88
62 13436
5170 4
1295 90
63 13461
5171 3
1296 109
64 13460
6952 1
5172 5
1297 113
65 13143
830 842
5173 1
1298 98
66 12991
831 968
5174 5
1299 102
67 12794
832 931
5175 10
68 12684
833 952
5176 4
69 12361
834 946
5177 2
835 921
6958 1
836 915
5179 4
837 903
838 918
839 914
1750 14
1751 8
1752 20
1753 11
1754 10
5630 1
1755 8
5631 2
1756 13
1757 12
1758 14
1759 16
5634 2
5635 2
5636 1
5637 2
5638 2
5639 2
380 1559
381 1597
382 1716
383 1616
384 1571
385 1547
386 1583
387 1646
388 1564
389 1571
4310 2
4311 2
4312 1
4315 4
4316 4
4317 2
4318 2
4319 1
70 12250
71 12149
72 11994
5180 2
73 12030
5181 2
6961 1
74 11804
5182 1
75 11504
840 885
5183 6
76 11465
841 887
5184 2
77 11217
842 907
5185 5
78 11186
843 907
5186 2
79 11126
844 930
5187 4
845 864
5188 2
846 880
5189 6
847 841
848 872
849 853
1760 16
1761 17
1762 13
1763 21
1764 18
5640 1
1765 17
5641 1
1766 15
5642 1
1767 16
5643 1
1768 15
1769 16
5645 2
5646 2
5647 3
5648 1
5649 1
390 1634
391 1547
392 1547
393 1450
394 1547
395 1487
396 1473
397 1601
398 1540
399 1529
4320 2
4321 1
4324 1
4325 2
4326 4
4327 3
4328 2
4329 1
80 10959
81 10566
82 10556
5190 2
83 10174
5191 2
84 10384
6972 1
850 884
5192 4
85 10158
5193 2
851 847
86 10048
852 900
5194 2
87 9907
853 842
88 9694
5196 3
854 874
89 9664
5197 1
855 827
5198 2
856 832
6979 1
857 781
5199 6
858 850
859 826
3000 2
3001 3
3002 5
3004 2
3005 3
3006 3
3007 4
3008 7
3009 4
1770 11
1771 12
1772 10
1773 16
1774 14
5650 1
1775 15
5651 2
1776 9
1777 13
1778 12
5654 1
1779 14
5656 1
5657 1
5658 1
4330 3
4331 4
4332 2
4333 3
4334 1
4335 2
4336 2
4337 2
4338 2
4339 4
90 9397
91 9159
92 9279
93 9237
94 9180
95 8956
860 848
96 8786
861 825
97 8603
862 861
8228 1
98 8630
863 820
99 8522
864 849
6987 1
865 824
866 782
867 794
868 808
869 794
3010 4
3011 3
3012 2
3013 6
3014 3
3015 1
3016 3
3017 6
3018 4
3019 5
1780 16
1781 9
1782 15
1783 12
1784 20
5660 4
1785 10
5661 1
1786 13
5662 1
1787 15
1788 11
5664 2
1789 10
5666 1
5667 2
5668 2
5669 1
4340 3
4341 1
4344 4
4345 2
4346 3
4347 3
4348 3
4349 1
8232 1
870 800
8235 1
871 805
872 782
873 812
8239 1
6996 1
874 792
875 778
876 765
877 742
878 745
879 700
3020 1
4800 2
3021 5
4802 1
3022 2
4803 1
3023 2
3024 3
3025 2
4805 2
4806 3
3026 3
3027 2
4808 1
3028 6
4809 1
3029 4
1790 11
1791 21
1792 13
1793 13
1794 13
1795 13
5671 1
1796 8
5672 3
1797 13
5673 1
1798 13
1799 9
5675 1
5677 1
5678 2
5679 2
4350 3
4351 1
4352 5
4353 4
4354 2
4355 3
4356 1
4358 1
4359 2
880 772
881 777
882 745
8248 2
883 784
884 692
885 682
886 700
887 735
888 713
889 708
4810 1
3030 2
4811 1
3031 4
4812 1
3032 5
4813 2
3033 4
3034 1
3035 2
4815 1
3036 1
3037 3
4818 2
3038 6
3039 1
5682 1
5684 2
5685 1
5686 3
5688 1
5689 2
4360 2
4361 1
4363 1
4364 3
4365 1
4366 3
4367 1
4368 2
4369 2
890 693
891 730
892 738
893 746
894 758
8259 1
895 714
896 715
897 710
898 666
899 734
4821 1
3041 6
4822 1
3042 4
3043 1
4823 1
4824 1
3044 3
3045 6
3046 5
4826 1
4827 1
3047 2
4828 2
3048 3
3049 2
4829 2
5690 1
5691 2
5692 1
5693 1
5695 1
5696 1
5697 1
3500 1
3501 1
3502 5
3503 7
3504 3
3505 3
3506 4
3507 3
3508 4
3509 6
4370 3
4371 4
4373 1
4374 1
4375 4
4376 3
4377 4
4378 4
4379 2
8263 1
3050 2
3051 3
4831 2
3052 1
3053 3
4833 1
3054 2
4834 2
4835 1
3055 3
3056 3
4836 2
3057 4
4837 1
3058 2
4838 1
4839 2
3059 4
3510 2
3511 2
3512 1
3513 4
3514 5
3515 2
3516 2
3517 4
3518 2
3519 1
4380 5
4383 3
4384 3
4385 3
4386 2
4387 1
4388 3
4389 1
8271 1
4840 2
3060 1
3061 4
3062 5
4842 2
4843 1
3063 4
3064 3
4845 1
3065 5
4846 1
3066 2
4847 1
3067 6
3068 2
3069 2
3520 2
3521 2
3522 1
3523 1
3524 2
3526 2
3527 1
3528 5
3529 2
4390 2
4391 3
4392 1
4393 2
4394 5
4395 2
4396 4
4399 1
2200 5
2201 5
8283 1
2202 10
8284 1
2203 8
8285 1
2204 6
2205 8
8287 2
2206 2
2207 8
2208 7
2209 10
4850 1
3070 4
4851 1
3072 4
4853 1
3073 6
4854 1
3074 4
4855 1
3075 3
4856 1
3076 3
3077 2
4858 1
4859 2
3079 5
3530 3
3531 6
3532 1
3533 2
3534 2
3535 3
3537 2
3538 2
3539 2
2210 8
8292 1
2211 6
2212 7
2213 12
2214 7
2215 6
2216 8
2217 5
2218 9
2219 11
4860 2
3080 1
4861 1
3081 4
4862 3
3082 4
3083 2
4863 1
4864 1
3084 4
3085 1
4865 3
3086 3
3087 3
4867 2
3088 4
3089 1
3540 4
3541 2
3542 3
3543 4
3544 1
3545 3
3546 4
3547 3
3548 1
7430 1
2220 4
2221 2
2222 10
2223 10
2224 5
6100 1
2225 11
2226 9
2227 9
2228 8
6104 1
2229 8
6108 1
4870 3
3090 2
3091 1
3092 3
4872 1
4873 1
3093 5
4874 1
3094 3
4875 2
3095 3
3096 1
3097 1
4878 2
3098 2
3099 1
3550 1
3551 2
3552 3
3553 2
3554 3
3555 4
3556 2
3557 4
3559 3
2230 5
2231 6
2232 8
2233 12
2234 7
2235 3
6110 2
6111 1
2236 10
2237 5
2238 8
2239 7
6118 2
6119 1
4883 1
4884 1
4885 2
7909 2
4887 2
4888 1
3560 4
3561 3
3562 1
3563 2
3564 3
3565 3
3566 3
3567 1
3569 1
7452 1
2240 7
2241 8
2242 6
2243 6
2244 16
6120 1
2245 6
2246 9
2247 11
2248 4
2249 9
6125 1
6127 1
7912 1
4890 2
4891 2
4892 1
4893 1
4894 1
7918 1
4896 1
4897 1
4898 1
4899 2
2700 2
2701 2
2702 4
2703 5
2704 3
2705 1
2706 5
2707 2
2708 4
2709 6
3570 2
3572 5
3573 1
3574 1
3575 1
3577 5
3578 3
3579 4
2250 10
2251 5
2252 6
2253 5
2254 4
2255 7
2256 10
6132 1
2257 3
2258 8
6134 1
2259 6
7920 1
6139 1
7922 1
2710 4
2711 1
2712 4
2713 5
2714 1
2715 4
2716 2
2717 3
2718 1
2719 5
3580 3
3581 1
3582 3
3583 4
3584 1
3585 6
3586 2
3587 2
3588 2
3589 3
7470 1
2260 13
2261 10
2262 4
2263 10
2264 9
2265 5
6141 2
2266 7
2267 9
2268 4
2269 5
7930 2
6148 3
7932 1
2720 5
2721 6
2722 1
2723 5
2724 4
2725 7
2726 5
2727 3
2728 4
2729 2
3590 4
3591 1
3592 1
3593 2
3594 3
3595 1
3597 4
3598 4
3599 5
1400 63
1401 54
1402 62
1403 55
1404 61
1405 69
1406 76
1407 67
1408 59
1409 55
2270 9
2271 12
2272 5
2273 4
2274 7
2275 5
2276 8
2277 3
2278 5
6154 1
2279 11
6155 2
6158 1
6159 1
7945 2
7947 1
7948 1
2730 4
2731 3
2732 3
2733 2
2734 6
2735 3
2736 4
2738 7
6614 1
2739 4
6619 1
1410 68
1411 57
1412 61
1413 54
1414 70
1415 64
1416 53
1417 70
1418 57
1419 63
2280 10
2281 7
2282 4
2283 10
2284 8
2285 6
2286 8
6162 1
2287 8
2288 5
2289 10
6167 1
6168 1
6169 2
7956 1
7957 1
7959 2
2740 5
2741 2
2742 3
2743 6
2744 2
2745 4
2747 2
500 1489
2748 3
501 1457
2749 5
502 1443
503 1513
504 1509
505 1421
506 1449
507 1462
508 1515
509 1459
1420 42
1421 55
1422 58
1423 52
1424 56
5300 2
1425 50
5301 2
1426 58
5302 3
1427 57
5303 2
1428 55
5304 1
1429 51
5306 3
5307 2
5308 1
5309 1
2290 4
2291 5
2292 6
2293 6
2294 7
2295 5
6171 1
2296 4
6172 1
2297 4
2298 8
6174 1
2299 7
6177 1
7963 1
2751 2
2752 4
2753 3
2754 4
2755 4
2756 1
2757 3
510 1481
2758 4
511 1388
2759 2
512 1542
513 1474
514 1485
515 1501
516 1472
517 1389
518 1412
519 1441
1430 55
1431 47
1432 46
1433 37
1434 40
5310 1
1435 44
5311 3
1436 48
5312 1
1437 41
5313 4
1438 51
5314 5
1439 55
5316 4
5317 5
5318 2
5319 3
6185 1
6186 1
2760 3
2761 4
2762 5
2763 7
2764 2
2765 5
2766 6
2767 5
520 1485
2768 1
521 1440
2769 5
522 1463
523 1478
524 1461
525 1482
526 1477
527 1489
528 1513
529 1457
1440 50
1441 57
1442 51
1443 56
1444 46
5320 2
1445 55
5321 2
1446 49
5322 1
1447 53
5323 1
1448 45
5324 2
1449 51
5325 2
5326 1
5327 1
5328 2
5329 1
7980 1
1900 12
1901 9
1902 16
1903 12
7985 1
1904 11
4000 1
1905 12
1906 7
1907 11
4002 4
1908 13
4003 2
1909 13
4005 3
4006 4
4007 2
4009 1
2770 4
2771 4
2772 4
2773 4
2774 3
2775 5
2776 6
530 1485
2777 9
2778 1
531 1490
532 1409
2779 7
533 1503
534 1423
535 1396
536 1371
537 1547
538 1459
539 1510
1450 49
1451 42
1452 39
1453 46
1454 63
5330 6
1455 45
1456 41
5332 2
1457 59
5333 3
1458 47
5334 1
1459 41
5335 3
5336 2
5338 1
5339 2
7991 1
1910 13
1911 20
1912 11
1913 13
1914 7
1915 9
4010 4
4011 1
1916 6
1917 16
4013 2
1918 15
1919 9
4015 2
4016 1
4019 3
2780 3
2781 7
2782 2
2783 4
2784 6
2785 1
2786 3
2787 5
540 1445
2788 6
541 1458
542 1493
2789 3
543 1460
544 1477
545 1450
546 1463
547 1411
548 1505
549 1424
1460 56
1461 57
1462 32
1463 35
1464 64
1465 60
5341 3
1466 51
5342 1
1467 46
5343 6
1468 32
5344 1
1469 39
5345 1
5346 1
5348 2
5349 2
1920 8
1921 14
1922 9
1923 17
1924 12
5800 1
4020 2
1925 11
5801 1
4021 2
1926 14
4022 3
1927 16
4023 1
1928 9
4024 2
1929 12
5806 1
5809 1
2790 1
2791 2
2792 5
2793 3
2794 4
2795 1
2796 2
6672 1
2797 6
550 1434
2798 4
551 1454
2799 3
552 1504
553 1431
554 1532
555 1472
556 1416
557 1486
558 1411
559 1466
1470 56
1471 43
1472 36
1473 48
1474 51
5350 2
1475 33
5351 1
1476 42
5352 5
1477 48
1478 51
1479 37
5355 5
5356 1
5357 2
5358 1
5359 4
1930 10
1931 12
1932 10
1933 11
1934 12
4030 2
1935 10
4031 2
5811 2
1936 13
5812 1
1937 13
4032 2
4033 3
1938 8
5814 1
1939 14
5815 2
5816 1
4036 1
4037 1
5817 1
4038 1
5819 1
4039 2
560 1550
561 1472
6684 1
562 1421
563 1468
564 1457
565 1437
6688 1
566 1506
567 1441
568 1517
569 1489
1480 29
1481 53
1482 40
1483 54
1484 49
5360 1
1485 41
5361 3
1486 42
5362 2
1487 44
5363 4
1488 35
5364 1
1489 46
5366 2
5367 5
1940 11
1941 11
1942 10
1943 12
1944 13
5820 3
1945 6
4040 1
1946 12
5822 1
4042 1
1947 10
1948 16
5824 4
1949 9
4044 1
4045 1
5825 1
4046 1
4048 1
4049 1
6690 1
570 1496
571 1425
572 1529
573 1420
574 1437
575 1490
576 1441
577 1529
578 1447
579 1371
4500 3
4501 1
4502 2
4503 4
4505 3
4506 1
4507 2
4508 1
4509 1
1490 42
1491 36
1492 42
1493 37
1494 36
5370 2
1495 43
1496 40
5372 2
1497 47
1498 39
5374 4
1499 37
5375 2
5376 3
5377 4
5378 3
5379 3
1950 14
1951 16
1952 14
1953 18
1954 12
4050 1
1955 12
4051 1
1956 12
4052 2
1957 10
4053 2
1958 8
4054 1
1959 13
5835 1
4055 3
5836 1
4056 1
4057 2
5837 2
5838 1
4058 2
5839 1
4059 3
580 1480
581 1496
582 1550
583 1490
584 1486
585 1479
586 1461
587 1450
588 1532
589 1461
4511 3
4512 3
4513 2
4514 3
4515 3
4516 1
4518 2
4519 2
8400 1
8403 1
8405 1
5382 2
5383 2
5384 3
5385 1
8408 1
5386 1
5387 5
5388 3
5389 4
1960 16
1961 8
1962 14
1963 20
1964 13
5840 1
1965 9
5841 1
1966 10
4062 1
1967 7
5842 1
1968 19
1969 15
5846 1
5848 2
4069 1
5849 2
590 1501
591 1495
592 1452
593 1457
594 1456
595 1449
596 1468
597 1457
598 1441
599 1431
4520 1
4521 1
4522 4
4523 5
4524 2
4525 5
4526 1
4527 3
4528 5
4529 2
5390 1
8414 1
5391 2
5392 3
5393 3
5394 1
5396 1
5397 2
5398 1
5399 2
3200 2
3201 1
3202 3
3203 4
3205 1
3206 3
3207 3
3208 2
3209 4
1970 13
1971 6
1972 16
1973 13
1974 12
1975 13
5851 1
1976 14
5852 1
1977 15
4073 1
1978 8
1979 13
4075 1
5856 1
4077 3
5858 1
4078 1
4079 1
4530 1
4531 1
4532 1
4533 1
4534 3
4535 1
4536 2
4537 4
4538 2
4539 4
8420 1
8422 2
8424 1
8425 1
8426 1
8429 1
3210 2
3211 4
3212 2
3213 5
3214 2
3216 1
3217 2
3218 3
3219 5
1980 11
1981 10
1982 8
1983 16
1984 14
4080 1
1985 5
5861 1
4081 1
1986 17
4082 1
5862 1
1987 11
4083 1
1988 14
5864 1
1989 12
4084 2
4086 1
5866 1
4087 1
4088 2
5868 1
4540 3
4541 3
4542 4
4545 5
4546 2
4547 1
4549 2
8430 2
8431 2
8433 2
8434 1
8437 2
8438 2
8439 1
3220 1
3221 3
3222 1
3223 3
3224 2
3225 3
3226 1
3227 3
3228 1
3229 2
1990 11
1991 8
1992 14
1993 14
1994 9
7113 1
1995 9
4090 2
5871 1
4091 2
1996 11
7115 1
1997 11
4092 2
5872 1
4093 1
1998 9
5874 1
1999 12
4095 2
7118 1
5876 1
4096 3
4097 3
5877 1
4098 1
4099 1
4550 1
4551 3
4552 2
4554 2
4555 1
4557 2
4559 1
8440 2
8441 4
8442 1
8443 2
8444 3
8445 3
8446 1
8447 1
8448 3
8449 1
3230 3
3231 2
3232 5
3233 2
3234 3
3235 1
3237 5
3238 2
3239 3
7120 1
5880 2
5883 1
5884 2
5885 1
7128 1
5888 2
4560 2
4561 1
4562 4
4563 4
4565 3
4566 2
4567 1
8450 4
8451 1
8452 2
8453 2
8454 3
8455 2
8456 3
8457 4
8458 4
8459 3
3241 2
3243 2
3244 2
3245 1
3246 4
3247 1
3248 2
3249 1
5890 1
5891 1
5893 2
5895 1
3700 3
3701 4
3702 1
3703 2
3704 3
3705 1
3706 4
3707 3
3708 3
3709 4
4570 5
4572 2
4573 1
4574 2
4576 4
4577 1
4578 2
4579 2
8460 6
8461 6
8462 2
8463 4
8464 8
8465 4
8466 10
8467 10
8468 7
8469 17
3252 2
3253 1
3254 2
3255 2
3256 1
3257 2
3259 4
3711 3
3712 5
3713 2
3714 5
3715 1
3716 1
3717 1
3718 1
3719 5
4580 3
4581 4
4582 1
4583 2
4584 3
7608 1
4585 2
4586 2
4587 5
4588 2
8470 10
8471 9
8472 11
8473 13
8474 17
8475 13
8476 18
8477 16
8478 17
8479 9
3261 5
3262 4
3264 1
3265 3
3266 5
3268 1
3720 3
3721 3
3722 6
3723 4
3724 4
3725 3
3726 2
3727 3
3728 2
3729 3
7610 1
4590 2
4592 1
4593 1
4594 4
4596 2
4597 1
4598 1
4599 4
8480 11
2400 4
8481 10
2401 3
8482 10
8483 10
2402 2
8484 14
2403 5
2404 4
8485 14
2405 3
8486 14
2406 6
8487 18
2407 3
8488 14
2408 3
8489 10
2409 2
3270 4
3271 2
3272 1
3273 1
3274 1
3275 3
3276 2
3277 2
3278 1
3279 3
7166 1
3730 1
3731 4
3732 2
3733 1
3734 4
3735 3
3737 5
-10 2
3738 1
3739 2
-12 1
7620 1
-17 1
-18 2
7623 1
-19 1
7629 3
8490 11
8491 6
2410 4
2411 2
8492 11
8493 17
2412 8
2413 5
8494 9
2414 5
8495 11
2415 4
8496 2
2416 1
8497 8
2417 8
8498 6
2418 5
8499 5
2419 4
3280 2
3281 2
3282 5
3283 2
3284 4
3285 1
3286 4
3287 1
3288 3
3289 2
3740 2
3741 3
3742 3
3743 1
3744 2
3746 3
-20 1
3747 4
-21 1
3748 4
3749 5
7638 1
2420 2
2421 3
2422 4
2423 3
2424 4
2425 3
2426 4
2427 7
2428 4
2429 3
3290 1
3292 2
3293 2
3294 3
3295 4
3297 4
3298 2
3299 1
1100 247
1101 227
1102 218
1103 249
1104 236
1105 234
1106 242
1107 247
1108 241
1109 229
3750 2
3751 2
3752 2
3753 4
3754 1
3755 4
3756 2
3757 2
-31 1
3758 4
3759 2
7640 2
-37 2
-38 1
7643 1
7647 1
7648 1
2430 4
2431 6
2432 8
2433 5
2434 1
2435 1
2436 1
2437 2
2438 3
2439 7
1110 220
1111 244
1112 238
1113 217
1114 237
1115 206
1116 209
1117 223
1118 210
1119 226
3760 4
3761 3
3762 3
3763 1
3764 3
3765 3
3766 2
-40 1
3767 2
3768 3
-44 2
-46 2
7654 1
7656 2
7657 1
7658 1
2440 3
2441 3
2442 7
2443 5
2444 2
2445 4
2446 3
2447 3
200 2696
2448 4
201 2742
2449 3
202 2744
203 2671
6326 1
204 2638
205 2654
206 2770
207 2573
208 2698
209 2570
2900 1
1120 209
2901 1
1121 222
1122 208
2903 6
1123 200
2904 4
1124 209
5000 1
2905 1
1125 199
2906 5
5001 1
1126 200
5002 1
2907 6
1127 199
5003 1
2908 5
1128 225
2909 5
1129 202
5005 2
5006 3
5007 1
5008 2
3770 2
3772 3
3774 2
3775 1
3776 2
3778 1
3779 7
-58 1
7664 1
2450 5
2451 7
2452 5
2453 3
2454 6
2455 3
2456 6
2457 4
210 2499
2458 4
211 2518
2459 9
212 2628
213 2581
214 2530
215 2516
216 2507
217 2439
218 2483
219 2353
2910 3
1130 209
2911 1
1131 203
2912 7
1132 203
2913 3
1133 201
2914 1
1134 205
5010 1
2915 2
1135 190
2916 3
5011 2
1136 204
2917 2
1137 198
2918 4
5013 3
1138 202
2919 3
1139 196
5015 1
5016 3
5017 1
5018 2
5019 3
3780 2
3781 2
3782 1
3784 1
3785 5
3786 3
3787 2
3788 2
3789 6
-63 1
7672 1
7677 1
2460 4
2461 4
2462 4
2463 5
2464 4
2465 6
2466 4
220 2377
2467 3
221 2455
2468 4
222 2467
2469 5
223 2431
224 2444
225 2418
226 2427
227 2367
228 2292
229 2339
2920 2
1140 204
2921 4
1141 196
2922 2
1142 197
2923 2
1143 184
2924 2
1144 214
5020 3
2925 2
1145 200
2926 3
5021 3
1146 196
5022 2
2927 3
1147 183
5023 2
1148 212
2928 5
5024 1
1149 183
2929 5
5025 1
5028 2
5029 2
3790 2
3791 1
3792 1
3793 3
3794 3
3795 2
3796 2
3797 2
3798 1
3799 2
-76 1
1600 21
1601 25
7683 1
1602 26
7684 1
1603 22
1604 13
1605 22
7687 1
1606 25
7688 2
1607 24
7689 1
1608 23
1609 25
2470 3
2471 4
2473 7
2474 5
2475 2
230 2303
2477 4
2478 4
231 2331
232 2323
2479 6
233 2258
234 2316
235 2319
236 2256
237 2243
238 2266
239 2236
2930 6
1150 196
2931 8
1151 203
2932 7
1152 173
2933 6
1153 160
2934 5
1154 178
2935 4
5030 3
1155 187
5031 2
2936 2
1156 173
2937 2
5032 2
1157 188
2938 1
1158 175
2939 4
1159 168
5035 3
5036 2
5037 1
5038 5
5039 3
7690 1
7691 1
1610 27
7692 1
1611 20
7693 3
1612 28
7694 1
1613 19
1614 24
1615 22
1616 16
1617 19
1618 21
1619 15
2480 7
2481 5
2482 2
2483 3
2484 4
2485 3
2486 9
2487 5
240 2244
2488 4
241 2261
2489 4
242 2253
243 2196
244 2243
245 2241
246 2156
6369 1
247 2048
248 2275
249 2247
2940 4
1160 200
2941 1
1161 187
2942 6
1162 169
2943 2
1163 198
2944 4
1164 171
6820 2
2945 2
5040 3
1165 174
2946 1
5041 2
1166 175
5042 1
2947 5
1167 147
700 1365
6823 1
2948 8
1168 187
701 1314
6824 1
2949 8
5044 2
1169 164
702 1363
5045 1
703 1315
5046 3
704 1253
5047 7
705 1314
5048 1
706 1344
707 1317
708 1347
709 1326
-93 1
1620 27
1621 24
1622 18
1623 19
1624 22
5500 4
1625 17
5501 1
1626 30
5502 4
1627 27
5503 5
1628 16
1629 18
5505 3
5506 2
5509 2
2490 4
2491 3
2492 1
2493 5
2494 7
2495 6
6371 1
2496 3
2497 3
250 2164
2498 6
251 2157
2499 2
252 2144
253 2161
254 2185
255 2186
256 2036
257 2135
258 2115
259 2176
2950 2
1170 180
2951 7
1171 174
2952 7
1172 143
2953 3
1173 162
2954 1
1174 153
6830 1
2955 3
5050 2
1175 142
2956 3
5051 1
1176 167
5052 3
2957 4
1177 183
710 1316
2958 6
1178 148
711 1251
2959 2
6834 1
5054 2
1179 174
712 1294
5055 2
6835 1
713 1275
5056 3
714 1343
6837 1
5057 1
715 1270
5058 1
6838 1
716 1266
5059 1
6839 1
717 1298
718 1350
719 1306
1630 22
1631 23
1632 18
1633 16
1634 23
1635 29
1636 17
5512 6
1637 21
5513 3
1638 21
1639 17
5514 2
5515 3
5516 1
5517 2
5519 1
260 2147
6383 1
261 2127
262 2122
263 2113
264 2060
265 2064
266 2105
267 1963
268 2100
269 2003
1180 160
2960 3
2961 5
1181 170
2962 5
1182 156
2963 1
1183 159
2964 4
1184 154
2965 3
6840 1
5060 3
1185 152
5061 1
1186 161
2966 4
5062 1
2967 6
1187 166
720 1242
5063 2
2968 3
1188 153
721 1279
2969 3
6844 1
5064 2
1189 173
722 1264
5065 2
723 1308
6846 1
5066 2
724 1274
5067 2
725 1309
6848 1
5068 4
726 1301
6849 1
727 1278
728 1281
729 1260
1640 13
1641 16
1642 18
1643 23
1644 25
1645 21
5521 3
1646 17
5522 1
1647 16
5523 4
1648 20
5524 1
1649 18
5525 1
5527 3
5529 1
6392 1
270 2102
271 2058
272 2017
273 1971
274 2006
275 2062
276 2061
277 2034
278 1973
279 2028
4200 2
4201 2
4202 1
4204 1
4205 1
4206 1
4207 1
4208 1
4209 4
2970 5
1190 153
2971 2
1191 170
2972 1
1192 160
2973 2
1193 155
2974 1
1194 172
2975 3
1195 141
2976 3
5071 3
1196 153
730 1287
2977 3
5072 7
1197 157
2978 2
731 1261
5073 3
1198 154
5074 3
732 1241
2979 2
1199 161
5075 2
733 1262
5076 1
6856 2
734 1238
735 1243
5077 2
736 1206
6858 1
5078 3
5079 3
737 1234
738 1202
739 1247
1650 21
1651 24
1652 32
1653 11
1654 14
5530 2
1655 18
5531 4
1656 23
5532 2
1657 18
5533 1
1658 21
5534 2
1659 17
5535 3
5536 2
5537 1
5538 1
280 1957
281 2036
282 1952
283 1989
284 1935
285 1942
286 1990
287 1959
288 1943
289 1964
4210 4
4212 2
4213 1
4215 1
4217 3
4218 2
4219 2
2980 3
2981 3
8100 1
2982 2
2983 3
2985 3
5080 2
6861 1
5081 2
2986 2
6862 1
2987 3
5082 6
740 1279
2988 3
5083 2
6863 1
741 1155
2989 2
5084 4
742 1151
5085 2
6865 1
743 1217
5086 3
744 1282
5087 1
745 1213
5088 1
746 1214
5089 1
747 1189
748 1205
749 1190
1660 21
1661 16
1662 15
1663 19
1664 21
5540 2
1665 11
5541 1
1666 13
5542 2
1667 18
5543 1
1668 32
5544 1
1669 17
5548 1
5549 1
290 1998
291 1891
292 1993
293 1918
294 1884
295 1933
296 1905
297 1954
298 1923
299 1910
4220 4
4221 1
4222 1
4223 1
4224 2
4225 1
4226 3
4227 1
4228 2
4229 3
2990 2
2991 4
2992 2
2993 1
2994 5
6870 1
5090 3
2995 2
2996 5
5091 1
2997 3
5092 2
750 1217
2998 2
5093 2
751 1199
5094 1
2999 4
752 1219
5095 3
753 1232
6876 1
5096 4
754 1226
755 1192
6878 1
5098 2
756 1179
5099 1
757 1111
758 1140
759 1182
1670 12
1671 15
1672 18
1673 28
1674 18
1675 13
5551 4
1676 23
5552 3
1677 28
5553 3
1678 19
1679 19
5555 1
5556 1
5558 2
5559 1
4230 2
4231 2
4234 2
4235 3
4236 2
4237 1
4238 1
4239 1
6880 2
760 1136
761 1147
6884 1
762 1127
763 1162
764 1130
765 1148
766 1141
767 1126
768 1194
769 1135
1680 17
1681 16
1682 20
1683 14
1684 16
1685 24
1686 10
5561 1
5562 1
1687 15
5563 1
1688 13
1689 19
5566 3
5567 2
5569 6
4242 1
4243 3
4245 2
4247 1
4249 1
8135 1
770 1123
6892 1
771 1115
772 1169
773 1074
774 1089
775 1138
776 1139
777 1120
778 1102
779 1086
4701 1
4702 4
4703 2
4704 1
4705 2
4706 3
4707 2
4708 2
4709 1
1690 13
1691 21
1692 15
1693 12
1694 16
1695 17
5571 1
1696 19
5572 2
1697 13
5573 3
1698 13
5574 1
1699 16
5576 3
5577 2
5578 1
4251 3
4252 1
4253 4
4254 2
4255 1
4256 4
4257 3
4258 2
780 1082
781 1085
782 1063
783 1053
784 1119
785 1144
786 1149
787 1058
788 1111
789 1035
4710 1
4711 5
4712 2
4713 2
4714 1
4715 1
4716 1
4717 2
4718 3
4719 2
5580 1
5581 3
5582 1
5585 2
5586 2
5587 1
5588 3
4261 2
4266 2
4268 3
4269 1
790 1056
8156 1
791 1090
792 1098
793 1045
794 1068
795 1020
796 992
797 1058
798 1022
799 999
4720 1
4722 1
4723 1
4724 3
4725 1
4726 3
4727 1
4728 1
4729 3
5590 2
5591 2
5593 2
5594 2
5595 1
5596 3
5598 1
3400 5
3401 1
3402 2
3403 3
3405 1
3406 1
3407 1
3408 2
3409 3
4270 2
4271 2
4272 2
4273 4
4274 4
4276 3
4277 1
4278 1
4279 1
8168 1
4730 1
4731 1
4732 2
4733 3
4734 2
4735 1
4736 1
4737 2
4738 1
4739 1
3410 1
3411 4
3412 2
3414 2
3415 3
3416 3
3417 4
3418 2
3419 3
4280 2
4281 1
4283 2
4284 4
4285 2
4286 1
4287 3
4288 4
4289 2
8175 1
4740 3
4741 1
4743 2
4744 2
4745 2
4748 1
3420 1
3421 3
3422 1
3423 1
3424 1
3425 2
3426 2
3427 3
3428 2
3429 2
4290 1
4291 3
4296 2
4297 2
4298 1
4299 1
2100 13
2101 8
2102 9
2103 10
2104 8
2105 14
2106 11
8188 1
2107 13
8189 2
2108 10
2109 8
4752 1
4753 4
4754 1
4755 2
4756 2
4757 1
4758 3
4759 2
3430 3
3431 3
3432 4
3433 5
3434 1
3435 1
3436 1
3437 1
3438 1
3439 2
2110 10
2111 17
2112 10
2113 11
2114 15
2115 14
2116 11
2117 13
2118 7
2119 12
4761 2
4762 4
4763 2
4764 3
4765 1
4768 2
4769 1
3440 1
3442 1
3443 1
3444 1
3445 2
3446 2
3447 2
3448 2
3449 1
7332 1
2120 5
2121 8
2122 8
3902 5
3903 1
2123 5
2124 11
3905 3
2125 15
3906 1
2126 7
3907 1
2127 8
6003 1
3908 1
2128 13
3909 2
6004 1
2129 2
4771 1
4773 3
4774 2
4775 3
4777 5
4778 2
4779 1
3450 3
3451 3
3452 3
3453 2
3454 1
3455 2
3456 1
3457 3
3459 2
3910 1
2130 10
3911 1
2131 8
3912 5
2132 8
3913 1
2133 8
3914 1
2134 12
2135 6
3915 4
3916 1
2136 6
6012 1
3917 2
2137 13
3918 1
2138 10
6014 1
3919 4
2139 12
6018 1
7802 1
4780 2
7804 1
4781 2
4782 1
4783 3
7808 1
4785 2
4786 1
7809 1
4789 1
3460 4
3461 2
3462 4
3463 4
3464 1
3466 1
3468 2
3469 2
3920 1
2140 8
2141 14
3922 1
2142 9
2143 7
3923 3
3924 1
2144 12
3925 2
2145 8
2146 11
3926 3
3927 1
2147 7
6023 1
3928 2
2148 7
3929 1
2149 9
7811 1
4791 1
7815 1
4792 2
7816 1
4793 1
7817 2
4794 1
4795 1
4796 1
4798 1
2601 3
2602 3
2603 2
2604 3
2605 2
2606 2
2607 5
2608 4
2609 6
3470 1
3471 1
3472 2
3473 1
3474 2
3475 4
3476 1
3477 2
3478 2
3479 1
2150 4
2151 7
3932 1
2152 6
3933 3
2153 12
3934 1
2154 9
3935 4
2155 8
2156 14
2157 13
3938 1
2158 9
3939 4
2159 11
6037 1
6038 1
7829 2
2610 5
2611 6
2612 2
2613 6
2614 6
2615 4
2616 2
2617 7
2618 1
2619 2
3480 4
3481 1
3482 2
3483 2
3484 3
3486 4
3487 2
3488 1
3489 4
7372 1
3940 2
2160 11
2161 9
2162 7
3943 1
2163 9
3944 1
2164 12
3945 4
2165 11
2166 5
3946 2
3947 1
2167 8
3948 2
2168 9
3949 4
2169 9
6045 1
7839 1
2620 2
