2621 2
2622 1
2623 1
2624 2
2625 2
2626 1
2627 1
2628 3
2629 4
3490 2
3491 3
3492 2
3493 2
3494 2
3496 3
3497 1
3499 3
1300 22
1301 12
1302 10
1303 10
1304 13
1305 20
1306 14
1307 11
1308 13
1309 17
2170 1
2171 1
2172 3
3953 1
2173 4
2174 2
3955 2
2175 4
2176 1
2177 2
2178 5
3 1
3959 2
2179 5
5 1
8 1
9 2
7847 1
2630 4
2631 3
2632 1
2634 1
2635 2
2636 1
2637 1
2638 2
2639 1
1310 17
1311 17
1312 14
1313 15
1314 14
1315 7
1316 12
1317 10
1318 11
1319 16
2180 5
2181 8
2182 4
2183 1
3963 1
2184 3
3964 1
2185 5
3965 1
2186 3
6061 1
3966 2
2187 1
2188 2
3969 2
2189 2
7850 1
6068 2
2641 2
2643 2
2644 1
2645 2
2646 1
2647 1
400 1317
2648 1
401 1287
2649 1
402 1266
403 1283
404 1282
405 1241
406 1250
407 1254
408 1239
409 1241
1320 11
1321 18
1322 13
1323 7
1324 14
5200 2
1325 14
5201 1
1326 13
5202 1
1327 14
5203 1
1328 10
1329 8
5205 1
5207 1
5208 1
2190 3
2191 3
2192 3
2193 2
2194 2
3974 1
2195 2
2196 1
3976 2
3977 1
2197 6
2198 1
6074 1
3979 2
2199 3
2651 2
2652 3
2653 2
2655 1
2656 3
410 1220
2658 1
411 1283
2659 1
412 1271
413 1218
414 1225
415 1237
416 1260
417 1188
418 1247
419 1174
1330 9
1331 15
1332 14
1333 6
1334 11
1335 13
5211 1
1336 8
5212 2
1337 10
1338 11
5214 2
1339 16
5215 1
5216 1
5219 1
3980 1
3981 5
3984 1
3985 1
3986 1
6081 1
3987 1
3988 2
6088 1
7877 1
2660 1
2661 1
2662 2
2663 3
2664 2
2665 1
2666 1
420 1206
421 1193
2668 3
2669 2
422 1206
423 1294
424 1171
425 1196
426 1176
427 1192
428 1150
429 1156
1340 4
1341 12
1342 7
1343 12
1344 14
1345 10
5221 1
1346 15
1347 9
1348 22
5224 1
1349 11
5225 2
5227 2
3990 1
3991 2
3993 1
3994 2
3995 1
3999 1
1800 5
1801 7
1802 3
1803 1
1804 3
1805 2
1806 5
1807 6
1808 7
1809 6
2670 1
2671 3
2673 2
2674 1
2676 1
2677 2
430 1180
431 1136
2679 2
432 1110
433 1202
434 1186
435 1135
436 1148
437 1157
438 1128
439 1104
1350 8
1351 17
1352 7
1353 13
1354 9
5230 1
1355 10
1356 10
1357 12
5233 1
1358 14
1359 10
5235 1
5236 1
5239 2
1810 2
1811 2
7893 2
1812 6
1813 5
1814 5
1815 5
1816 4
1817 2
7899 1
1818 3
1819 6
2680 1
2681 2
2682 1
2683 3
2685 2
440 1079
441 1083
2689 1
442 1144
443 1140
444 1069
445 1126
446 1093
447 1088
448 1024
449 1068
1360 12
1361 9
1362 11
1363 11
1364 13
1365 9
5241 1
1366 9
5242 1
1367 12
900 80
1368 16
901 69
5244 1
1369 15
902 80
5245 3
903 88
5246 4
904 89
905 79
906 82
5249 2
907 77
908 83
909 75
1820 3
1821 2
1822 2
1823 4
1824 2
1825 6
1826 2
1827 4
1828 7
1829 2
5705 1
5708 1
2692 1
2693 2
2694 2
2695 1
2696 1
2697 2
450 1070
451 1076
2698 2
2699 3
452 1073
453 1045
454 1019
455 1058
456 1026
457 1064
458 1046
459 1054
1370 12
1371 9
1372 7
1373 12
1374 8
5250 2
1375 8
5251 2
1376 12
1377 8
5252 2
910 64
1378 11
911 75
1379 8
912 86
5255 1
913 69
5256 1
914 76
5257 1
915 80
916 68
5259 1
917 78
918 71
919 77
1830 8
1831 7
1832 5
1833 6
1834 6
5710 1
1835 6
5711 1
1836 4
1837 2
5713 1
1838 4
1839 8
5717 1
460 1056
461 1077
462 1020
463 1021
464 1035
465 1019
466 1028
467 1000
468 991
469 986
1380 6
1381 13
1382 12
1383 14
1384 13
5260 1
1385 6
5261 2
1386 13
920 81
1387 7
921 67
1388 7
922 78
5264 2
1389 11
923 78
924 71
925 71
5267 1
926 76
927 81
928 73
929 59
1840 6
1841 5
1842 6
1843 5
1844 2
5720 1
1845 5
1846 6
1847 4
5723 1
1848 3
1849 2
6592 1
470 1024
471 971
472 969
473 1000
474 1007
475 1011
476 961
477 949
478 944
479 963
4400 2
4404 3
4405 1
4406 4
4407 2
4408 1
1390 9
1391 3
1392 10
1393 5
1394 11
1395 7
5271 1
1396 8
930 59
1397 11
5273 1
931 56
1398 7
5274 1
932 84
1399 11
5275 1
933 74
934 68
5276 1
935 51
5277 1
5278 2
936 61
937 70
938 69
939 66
1850 5
1851 5
1852 5
1853 4
1854 8
1855 3
1856 6
1857 4
1858 5
5734 1
1859 4
5735 1
480 928
481 945
482 972
483 982
484 935
485 899
486 950
487 896
488 905
489 900
4410 1
4411 2
4414 2
4415 2
4416 2
4417 2
4418 3
4419 2
5280 2
5281 1
940 62
941 93
5284 1
942 84
943 60
5286 1
8309 1
944 59
945 61
946 74
5289 2
947 65
948 66
949 65
1860 1
1861 3
1862 4
1863 1
1864 6
1865 2
1866 6
1867 4
1868 4
1869 3
5748 1
490 964
491 902
492 893
493 981
494 878
495 918
496 878
497 874
498 816
499 869
4420 1
4421 1
4422 2
4425 1
4426 1
4429 1
5290 1
5292 1
950 60
5293 1
951 86
5294 1
952 52
953 68
954 53
955 64
956 49
957 70
958 59
959 51
3100 1
3101 1
3102 1
3105 2
3107 2
3108 1
3109 2
1870 3
1871 2
1872 5
1873 6
1874 4
1875 2
5750 1
1876 4
1877 2
1878 4
1879 2
5755 1
5758 1
4431 2
4435 1
4436 1
4437 2
4438 4
4439 1
8324 2
960 60
961 57
962 62
963 52
964 57
965 56
966 51
967 58
968 49
969 58
3110 2
3111 2
3112 2
3113 1
3115 2
3116 1
3118 1
3119 2
1880 4
1881 5
1882 4
1883 4
1884 4
1885 6
5761 1
1886 4
5762 1
1887 10
1888 4
1889 3
7008 1
5765 1
4440 3
4441 2
4442 1
4444 1
4445 2
4447 2
4448 1
8332 1
970 51
971 55
972 57
973 44
974 56
975 53
976 54
977 60
978 51
979 62
3120 3
3121 2
3122 2
3123 1
4903 1
4904 1
3125 1
3126 1
3127 1
4907 1
4908 1
3128 1
1890 2
1891 7
1892 4
1893 1
1894 3
1895 3
1896 6
1897 4
1898 5
1899 3
4451 1
4452 1
4453 1
4456 4
4457 1
4458 3
4459 1
8340 1
980 46
981 52
982 52
983 52
984 52
985 43
986 62
987 46
988 56
989 47
3130 1
4912 1
3132 1
3133 1
4914 1
3135 1
3136 3
4917 1
3137 1
5780 1
5781 1
5783 1
5785 2
5787 2
5788 1
4460 2
4463 1
4464 1
4465 1
4466 2
4467 1
4468 2
4469 2
8350 1
990 55
8355 1
991 49
992 43
993 47
994 49
995 48
996 45
997 58
998 52
999 53
3141 1
4922 1
3142 2
4923 2
3143 1
3144 1
4925 1
4926 1
3146 1
4927 1
3148 1
4929 2
7033 1
5794 1
5795 2
5796 3
5798 1
3600 1
3601 2
3602 2
3603 1
3604 2
3606 3
3607 4
3609 1
4471 1
4473 3
4475 2
4476 3
4477 1
4478 3
4479 1
4930 1
3152 1
4933 1
4934 1
4935 1
4936 1
4937 1
3157 1
4938 1
3158 1
3159 1
3610 2
3611 1
3612 2
3613 3
3614 3
3616 3
4480 2
4482 4
4483 1
4484 1
4485 2
4486 2
4487 4
4488 3
4489 1
8370 1
8378 1
4941 1
4942 1
4943 1
3163 1
3165 1
3166 1
4946 3
3167 2
3168 1
4949 1
3169 1
3620 1
3622 1
3623 5
3624 2
3625 2
3626 1
3627 1
3628 4
3629 3
4492 1
4494 1
4495 1
4496 1
4497 2
4498 2
4499 2
2300 1
8381 1
2301 2
2302 3
8384 1
2303 2
2304 1
2305 1
8387 1
2306 1
2307 1
2308 2
2309 3
3171 1
3173 1
4954 1
3174 1
3175 1
4955 1
3176 2
3177 3
3178 2
4958 1
4959 1
3179 3
3630 2
3632 1
3633 1
3634 2
3635 1
3636 2
3638 1
3639 1
2310 3
2311 2
2312 3
2314 3
2315 2
2316 5
2317 1
2318 3
2319 1
3180 1
4960 1
3181 2
3182 1
3183 1
3185 1
-104 1
4966 1
4967 3
4968 1
3188 2
3640 1
3641 3
3642 2
3643 2
3644 3
3645 1
3646 3
3647 2
3648 4
3649 1
2320 2
2321 2
2322 3
2323 1
2324 1
2325 2
2326 2
6202 1
2327 1
2328 5
2329 2
3190 1
3193 1
4973 1
3194 1
4974 2
3195 2
3196 1
4976 3
4978 1
3198 1
4979 3
3650 1
3651 2
3652 1
3653 2
3654 1
3656 1
3657 5
3658 3
2330 3
2331 1
2332 1
2333 1
2334 3
2335 3
2337 4
2338 2
6214 1
2339 1
4981 2
4982 1
4983 1
4984 1
4985 1
1000 51
4987 1
1001 41
4988 1
1002 45
4989 1
1003 48
1004 48
1005 62
1006 53
1007 48
1008 43
1009 47
7098 1
3660 1
3662 2
3663 1
3665 2
3666 3
3667 2
3668 2
3669 1
2340 2
2341 1
2342 1
2344 2
2346 3
2347 3
100 5581
101 5335
2349 1
102 5579
6224 1
103 5448
104 5454
105 5477
106 5468
107 5390
108 5456
109 5344
4994 1
4995 2
4996 1
1010 53
1011 54
1012 45
1013 38
1014 38
1015 52
1016 50
2800 1
1017 43
1018 51
2802 4
1019 36
2803 3
2805 2
2806 3
2808 2
3670 2
3671 1
3672 1
3674 2
3678 2
2350 1
2351 1
2352 3
2353 1
2355 1
2356 3
110 5360
2357 3
111 5311
2358 1
112 5227
2359 2
113 5376
114 5242
115 5237
116 5162
117 5109
118 5245
119 5085
1020 45
1021 50
1022 45
1023 45
1024 40
1025 43
1026 55
1027 53
2810 3
1028 33
2811 2
1029 50
2812 3
2815 2
2817 3
2818 1
3680 2
3681 2
3682 2
3683 1
3686 3
3687 1
3688 2
2362 3
2363 7
2364 2
2366 3
2367 3
120 5055
6243 1
2368 2
121 5077
6244 1
2369 4
122 5049
123 5020
124 5027
125 4982
126 5040
127 4918
128 4810
129 4935
1030 54
1031 44
1032 49
1033 37
1034 44
1035 45
1036 33
2820 2
1037 34
2821 2
1038 36
1039 39
2823 1
2824 1
2827 1
2829 2
3691 4
3692 1
3693 1
3694 3
3695 1
3696 3
3697 1
3699 2
7581 1
1500 3
1501 8
1502 7
1503 6
1504 5
7586 1
1505 3
1506 10
1507 6
1508 6
1509 9
2370 5
2371 1
2373 1
2374 2
2375 1
2376 1
2377 1
130 4936
2378 3
131 4848
2379 1
132 4710
6255 1
133 4699
134 4889
135 4733
136 4754
137 4810
138 4598
139 4759
1040 30
1041 49
1042 47
1043 40
1044 34
1045 37
1046 37
2830 5
1047 37
2831 3
1048 28
2832 1
1049 44
2833 3
2835 2
2837 1
2838 3
6717 1
1510 10
1511 1
1512 3
1513 7
1514 8
1515 3
1516 4
1517 6
1518 5
1519 7
2380 4
2381 1
2382 4
2383 2
2384 3
6260 1
2386 2
2387 2
140 4644
6262 1
141 4596
6263 1
142 4543
2389 1
143 4629
144 4590
145 4602
6268 1
146 4504
147 4403
148 4328
149 4454
1050 32
1051 46
1052 56
1053 33
1054 53
1055 45
1056 41
2840 2
1057 40
2841 1
1058 40
2842 2
1059 44
2843 1
2844 1
2845 3
2846 1
2847 2
600 538
2848 1
601 550
2849 1
602 544
603 534
604 478
605 545
606 571
607 549
608 511
609 521
1520 5
1521 9
1522 9
1523 2
1524 7
1525 6
1526 6
1527 7
5403 1
1528 6
1529 5
5406 2
5407 2
2390 1
2392 3
2393 4
2394 1
2396 1
150 4416
2398 2
151 4353
2399 1
152 4372
153 4224
154 4215
155 4237
156 4269
157 4215
158 4191
159 4073
1060 39
1061 32
1062 48
1063 34
1064 48
1065 41
1066 52
1067 37
2850 2
2851 1
1068 43
2852 1
1069 47
2854 2
2856 2
610 489
2857 2
611 488
2859 1
612 531
613 513
614 506
615 481
616 524
617 528
618 504
619 517
1530 1
1531 2
1532 7
1533 6
1534 4
1535 2
5411 2
1536 6
1537 4
5413 1
1538 3
5414 1
1539 4
5418 2
5419 1
160 4170
161 4085
162 4028
163 4295
164 4119
165 4065
166 3966
167 4092
168 3917
169 3907
1070 41
1071 39
1072 35
1073 40
1074 38
1075 36
1076 41
1077 45
2861 1
1078 48
2862 3
1079 37
2864 3
2866 1
620 477
2868 1
621 467
622 472
623 467
624 492
625 491
626 494
627 466
628 455
629 454
1540 7
1541 6
1542 4
1543 6
1544 5
1545 8
5421 1
1546 5
1547 2
5423 2
1548 9
1549 7
5426 1
5427 1
5429 1
170 3945
171 3923
172 3952
173 3868
174 3909
175 3861
176 3817
177 3883
178 3762
179 3707
1080 42
1081 40
1082 39
1083 35
1084 42
4108 1
1085 50
1086 44
1087 42
1088 43
1089 44
2874 1
2875 2
2876 1
630 458
631 462
2879 1
632 448
633 421
634 457
635 416
636 435
637 437
638 421
639 427
1550 7
1551 6
1552 3
1553 8
1554 4
1555 4
5431 1
1556 5
5432 1
1557 7
5433 1
1558 3
1559 3
5435 2
5436 1
5437 2
5439 2
180 3794
181 3775
182 3757
183 3704
184 3624
185 3529
186 3625
187 3594
188 3565
189 3687
4110 1
4112 1
1090 39
1091 39
4115 1
1092 35
1093 39
4116 2
1094 35
1095 39
4118 2
1096 38
4119 1
2880 1
1097 32
2881 3
1098 48
2882 2
1099 34
2884 2
2885 1
2886 2
640 432
2888 2
641 429
2889 4
642 415
643 407
644 425
645 449
646 440
647 398
648 438
649 395
1560 8
1561 6
1562 4
1563 7
1564 5
1565 2
1566 3
5442 1
1567 8
5443 1
1568 4
1569 1
5444 2
5445 1
5446 1
5449 1
190 3580
191 3543
192 3408
193 3523
194 3615
195 3414
196 3524
197 3532
198 3423
199 3271
4121 2
4122 1
4125 2
5909 1
2890 2
2892 5
2893 1
2894 2
2895 5
2896 3
2897 1
650 403
651 388
2898 2
6774 1
652 408
2899 3
653 399
6776 1
654 426
655 387
656 408
657 380
658 376
659 410
1570 3
1571 5
1572 5
1573 6
1574 4
1575 2
5451 1
1576 6
1577 8
5453 1
1578 4
1579 5
5457 2
4130 1
4131 2
4132 1
4133 1
4134 1
4137 1
4139 3
8025 1
660 392
661 386
662 394
663 405
664 391
665 355
666 375
667 380
668 373
669 377
1580 5
1581 6
1582 3
1583 4
1584 2
5460 1
1585 6
5461 2
1586 9
5462 2
1587 4
1588 6
5463 1
5464 1
1589 5
5467 1
5468 1
5469 1
4140 1
4141 1
4143 1
4144 2
4146 2
4148 2
5928 1
4149 1
670 401
671 406
672 336
673 350
674 364
675 362
676 347
677 353
678 343
679 339
4600 1
4601 3
4602 2
4603 1
4605 4
4606 3
4607 1
4609 2
1590 4
1591 4
1592 7
1593 11
1594 4
5470 2
1595 3
5471 1
1596 4
1597 2
5472 6
1598 6
1599 4
5479 2
4150 2
5931 1
4152 1
4153 3
4154 1
4155 1
4157 1
4159 1
680 343
681 346
682 335
683 348
684 353
685 305
686 322
687 334
688 336
689 322
4610 1
4613 3
4615 1
4617 1
4618 2
4619 1
8500 3
8501 5
8502 5
8503 4
8504 3
5481 2
8505 6
5483 1
8506 2
8507 4
8508 2
8509 1
5487 1
4161 1
4162 3
5944 1
4165 1
4166 1
4168 1
4169 1
690 310
691 313
692 297
693 330
694 298
695 324
696 298
697 312
698 311
699 278
4620 1
4621 1
4623 1
4629 1
8511 6
8512 1
8513 2
5491 1
8514 2
5492 2
5493 1
8517 1
5495 1
8518 1
3300 1
3302 1
3303 1
3304 2
3305 1
3307 1
3308 1
3309 1
4170 1
4172 1
4173 3
4174 2
4177 1
4178 1
4179 1
4631 1
4632 1
4633 3
4634 1
4638 1
4639 1
8520 2
8521 1
8522 1
8527 1
3310 2
3311 1
3313 1
3315 2
3316 1
3317 1
3318 2
3319 1
4180 1
4183 1
4185 1
4187 1
4189 1
4640 1
4642 2
4643 1
4644 1
4645 1
4646 2
4647 1
4649 1
8537 1
8538 1
3320 2
3321 3
3325 1
3326 2
3327 3
3328 3
3329 2
4191 1
4192 1
4193 1
7217 1
4197 1
2000 1
2001 4
2002 3
2003 4
2004 4
2005 1
2006 4
2007 6
2008 5
2009 4
4651 2
4652 2
4654 1
4655 2
4656 2
4657 1
4659 1
8545 1
3330 1
3331 2
3332 3
3333 3
3334 1
3335 1
3338 1
7220 1
2010 4
2011 1
2012 3
2013 3
8095 1
2014 4
2015 1
2016 1
2017 6
2018 3
2019 4
4661 1
4662 1
4663 2
4665 1
4666 1
4667 1
4668 4
3340 1
3341 5
3342 2
3343 2
3344 1
3345 1
3349 4
5995 1
2020 2
3800 2
3801 1
2021 4
2022 4
2023 1
3803 2
2024 3
3804 2
2025 2
2026 3
3806 1
3807 1
2027 2
3808 1
2028 6
2029 7
3809 2
4670 1
4676 1
4677 2
3350 4
3352 1
3353 1
3354 2
3355 2
3359 2
2030 2
3811 1
2031 3
3812 1
2032 3
2033 3
3814 2
2034 4
2035 1
3815 1
3816 3
2036 6
2037 4
3817 2
3818 2
2038 3
3819 2
2039 6
4680 4
7704 1
4681 1
4682 1
4683 1
7708 2
4686 1
4687 1
4689 1
3360 2
3361 2
3362 3
3363 2
3365 2
3366 3
3367 2
3368 1
3369 2
2040 1
3820 1
2041 3
3822 1
2042 1
3823 3
2043 3
2044 7
3825 2
2045 4
3826 1
2046 2
2047 4
2048 2
3828 1
2049 3
4694 1
4695 1
4696 1
4698 1
2501 1
2502 3
2503 2
2504 2
2505 3
2506 1
2507 2
2508 1
3371 1
3372 2
3374 2
3375 2
3377 1
3378 2
3379 1
7268 1
3830 1
2050 3
3831 3
2051 5
3832 1
2052 2
3833 1
2053 4
3834 2
2054 4
2055 3
3836 2
2056 2
3837 1
3838 1
2058 5
2059 2
7720 1
2510 1
2513 3
2516 2
2517 1
2518 1
3381 1
3382 1
3383 4
3385 3
3386 1
3387 2
3388 1
3389 3
2060 4
3840 2
3841 1
2061 7
2062 4
3843 2
2063 4
2064 4
3844 3
3845 2
2065 4
3846 1
2066 4
2067 6
3847 1
2068 3
3848 2
3849 3
2069 2
7731 1
7735 1
7737 1
7739 1
2520 1
2521 1
2522 3
2523 2
6400 1
2526 3
2527 2
2528 3
3391 2
3392 1
3393 1
3395 2
3396 1
3397 1
3398 1
3399 1
1200 32
1201 25
1202 17
-1 1
1203 23
1204 32
1205 21
1206 34
1207 33
1208 19
1209 17
3850 3
2070 5
2071 3
3852 2
2072 2
2073 4
2074 2
3855 2
2075 4
2076 2
3856 2
3857 1
2078 3
3859 1
2079 3
7745 1
7748 1
2530 1
2531 2
2533 2
2534 1
2536 1
2537 1
2539 1
6416 1
1210 29
1211 16
1212 28
1213 25
1214 21
1215 21
1216 20
1217 21
1218 24
1219 23
2080 3
3860 1
2081 3
3861 3
2082 5
2083 3
3864 1
2084 3
2085 4
3866 1
2086 2
2087 1
3867 2
3868 2
2088 3
3869 1
2089 5
2540 1
2541 1
2542 3
2543 1
2544 1
2545 2
2546 1
300 2002
301 2014
2548 3
302 2044
2549 2
303 2032
304 2015
305 2016
306 2077
307 1913
308 1982
309 1949
1220 25
1221 22
1222 27
1223 40
1224 28
5100 1
1225 30
5101 1
1226 22
1227 17
5103 2
1228 19
5104 1
1229 16
5105 3
5106 4
5107 2
5108 3
2090 3
3870 1
3871 1
2091 2
3872 3
2092 4
2093 3
3874 2
2094 2
3875 2
2095 2
2097 4
2098 4
3879 1
2099 3
2550 1
2551 1
2552 1
2553 2
2554 2
2555 1
2556 1
310 1930
2557 2
311 1858
2559 1
312 1879
313 1898
314 1899
315 1882
316 1814
317 1955
318 1816
319 1841
1230 21
1231 22
1232 21
1233 16
1234 20
5110 2
1235 22
5111 1
1236 19
5112 1
1237 20
5113 1
1238 15
5114 2
1239 22
5115 1
5116 1
5118 4
3882 2
3884 1
3885 1
3889 1
2560 1
2561 4
2563 1
2564 3
2565 1
2567 3
320 1838
2568 1
321 1811
322 1861
323 1873
324 1757
325 1758
326 1731
327 1779
328 1700
329 1727
1240 22
1241 19
1242 18
1243 14
1244 19
5120 2
1245 23
14 1
5121 2
1246 15
5122 2
1247 16
15 2
5123 1
1248 14
16 3
5124 2
1249 18
17 1
18 1
5125 2
5126 2
19 1
5128 1
5129 1
3890 1
3894 1
3896 4
3897 1
3898 2
3899 2
1700 4
1701 5
1702 7
1703 3
1704 6
1705 4
1706 6
1707 4
1708 2
1709 8
2573 1
2574 1
2575 2
2576 4
2577 2
330 1716
331 1757
332 1785
333 1689
334 1727
335 1696
336 1804
337 1685
338 1709
339 1678
1250 22
1251 23
1252 20
20 2
1253 13
21 1
1254 17
22 1
5130 1
23 1
1255 15
5131 2
1256 19
24 1
25 1
5132 1
1257 19
5133 1
1258 20
26 2
5134 1
1259 24
27 1
28 1
5136 2
5137 2
5138 1
5139 4
1710 2
1711 1
1712 2
1713 3
1714 5
1715 4
1716 3
1717 4
1718 3
1719 4
2581 3
2584 1
2585 1
2586 4
2587 1
340 1712
341 1612
342 1630
2589 1
343 1597
344 1725
345 1596
346 1627
347 1546
348 1605
349 1648
1260 17
1261 19
30 2
1262 16
1263 12
31 3
32 3
1264 17
1265 12
33 6
5141 1
1266 22
34 5
5142 2
1267 16
35 9
800 156
1268 14
36 18
801 148
5144 1
1269 10
37 27
802 137
5145 3
38 31
803 148
5146 3
39 66
804 155
805 162
5148 1
806 143
807 138
808 164
809 131
1720 4
1721 6
1722 4
1723 2
1724 5
5600 1
1725 8
1726 3
1727 4
1728 6
1729 5
5606 1
2592 1
2593 1
2594 1
2595 2
2596 1
6471 1
350 1565
2597 2
2598 1
351 1522
2599 1
352 1569
353 1566
354 1624
355 1537
356 1550
357 1542
358 1526
359 1437
1270 22
1271 18
1272 15
40 114
1273 22
41 193
1274 21
42 306
5150 2
1275 8
43 415
5151 3
1276 19
44 532
5152 1
810 141
1277 11
45 687
811 142
6933 1
5153 1
1278 17
46 917
5154 4
812 154
1279 15
47 1124
813 158
5155 1
48 1327
814 138
5156 1
49 1528
5157 2
815 132
816 149
5158 2
817 162
818 128
819 136
1730 6
1731 6
1732 3
1733 3
1734 6
5610 1
1735 2
1736 6
1737 8
1738 1
1739 5
5616 1
360 1520
361 1498
362 1596
363 1574
364 1581
365 1571
366 1494
367 1446
368 1482
369 1440
1280 22
1281 17
1282 18
50 1837
1283 17
51 2039
1284 17
52 2477
5160 1
1285 17
53 2734
5161 3
1286 16
54 2964
5162 2
1287 17
55 3293
820 141
5163 1
1288 10
56 3524
821 107
5164 1
1289 11
57 3709
822 114
58 3907
823 119
5166 3
59 4182
824 144
5167 1
825 139
5168 1
826 123
827 140
828 140
829 117
1740 3
1741 4
1742 6
1743 6
1744 6
1745 5
1746 3
1747 5
5623 1
1748 4
5624 1
1749 4
5628 2
5629 1
370 1514
371 1487
372 1461
373 1423
374 1478
375 1475
376 1416
377 1403
378 1392
379 1434
4300 1
4301 3
4302 1
4303 2
4304 2
4305 2
4306 1
1290 14
1291 24
1292 16
60 4340
1293 15
61 4402
1294 16
62 4548
5170 2
1295 22
63 4642
5171 2
1296 8
64 4565
1297 13
65 4741
830 109
5173 1
1298 18
66 4636
831 127
1299 17
67 4833
832 122
5175 2
68 4929
833 120
5176 2
69 5076
834 118
5177 2
835 130
836 132
5179 1
837 135
838 144
839 141
1750 2
1751 3
1752 4
1753 3
1754 4
5630 1
1756 6
5632 1
1757 3
1758 4
1759 2
380 1378
381 1385
382 1365
383 1387
384 1366
385 1394
386 1404
387 1373
388 1379
389 1392
4310 2
4311 2
4313 2
4315 2
4316 3
4317 1
4319 1
70 5177
71 5160
72 5234
5180 3
73 5189
5181 1
74 5372
75 5394
840 129
5183 1
76 5385
841 114
8207 1
5184 2
77 5439
842 128
5185 1
78 5539
843 115
79 5468
844 117
5187 1
845 107
5188 2
846 106
5189 1
847 108
848 120
849 120
1760 4
1761 5
1762 5
1763 8
1764 4
5640 1
1765 3
1766 7
5642 1
1767 7
1768 1
5644 1
1769 3
5647 1
5648 1
390 1389
391 1381
392 1328
393 1326
394 1301
395 1318
396 1331
397 1338
398 1284
399 1287
4320 2
4321 1
4322 2
4323 3
4324 1
4325 2
4326 2
4327 1
80 5438
81 5707
82 5573
5190 1
83 5507
5191 1
84 5687
850 105
5192 3
85 5546
851 110
86 5661
852 100
87 5519
5195 1
853 100
88 5331
854 105
89 5577
855 99
5197 2
5198 1
856 124
6979 1
5199 2
857 108
858 90
859 97
3001 1
3002 2
3004 2
3005 1
3007 1
3009 4
1770 5
1771 5
1772 4
1773 4
1774 3
1775 3
1776 3
5652 1
1777 4
1778 2
1779 5
5659 1
4331 2
4332 2
4333 1
4335 2
4336 3
4337 2
8220 1
90 5539
91 5574
92 5611
8223 1
93 5607
94 5676
95 5529
860 113
96 5615
861 93
97 5620
862 93
98 5378
863 110
6986 1
99 5539
864 90
865 107
866 89
867 110
868 95
869 87
3010 3
3011 3
3015 2
3016 1
3017 2
3019 1
1780 2
1781 2
1782 3
1783 4
1784 3
1785 2
5661 1
1786 3
1787 6
1788 5
1789 6
5665 1
5669 1
4341 1
4344 1
4348 1
870 102
871 104
8236 1
872 91
873 115
874 98
875 102
876 91
877 93
878 79
879 86
4800 1
3020 2
3021 1
3023 1
4806 1
3027 1
4808 1
3028 1
3029 1
1790 3
1791 4
1792 1
1793 4
1794 5
1795 2
5670 1
1796 3
5672 1
1797 1
1799 7
4352 1
4353 1
4355 2
4356 1
4357 1
4358 1
4359 4
880 85
881 93
882 92
883 92
884 86
885 98
886 80
887 73
888 88
889 73
4810 1
3030 2
3031 2
4812 1
4813 1
3033 1
4814 1
3034 1
3035 1
4815 1
3037 2
3038 3
5680 2
5686 1
5687 1
5688 1
4360 1
4362 1
4365 3
4366 1
4367 1
4368 1
4369 4
890 90
891 106
892 102
893 107
894 101
895 91
896 97
897 78
898 91
899 76
3040 2
4821 1
3043 2
3044 1
4824 1
3045 1
4826 1
3047 2
3048 1
4829 2
3049 1
5694 1
5699 1
3500 1
3501 1
3502 3
3503 1
3504 2
3506 1
3507 1
3508 2
3509 1
4370 2
4371 2
4372 1
4373 1
4374 2
4376 3
4830 1
3051 1
3053 2
4834 3
4835 1
4836 1
3056 3
4837 1
3058 1
3059 1
3510 2
3511 2
3512 2
3513 4
3515 5
3516 2
3518 2
3519 1
4380 2
4381 2
4382 1
4383 2
4384 1
4385 1
4386 1
4387 1
4388 1
4389 4
3060 2
3061 1
4842 1
3062 1
3063 1
4843 2
3064 1
4844 2
3066 2
3068 2
3069 3
4849 3
3520 2
3521 1
3522 1
3523 2
3525 2
3526 2
3528 2
4390 1
4391 1
4392 1
4393 1
4394 1
4395 3
4396 2
4397 3
4398 1
2200 1
2201 1
2202 2
2203 1
2204 3
2205 4
2206 4
2207 5
2208 1
2209 1
3070 1
4851 2
3071 1
4852 1
4853 1
4855 2
3075 1
4856 1
3077 1
4857 1
3078 1
4859 1
3530 2
3531 2
3532 3
3533 2
3534 2
3535 1
3536 2
3537 2
3538 1
3539 2
2211 5
2212 1
2213 3
2214 2
2215 3
2217 5
8299 1
2219 2
4860 1
3080 1
4861 1
4862 1
3082 2
4863 2
3084 1
3086 1
4867 1
3088 1
4869 2
3089 2
3540 2
3541 1
3542 2
3544 2
3545 1
3546 1
3547 2
3548 3
3549 2
2220 2
2221 4
2222 6
2223 3
2224 5
6100 1
2225 2
2226 2
2227 4
2228 4
2229 1
3090 1
4870 1
3092 3
4873 2
3093 3
4874 2
3094 3
3098 1
4879 1
3550 2
3552 1
3553 1
3554 1
3555 2
3556 2
3557 3
7442 1
2230 3
2231 2
2232 2
2233 1
2234 3
2235 4
2236 1
2237 7
2238 4
2239 1
6114 1
6115 1
4880 1
4885 1
4888 1
4889 2
3560 2
3561 1
3562 1
3563 1
3564 2
3565 3
3566 1
3567 2
3568 3
3569 1
2240 3
2241 1
2242 1
2243 3
2244 4
2245 5
2246 6
2248 2
2249 1
6125 1
6126 1
4890 1
7914 1
4891 1
4893 2
4895 1
4898 1
2700 2
2701 2
2702 2
2703 1
2704 3
2706 1
2707 2
2708 1
2709 1
3570 1
3571 3
3572 3
3573 1
3574 1
3575 2
3576 2
3577 1
3579 2
2250 1
2251 1
2252 5
2254 5
6130 1
2255 2
2256 3
2257 1
2258 2
2259 3
6138 1
7925 1
2710 4
2711 3
2712 1
2713 2
2714 3
2716 2
2717 1
2718 1
3580 1
3581 1
3584 4
3585 1
3586 3
3589 2
7471 1
7472 1
2261 1
2263 1
2264 4
2265 2
2266 5
6142 1
2267 1
2268 3
2269 4
6146 1
7930 1
2720 2
2721 2
2722 4
2723 2
2724 5
2725 2
2726 1
2727 2
2728 1
6603 1
2729 1
3590 1
3591 2
3592 1
3593 2
3594 1
3595 2
3597 2
3598 3
3599 2
1400 14
1401 10
1402 9
1403 13
1404 8
1405 8
1406 8
1407 9
1408 10
1409 10
2270 3
2271 4
2272 1
2273 1
2275 3
2276 3
2277 1
2278 3
2279 1
2733 3
2734 2
2735 1
2736 1
2737 4
1410 6
1411 10
1412 11
1413 10
1414 10
1415 9
1416 12
1417 5
1418 11
1419 6
2280 4
2281 2
2282 2
2283 3
2284 1
2285 4
2286 3
2287 1
2288 2
2289 2
6166 1
2740 1
2741 2
2742 2
2743 1
2744 4
2746 3
500 942
2747 3
2748 2
501 875
2749 2
502 927
503 822
504 878
505 851
506 856
507 839
508 830
509 798
1420 9
1421 10
1422 14
1423 8
1424 6
5300 1
1425 9
5301 3
1426 10
5302 2
1427 8
5303 1
1428 6
1429 8
5305 2
5306 1
5308 2
2290 6
2291 2
2292 1
2293 2
2294 4
2295 3
6172 1
2297 1
2298 2
2299 4
6175 1
2750 2
2751 1
2753 2
2754 1
2756 3
2757 2
510 893
2758 4
511 801
512 830
513 839
514 810
515 841
516 823
517 798
518 811
519 872
1430 9
1431 5
1432 10
1433 6
1434 7
1435 11
1436 7
1437 10
1438 8
1439 1
5317 1
6180 1
6184 1
7978 1
2760 1
2761 2
2762 2
2763 2
2765 5
520 854
2768 2
521 767
2769 1
522 805
523 791
524 789
525 776
526 798
527 763
528 832
529 804
1440 8
1441 8
1442 12
1443 3
1444 7
1445 8
1446 11
5322 2
1447 7
5323 2
1448 3
1449 6
5326 1
5327 1
5328 1
7981 1
1900 3
1901 6
1902 2
1903 2
1904 8
1905 4
4000 2
1906 2
1907 2
4002 2
1908 7
1909 8
4005 1
4006 2
4007 1
2771 1
2773 1
2774 2
2775 2
530 742
531 796
2778 3
2779 1
532 819
533 745
534 764
535 757
536 703
537 726
538 757
539 703
1450 12
1451 4
1452 6
1453 9
1454 9
1455 8
1456 11
5332 2
1457 10
1458 12
1459 7
1910 3
1911 4
1912 11
1913 6
1914 5
1915 4
1916 5
4011 2
4012 1
1917 3
1919 2
4014 1
4015 1
4016 2
2781 2
2782 1
2785 3
6661 1
2786 1
540 772
541 734
2788 2
542 754
543 667
544 711
545 723
546 709
547 752
548 688
549 721
1460 5
1461 7
1462 8
1463 5
1464 6
5340 1
1465 9
1466 13
1467 10
1468 2
5344 4
1469 8
5345 1
5348 1
1920 1
1921 4
1922 1
1923 2
1924 5
1925 6
4021 1
1926 5
1927 4
4023 2
1928 4
4024 1
1929 3
4028 1
2791 3
2792 1
2793 4
2794 3
2795 2
2796 3
2797 2
550 701
2798 1
551 717
2799 1
552 721
553 653
554 696
555 678
556 700
557 724
558 664
559 717
1470 12
1471 6
1472 9
1473 9
1474 4
1475 5
1476 8
1477 9
1478 9
1479 3
5355 3
5356 3
5357 1
5358 1
1930 4
1931 5
1932 3
1933 6
1934 2
5810 1
1935 5
1936 7
4031 1
1937 4
5812 1
5813 1
1938 3
4033 2
4034 1
1939 4
4035 2
4036 2
4037 1
560 668
561 643
562 653
563 687
564 656
565 649
566 664
567 660
568 700
569 680
1480 8
1481 7
1482 4
1483 4
1484 9
5360 1
1485 6
5361 1
1486 6
1487 6
1488 6
5363 2
1489 7
5365 1
5366 1
1940 4
1941 4
1942 7
1943 7
1944 3
1945 3
4040 2
4041 1
1946 5
1947 3
4043 2
1948 4
1949 3
4046 2
5827 1
4047 2
4048 1
570 575
571 607
572 659
573 611
574 622
575 643
576 607
577 601
578 566
579 619
4501 2
4502 2
4503 2
4504 1
4505 1
4509 3
1490 1
1491 6
1492 5
1493 6
1494 4
1495 5
5371 1
1496 4
1497 1
5373 1
1498 4
1499 9
5375 2
5377 1
5378 1
1950 4
1951 3
1952 4
1953 3
1954 8
1955 11
4051 1
1956 4
1957 3
1958 3
1959 4
4054 1
4055 1
5835 1
4056 1
4057 1
4058 1
5838 1
580 619
581 616
582 619
583 543
584 629
585 599
586 633
587 621
588 580
589 596
4510 1
4511 1
4512 1
4513 2
4515 1
4516 1
4517 1
4518 1
8402 1
8403 1
5382 1
5384 1
5385 1
5387 1
5388 2
1960 3
1962 2
1963 4
1964 6
4060 1
5840 2
1965 2
1966 7
5841 1
1967 3
4062 1
4063 1
1968 4
1969 6
4066 1
4067 3
5847 2
4068 1
590 555
591 601
592 570
593 517
594 576
595 588
596 566
597 590
598 593
599 501
4520 3
4522 2
4523 1
4526 4
4527 2
5391 1
5392 1
8416 1
5393 2
5398 1
5399 2
3201 1
3203 1
3206 1
3209 3
1970 4
1971 4
1972 2
1973 3
1974 6
1975 6
4071 1
1976 6
1977 6
1978 6
4074 1
1979 2
4075 1
4077 1
4078 1
4530 2
4532 3
4534 3
4535 2
4536 1
4537 2
4538 1
4539 3
8421 1
8426 1
3213 1
3214 2
3215 1
3216 1
1980 5
1981 6
1982 6
1983 3
1984 6
1985 4
1986 8
1987 5
4083 1
5863 1
1988 4
5864 1
1989 4
4085 1
4086 1
4087 1
4088 1
4089 1
5869 1
4540 1
4545 1
4547 1
8432 2
3220 1
3221 1
3224 2
3225 1
3226 3
3229 1
1990 7
1991 4
1992 1
1993 3
1994 7
1995 5
1996 4
5871 1
4091 1
5872 1
4092 1
1997 5
4093 2
1998 1
5874 2
1999 4
4095 1
5876 1
4551 1
4553 3
4554 1
4555 1
4556 2
4557 2
4559 1
8449 1
3231 1
3232 1
3235 2
3238 2
4560 2
4562 2
4563 1
4564 3
4565 1
4566 1
4567 1
4568 1
8450 1
8451 2
8455 1
8456 1
8457 1
3240 3
3241 1
3242 1
3243 1
3245 2
3246 1
3247 1
3249 1
7135 1
5893 1
5896 1
5897 1
3700 1
3701 3
3702 1
3704 1
3705 1
3706 2
3707 2
3708 1
3709 2
4570 2
4572 2
4574 1
4575 2
4576 1
4578 2
8461 1
8462 2
8465 1
8467 2
8468 1
8469 2
3250 1
3254 2
3256 1
3258 1
3259 1
3710 1
3712 1
3713 2
3714 1
3716 1
3717 2
3719 2
4581 2
4582 2
4583 1
4584 2
4585 2
7609 1
4587 1
8470 1
8471 3
8472 1
8474 1
8476 2
8477 2
8478 1
8479 2
3260 2
3261 2
3262 1
3264 2
3265 1
3266 3
3268 1
3269 2
7158 1
3720 2
3721 2
3722 4
3723 2
3724 2
3725 1
3726 1
3727 2
3728 2
4591 1
4592 1
4593 3
4594 1
4595 1
4596 2
4597 1
4598 1
8480 3
2400 1
8481 3
8482 1
8483 4
8484 1
2403 2
8485 1
8486 1
2406 2
8487 2
2407 1
8488 1
2408 2
8489 1
2409 4
3273 1
3277 1
3279 1
7160 1
3730 1
3731 2
3732 2
3733 2
3734 2
3736 1
3737 1
3738 1
3739 3
-13 1
-19 1
7627 1
8490 5
2410 1
8491 3
2411 2
8492 4
8493 6
2412 2
2413 2
8494 5
8495 2
2414 2
8496 4
2415 1
8497 4
2416 3
2417 1
8498 7
8499 5
2418 2
3282 1
3284 2
3285 1
3287 1
3740 1
3741 2
3743 1
3744 1
3745 1
3746 1
3747 1
3748 2
7634 1
2420 2
2421 1
2422 2
2423 4
2424 3
2425 5
2426 2
2427 3
2429 3
3290 1
3293 1
3295 1
7180 1
1100 42
1101 44
1102 37
1103 40
1104 26
1105 48
1106 31
1107 26
1108 38
1109 38
3750 1
3752 2
3753 1
3754 3
3755 1
3756 1
3758 1
3759 1
7642 1
2430 1
2431 2
2432 1
2433 1
2436 1
2438 1
6314 1
2439 2
1110 28
1111 31
7193 1
1112 42
1113 48
1114 33
1115 30
1116 30
1117 31
1118 43
1119 35
3760 3
3761 1
3762 2
3763 4
3764 2
3765 2
3766 1
3767 1
3768 1
3769 1
7659 1
2440 2
2441 1
2442 3
2443 3
2444 1
2447 1
200 3457
2448 2
201 3401
2449 2
202 3251
203 3275
204 3290
205 3349
206 3279
207 3266
208 3205
209 3140
2900 1
1120 36
2901 2
1121 48
1122 32
2903 2
1123 41
2904 1
1124 34
1125 25
2906 2
5001 1
1126 29
5002 1
1127 36
2908 2
1128 36
5004 2
1129 42
3771 1
3773 3
3775 1
3776 1
-50 1
3778 1
3779 2
7661 1
7668 1
2450 3
2451 1
2452 3
2453 2
2455 3
2456 1
2457 1
210 3266
2458 1
211 3245
2459 1
212 3201
213 3246
214 3145
6337 1
215 3141
216 3075
6339 1
217 3093
218 3066
219 3201
2910 1
1130 31
2911 1
1131 32
2912 1
1132 42
2913 2
1133 38
1134 40
5010 1
2915 2
1135 31
2916 3
5011 1
1136 33
5012 3
1137 44
5013 1
1138 43
2919 2
1139 36
5016 2
3780 1
3782 1
3783 2
3784 1
3785 3
3786 2
3788 2
7675 1
2460 3
2461 2
2462 1
2463 1
2464 1
2465 2
2466 2
220 3068
2467 3
221 3052
222 3031
223 3037
224 2991
225 3034
226 2917
227 2985
228 2948
229 2878
1140 23
2920 1
1141 25
1142 25
2923 1
1143 20
1144 40
2924 1
2925 1
1145 44
5021 1
1146 36
2926 3
1147 44
2928 1
1148 27
2929 2
1149 38
5025 1
5026 3
5027 3
5029 2
3790 3
3792 1
3793 1
3795 1
3797 1
3798 1
3799 3
1600 5
1601 2
7683 1
1602 4
7684 1
1603 4
7685 1
1604 6
1605 8
1606 4
1607 1
1608 4
1609 2
2470 1
2471 2
2472 1
2473 3
2474 5
2475 1
2476 3
230 3008
2477 1
231 2901
2478 3
232 2821
233 2844
234 2826
235 2867
236 2844
237 2887
238 2814
239 2769
2930 2
1150 24
1151 36
2932 2
1152 38
2933 2
1153 24
2934 2
1154 34
2935 1
5030 1
1155 29
2936 2
5031 1
1156 32
2937 1
1157 33
2938 2
1158 28
5034 2
2939 1
1159 27
6816 1
5036 1
5037 1
5038 2
1610 3
1611 5
1612 6
1613 8
1614 4
1615 8
1616 8
1617 5
1618 6
1619 6
2481 3
2482 2
2483 2
2484 3
2486 2
2487 2
240 2816
2488 3
241 2752
2489 1
242 2719
243 2735
244 2779
245 2727
246 2658
247 2656
248 2725
249 2642
2940 1
1160 28
2941 3
1161 31
2942 2
1162 26
2943 1
1163 25
2944 1
1164 37
2945 2
1165 29
2946 3
5041 1
1166 21
2947 1
1167 29
700 302
2948 2
1168 29
701 306
5044 1
1169 25
702 346
703 276
704 268
5047 1
6827 1
705 300
6828 1
706 287
707 290
708 288
709 257
1620 3
1621 8
1622 4
1623 3
1624 4
1625 4
1626 6
5502 1
1627 6
1628 2
1629 4
2491 1
2492 2
2493 1
2494 1
2496 1
2497 1
250 2754
2498 4
251 2534
2499 1
252 2664
253 2637
254 2575
255 2575
256 2585
257 2520
258 2549
259 2493
1170 46
2951 1
1171 24
2952 2
1172 33
2953 3
1173 24
2954 1
1174 25
5050 1
2955 1
1175 28
2956 2
1176 13
1177 33
710 264
1178 28
711 271
2959 1
5054 2
1179 24
712 289
713 267
5056 2
714 299
715 315
716 263
717 245
718 289
719 273
1630 3
1631 5
1632 2
1633 6
1634 8
5510 1
1635 4
1636 2
1637 4
5513 1
1638 5
5514 2
1639 4
260 2567
261 2432
262 2441
263 2389
264 2557
265 2371
266 2356
267 2357
268 2332
269 2243
2960 1
1180 22
2961 1
1181 22
1182 31
2963 1
1183 28
1184 27
5060 1
2965 1
1185 26
5061 2
1186 38
2966 2
2967 1
1187 30
720 289
5063 2
1188 24
721 255
5064 2
1189 29
722 256
2969 3
5065 1
723 286
5066 3
724 251
5067 1
725 246
5068 2
726 251
5069 1
727 249
728 240
729 261
1640 5
1641 9
1642 5
1643 7
1644 6
1645 2
5520 1
1646 2
5521 3
1647 4
5522 1
5523 1
1648 5
1649 3
5525 1
5527 1
5529 1
270 2286
271 2449
272 2293
273 2324
274 2343
275 2249
276 2261
277 2260
278 2255
279 2245
4204 1
4206 3
4207 1
4208 2
2970 1
1190 34
2971 2
1191 30
2972 1
1192 26
2973 1
1193 30
2974 1
1194 28
2975 1
1195 20
2976 1
1196 25
6852 1
2977 1
730 261
1197 30
2978 2
731 223
1198 31
732 251
2979 2
5074 2
1199 38
5075 1
733 238
734 231
5076 2
5077 2
735 234
736 248
5078 2
5079 2
737 229
738 239
739 232
1650 5
1651 4
1652 9
1653 4
1654 5
5530 1
1655 4
5531 1
1656 5
1657 3
5533 1
1658 5
1659 5
5536 1
5539 1
280 2323
281 2200
282 2289
283 2224
284 2234
285 2211
286 2217
287 2162
288 2107
289 2132
4212 1
4213 2
4214 2
4215 2
4216 1
4217 5
4218 1
4219 2
2980 2
2981 2
2982 1
2983 1
2985 1
5081 1
2986 2
2987 2
740 232
5083 1
2988 1
741 221
5084 1
742 243
5085 1
743 219
5086 1
744 243
5087 2
745 216
5088 1
746 235
5089 1
747 222
748 197
749 230
1660 2
1661 4
1662 3
1663 3
1664 2
1665 6
1666 6
1667 5
1668 7
1669 1
5547 1
290 2054
291 2092
292 2167
293 2067
294 2091
295 2043
296 2123
297 2133
298 2053
299 2072
4220 2
4221 2
4223 1
4224 2
4225 1
4226 1
4227 3
2991 1
2992 3
2993 3
2994 5
2995 1
2996 3
5092 2
750 228
8116 1
5093 1
751 189
2999 1
5094 2
752 190
6875 1
753 202
5096 2
754 209
5097 1
755 197
5098 1
756 199
5099 3
757 215
758 197
759 189
1670 6
1671 2
1672 3
1673 9
1674 2
1675 6
1676 6
1677 5
5553 1
1678 5
1679 4
5556 2
5559 2
4231 1
4233 1
4234 1
4235 2
4236 1
4237 2
4239 1
760 196
761 219
762 211
763 175
764 189
6887 1
765 183
6888 1
766 208
767 192
768 200
769 201
1680 7
1681 3
1682 4
1683 6
1684 4
1685 6
1686 4
1687 5
1688 6
1689 1
5564 2
5569 2
4242 1
4243 2
4245 1
4248 4
4249 1
8130 1
770 188
6892 1
771 185
772 171
773 187
6896 1
774 190
775 156
776 176
777 173
778 190
779 163
4701 1
4703 1
4704 2
4705 1
4706 1
4708 2
4709 1
1690 3
1691 5
1692 2
1693 7
1694 6
5570 2
1695 5
1696 5
1697 3
1698 4
1699 3
5577 1
5578 1
5579 1
4250 1
4251 1
4252 1
4253 3
4254 1
4255 1
4256 1
4258 1
780 189
781 174
782 177
783 190
784 170
785 172
786 164
787 161
788 157
789 161
4710 1
4713 2
4714 1
4716 2
4717 1
4718 3
4719 1
5582 1
5586 1
5587 1
5589 1
4260 2
4261 1
4262 2
4263 2
4265 4
4266 1
4268 1
4269 1
790 173
791 156
792 136
793 181
8159 1
794 175
795 151
796 153
797 147
798 172
799 140
4720 3
4722 1
4725 1
4726 1
5593 1
5595 1
5596 2
5597 2
3400 3
3402 1
3403 1
3404 2
3405 1
3406 1
3407 1
3408 1
3409 1
4271 3
4273 1
4274 2
4278 2
4279 3
4730 1
4731 1
4732 2
4733 1
4734 1
4735 2
4736 2
4737 2
4738 1
3411 2
3412 1
3413 1
3414 1
3415 1
3416 3
3418 1
3419 2
4280 1
7304 1
4282 2
4284 1
4285 1
4288 2
4741 1
4742 2
4745 1
4746 1
4747 1
4748 1
3420 2
3421 1
3422 1
3424 3
3425 1
3426 2
3427 4
3428 2
3429 2
4290 3
4291 1
4293 1
4294 2
4295 3
4296 1
4299 1
8180 1
2100 2
2101 2
2102 7
2103 2
2104 5
2105 5
2106 2
2107 4
2108 5
2109 1
4750 2
4751 3
4754 1
4758 2
3430 4
3431 3
3432 3
3433 3
3434 1
3435 4
3436 1
3438 2
3439 1
2110 3
2112 1
2113 2
2114 3
2115 1
2116 5
2117 2
2118 3
2119 1
4760 1
4761 1
4764 1
4766 1
3440 1
3441 2
3442 4
3443 6
3444 2
3448 2
3900 1
2120 4
2121 1
3901 1
2122 3
2123 2
3904 1
2124 4
3905 3
2125 4
2126 1
3906 1
2127 2
2128 6
4772 1
4773 1
4775 2
4778 1
3452 2
3453 1
3455 1
3456 3
3457 1
3458 1
3459 2
3910 1
2130 4
3911 1
2131 3
3912 1
2132 5
3913 1
2133 5
3914 1
2134 2
2135 2
3915 1
2136 3
3917 1
2137 4
2138 3
3919 3
2139 1
4783 1
4789 1
3460 1
3461 1
3462 2
3463 1
3464 3
3467 1
3468 2
3469 3
2140 5
2141 1
3921 3
2142 1
3922 1
3923 1
2144 5
3925 1
2145 2
2146 3
2147 3
2148 6
3928 3
2149 1
3929 2
4790 1
4791 1
4792 1
4794 1
4796 1
4797 4
4798 1
4799 2
2600 1
2601 2
2602 2
2603 2
2604 1
2605 1
2608 2
3470 2
3471 1
3473 1
3474 3
3475 3
3476 1
3477 1
3478 1
3479 1
2150 2
3931 3
2151 5
3932 1
2152 3
3933 1
2153 3
3934 2
2154 2
3935 1
2155 2
2156 1
2157 3
3938 3
2158 2
3939 1
2159 2
2610 1
2612 2
2613 1
2614 1
2616 1
2617 2
2618 2
2619 2
3480 2
3481 4
3483 1
3484 3
3485 1
3488 1
3489 2
2160 5
3941 2
2161 5
2162 6
2163 2
2164 5
6040 1
2165 4
3946 1
2166 2
2167 1
3947 2
3948 1
2168 6
2169 4
7836 1
