13.7	1.0
18.0	1.0
18.7	1.0
20.2	1.0
23.8	1.0
24.5	2.0
25.2	1.0
26.6	2.0
28.1	1.0
28.8	2.0
29.5	6.0
30.2	5.0
31.0	12.0
31.7	20.0
32.4	36.0
33.1	52.0
33.8	74.0
34.6	128.0
35.3	165.0
36.0	245.0
36.7	345.0
37.4	460.0
38.2	613.0
38.9	759.0
39.6	842.0
40.3	1001.0
41.0	1167.0
41.8	1343.0
42.5	1474.0
43.2	1503.0
43.9	1669.0
44.6	1737.0
45.4	1949.0
46.1	1851.0
46.8	1829.0
47.5	1965.0
48.2	2072.0
49.0	2072.0
49.7	2144.0
50.4	2111.0
51.1	2092.0
51.8	2049.0
52.6	1973.0
53.3	1990.0
54.0	2010.0
54.7	2008.0
55.4	1975.0
56.2	1985.0
56.9	1929.0
57.6	1985.0
58.3	1981.0
59.0	1998.0
59.8	2050.0
60.5	2033.0
61.2	1979.0
61.9	2099.0
62.6	2051.0
63.4	2116.0
64.1	2155.0
64.8	2188.0
65.5	2231.0
66.2	2347.0
67.0	2269.0
67.7	2315.0
68.4	2321.0
69.1	2468.0
69.8	2472.0
70.6	2469.0
71.3	2570.0
72.0	2651.0
72.7	2674.0
73.4	2588.0
74.2	2617.0
74.9	2724.0
75.6	2807.0
76.3	2733.0
77.0	2936.0
77.8	2934.0
78.5	2965.0
79.2	2881.0
79.9	3060.0
80.6	3060.0
81.4	3064.0
82.1	3124.0
82.8	3005.0
83.5	3083.0
84.2	3233.0
85.0	3256.0
85.7	3189.0
86.4	3173.0
87.1	3269.0
87.8	3239.0
88.6	3411.0
89.3	3211.0
90.0	3351.0
90.7	3287.0
91.4	3402.0
92.2	3337.0
92.9	3402.0
93.6	3370.0
94.3	3398.0
95.0	3307.0
95.8	3442.0
96.5	3408.0
97.2	3349.0
97.9	3462.0
98.6	3333.0
99.4	3484.0
100.1	3488.0
100.8	3362.0
101.5	3415.0
102.2	3419.0
103.0	3517.0
103.7	3447.0
104.4	3439.0
105.1	3516.0
105.8	3422.0
106.6	3370.0
107.3	3393.0
108.0	3489.0
108.7	3316.0
109.4	3412.0
110.2	3424.0
110.9	3360.0
111.6	3315.0
112.3	3379.0
113.0	3369.0
113.8	3364.0
114.5	3446.0
115.2	3449.0
115.9	3307.0
116.6	3339.0
117.4	3442.0
118.1	3413.0
118.8	3310.0
119.5	3347.0
120.2	3327.0
121.0	3233.0
121.7	3271.0
122.4	3195.0
123.1	3294.0
123.8	3212.0
124.6	3266.0
125.3	3219.0
126.0	3257.0
126.7	3203.0
127.4	3280.0
128.2	3143.0
128.9	3159.0
129.6	3175.0
130.3	3140.0
131.0	3133.0
131.8	3136.0
132.5	3071.0
133.2	3140.0
133.9	3140.0
134.6	3135.0
135.4	3028.0
136.1	3145.0
136.8	3052.0
137.5	2979.0
138.2	3073.0
139.0	3055.0
139.7	2992.0
140.4	2945.0
141.1	2997.0
141.8	2964.0
142.6	3001.0
143.3	3024.0
144.0	2977.0
144.7	2913.0
145.4	2849.0
146.2	2967.0
146.9	2936.0
147.6	2959.0
148.3	2910.0
149.0	2843.0
149.8	2850.0
150.5	2881.0
151.2	2877.0
151.9	2763.0
152.6	2873.0
153.4	2858.0
154.1	2777.0
154.8	2741.0
155.5	2724.0
156.2	2779.0
157.0	2805.0
157.7	2813.0
158.4	2814.0
159.1	2678.0
159.8	2744.0
160.6	2701.0
161.3	2732.0
162.0	2742.0
162.7	2877.0
163.4	2646.0
164.2	2746.0
164.9	2700.0
165.6	2640.0
166.3	2682.0
167.0	2604.0
167.8	2640.0
168.5	2663.0
169.2	2692.0
169.9	2655.0
170.6	2715.0
171.4	2599.0
172.1	2625.0
172.8	2594.0
173.5	2575.0
174.2	2561.0
175.0	2579.0
175.7	2620.0
176.4	2677.0
177.1	2638.0
177.8	2606.0
178.6	2614.0
179.3	2550.0
180.0	2613.0
180.7	2578.0
181.4	2571.0
182.2	2553.0
182.9	2633.0
183.6	2505.0
184.3	2544.0
185.0	2614.0
185.8	2638.0
186.5	2594.0
187.2	2581.0
187.9	2545.0
188.6	2479.0
189.4	2433.0
190.1	2657.0
190.8	2517.0
191.5	2531.0
192.2	2505.0
193.0	2591.0
193.7	2566.0
194.4	2485.0
195.1	2539.0
195.8	2549.0
196.6	2508.0
197.3	2540.0
198.0	2521.0
198.7	2612.0
199.4	2534.0
200.2	2513.0
200.9	2478.0
201.6	2585.0
202.3	2480.0
203.0	2511.0
203.8	2542.0
204.5	2541.0
205.2	2600.0
205.9	2604.0
206.6	2602.0
207.4	2577.0
208.1	2567.0
208.8	2637.0
209.5	2584.0
210.2	2626.0
211.0	2551.0
211.7	2637.0
212.4	2662.0
213.1	2621.0
213.8	2489.0
214.6	2660.0
215.3	2537.0
216.0	2563.0
216.7	2542.0
217.4	2589.0
218.2	2525.0
218.9	2557.0
219.6	2607.0
220.3	2573.0
221.0	2502.0
221.8	2584.0
222.5	2499.0
223.2	2673.0
223.9	2632.0
224.6	2592.0
225.4	2595.0
226.1	2600.0
226.8	2553.0
227.5	2599.0
228.2	2525.0
229.0	2585.0
229.7	2536.0
230.4	2519.0
231.1	2515.0
231.8	2669.0
232.6	2623.0
233.3	2663.0
234.0	2630.0
234.7	2678.0
235.4	2606.0
236.2	2682.0
236.9	2651.0
237.6	2635.0
238.3	2552.0
239.0	2731.0
239.8	2602.0
240.5	2486.0
241.2	2677.0
241.9	2694.0
242.6	2616.0
243.4	2692.0
244.1	2664.0
244.8	2587.0
245.5	2633.0
246.2	2722.0
247.0	2647.0
247.7	2791.0
248.4	2640.0
249.1	2567.0
249.8	2633.0
250.6	2618.0
251.3	2651.0
252.0	2551.0
252.7	2613.0
253.4	2554.0
254.2	2608.0
254.9	2599.0
255.6	2600.0
256.3	2628.0
257.0	2537.0
257.8	2561.0
258.5	2572.0
259.2	2578.0
259.9	2579.0
260.6	2586.0
261.4	2527.0
262.1	2599.0
262.8	2573.0
263.5	2586.0
264.2	2575.0
265.0	2596.0
265.7	2466.0
266.4	2507.0
267.1	2555.0
267.8	2502.0
268.6	2500.0
269.3	2475.0
270.0	2586.0
270.7	2584.0
271.4	2550.0
272.2	2477.0
272.9	2489.0
273.6	2544.0
274.3	2582.0
275.0	2574.0
275.8	2449.0
276.5	2532.0
277.2	2409.0
277.9	2416.0
278.6	2433.0
279.4	2476.0
280.1	2496.0
280.8	2440.0
281.5	2341.0
282.2	2421.0
283.0	2396.0
283.7	2370.0
284.4	2482.0
285.1	2429.0
285.8	2385.0
286.6	2359.0
287.3	2305.0
288.0	2336.0
288.7	2325.0
289.4	2414.0
290.2	2382.0
290.9	2308.0
291.6	2347.0
292.3	2296.0
293.0	2286.0
293.8	2267.0
294.5	2218.0
295.2	2342.0
295.9	2271.0
296.6	2300.0
297.4	2228.0
298.1	2252.0
298.8	2164.0
299.5	2128.0
300.2	2202.0
301.0	2164.0
301.7	2179.0
302.4	2188.0
303.1	2058.0
303.8	2173.0
304.6	2083.0
305.3	2087.0
306.0	2105.0
306.7	2070.0
307.4	2108.0
308.2	2156.0
308.9	2071.0
309.6	2036.0
310.3	2027.0
311.0	2019.0
311.8	2038.0
312.5	2039.0
313.2	2019.0
313.9	1993.0
314.6	2007.0
315.4	1946.0
316.1	1953.0
316.8	1944.0
317.5	2027.0
318.2	1931.0
319.0	1952.0
319.7	1925.0
320.4	1851.0
321.1	1915.0
321.8	1878.0
322.6	1815.0
323.3	1845.0
324.0	1779.0
324.7	1831.0
325.4	1811.0
326.2	1728.0
326.9	1803.0
327.6	1714.0
328.3	1726.0
329.0	1675.0
329.8	1766.0
330.5	1725.0
331.2	1678.0
331.9	1651.0
332.6	1692.0
333.4	1693.0
334.1	1646.0
334.8	1710.0
335.5	1604.0
336.2	1547.0
337.0	1617.0
337.7	1569.0
338.4	1571.0
339.1	1575.0
339.8	1608.0
340.6	1490.0
341.3	1572.0
342.0	1538.0
342.7	1473.0
343.4	1530.0
344.2	1515.0
344.9	1445.0
345.6	1473.0
346.3	1435.0
347.0	1455.0
347.8	1468.0
348.5	1451.0
349.2	1440.0
349.9	1380.0
350.6	1331.0
351.4	1373.0
352.1	1338.0
352.8	1359.0
353.5	1373.0
354.2	1331.0
355.0	1344.0
355.7	1312.0
356.4	1350.0
357.1	1285.0
357.8	1213.0
358.6	1249.0
359.3	1235.0
360.0	1254.0
360.7	1288.0
361.4	1238.0
362.2	1220.0
362.9	1142.0
363.6	1146.0
364.3	1224.0
365.0	1187.0
365.8	1164.0
366.5	1184.0
367.2	1229.0
367.9	1137.0
368.6	1038.0
369.4	1087.0
370.1	1092.0
370.8	1128.0
371.5	1100.0
372.2	1090.0
373.0	1076.0
373.7	1069.0
374.4	1052.0
375.1	991.0
375.8	961.0
376.6	1053.0
377.3	996.0
378.0	1010.0
378.7	1026.0
379.4	936.0
380.2	933.0
380.9	975.0
381.6	932.0
382.3	1008.0
383.0	974.0
383.8	900.0
384.5	904.0
385.2	856.0
385.9	848.0
386.6	924.0
387.4	856.0
388.1	876.0
388.8	905.0
389.5	859.0
390.2	827.0
391.0	869.0
391.7	909.0
392.4	830.0
393.1	813.0
393.8	800.0
394.6	834.0
395.3	816.0
396.0	813.0
396.7	800.0
397.4	767.0
398.2	743.0
398.9	711.0
399.6	750.0
400.3	748.0
401.0	760.0
401.8	739.0
402.5	708.0
403.2	697.0
403.9	720.0
404.6	730.0
405.4	678.0
406.1	749.0
406.8	669.0
407.5	668.0
408.2	666.0
409.0	685.0
409.7	694.0
410.4	668.0
411.1	628.0
411.8	640.0
412.6	646.0
413.3	634.0
414.0	615.0
414.7	641.0
415.4	646.0
416.2	619.0
416.9	561.0
417.6	648.0
418.3	638.0
419.0	624.0
419.8	604.0
420.5	610.0
421.2	574.0
421.9	559.0
422.6	589.0
423.4	557.0
424.1	554.0
424.8	579.0
425.5	561.0
426.2	601.0
427.0	558.0
427.7	493.0
428.4	549.0
429.1	545.0
429.8	517.0
430.6	493.0
431.3	511.0
432.0	510.0
432.7	488.0
433.4	467.0
434.2	481.0
434.9	468.0
435.6	493.0
436.3	505.0
437.0	477.0
437.8	447.0
438.5	488.0
439.2	470.0
439.9	493.0
440.6	498.0
441.4	447.0
442.1	477.0
442.8	484.0
443.5	478.0
444.2	414.0
445.0	450.0
445.7	467.0
446.4	461.0
447.1	422.0
447.8	446.0
448.6	439.0
449.3	472.0
450.0	412.0
450.7	402.0
451.4	402.0
452.2	429.0
452.9	401.0
453.6	431.0
454.3	398.0
455.0	411.0
455.8	393.0
456.5	384.0
457.2	407.0
457.9	392.0
458.6	402.0
459.4	388.0
460.1	369.0
460.8	356.0
461.5	376.0
462.2	372.0
463.0	368.0
463.7	393.0
464.4	360.0
465.1	342.0
465.8	305.0
466.6	346.0
467.3	364.0
468.0	350.0
468.7	326.0
469.4	364.0
470.2	334.0
470.9	348.0
471.6	351.0
472.3	334.0
473.0	322.0
473.8	325.0
474.5	312.0
475.2	322.0
475.9	314.0
476.6	333.0
477.4	296.0
478.1	297.0
478.8	299.0
479.5	303.0
480.2	297.0
481.0	299.0
481.7	289.0
482.4	272.0
483.1	278.0
483.8	295.0
484.6	248.0
485.3	305.0
486.0	277.0
486.7	270.0
487.4	281.0
488.2	244.0
488.9	243.0
489.6	267.0
490.3	260.0
491.0	261.0
491.8	277.0
492.5	241.0
493.2	281.0
493.9	252.0
494.6	272.0
495.4	240.0
496.1	257.0
496.8	259.0
497.5	225.0
498.2	228.0
499.0	197.0
499.7	236.0
500.4	232.0
501.1	216.0
501.8	205.0
502.6	226.0
503.3	242.0
504.0	249.0
504.7	254.0
505.4	202.0
506.2	221.0
506.9	214.0
507.6	225.0
508.3	209.0
509.0	210.0
509.8	250.0
510.5	215.0
511.2	215.0
511.9	228.0
512.6	205.0
513.4	179.0
514.1	221.0
514.8	213.0
515.5	225.0
516.2	220.0
517.0	185.0
517.7	219.0
518.4	207.0
519.1	179.0
519.8	176.0
520.6	197.0
521.3	164.0
522.0	200.0
522.7	187.0
523.4	186.0
524.2	176.0
524.9	179.0
525.6	162.0
526.3	182.0
527.0	165.0
527.8	198.0
528.5	147.0
529.2	184.0
529.9	144.0
530.6	166.0
531.4	180.0
532.1	212.0
532.8	192.0
533.5	166.0
534.2	154.0
535.0	173.0
535.7	168.0
536.4	168.0
537.1	152.0
537.8	158.0
538.6	155.0
539.3	162.0
540.0	156.0
540.7	141.0
541.4	166.0
542.2	168.0
542.9	131.0
543.6	144.0
544.3	156.0
545.0	140.0
545.8	134.0
546.5	141.0
547.2	146.0
547.9	149.0
548.6	141.0
549.4	144.0
550.1	137.0
550.8	132.0
551.5	127.0
552.2	132.0
553.0	138.0
553.7	124.0
554.4	152.0
555.1	131.0
555.8	137.0
556.6	137.0
557.3	122.0
558.0	114.0
558.7	121.0
559.4	119.0
560.2	132.0
560.9	137.0
561.6	119.0
562.3	121.0
563.0	131.0
563.8	120.0
564.5	130.0
565.2	117.0
565.9	137.0
566.6	102.0
567.4	105.0
568.1	113.0
568.8	122.0
569.5	117.0
570.2	108.0
571.0	112.0
571.7	110.0
572.4	113.0
573.1	112.0
573.8	100.0
574.6	126.0
575.3	104.0
576.0	132.0
576.7	112.0
577.4	104.0
578.2	114.0
578.9	119.0
579.6	98.0
580.3	108.0
581.0	99.0
581.8	126.0
582.5	79.0
583.2	104.0
583.9	107.0
584.6	99.0
585.4	89.0
586.1	122.0
586.8	99.0
587.5	108.0
588.2	110.0
589.0	89.0
589.7	91.0
590.4	110.0
591.1	91.0
591.8	90.0
592.6	109.0
593.3	110.0
594.0	100.0
594.7	98.0
595.4	101.0
596.2	95.0
596.9	87.0
597.6	87.0
598.3	93.0
599.0	97.0
599.8	80.0
600.5	97.0
601.2	94.0
601.9	101.0
602.6	93.0
603.4	71.0
604.1	86.0
604.8	84.0
605.5	82.0
606.2	100.0
607.0	90.0
607.7	85.0
608.4	84.0
609.1	76.0
609.8	76.0
610.6	70.0
611.3	77.0
612.0	71.0
612.7	109.0
613.4	75.0
614.2	68.0
614.9	83.0
615.6	74.0
616.3	89.0
617.0	86.0
617.8	99.0
618.5	75.0
619.2	79.0
619.9	73.0
620.6	74.0
621.4	68.0
622.1	85.0
622.8	85.0
623.5	67.0
624.2	81.0
625.0	78.0
625.7	77.0
626.4	79.0
627.1	63.0
627.8	56.0
628.6	83.0
629.3	76.0
630.0	62.0
630.7	70.0
631.4	81.0
632.2	66.0
632.9	63.0
633.6	67.0
634.3	76.0
635.0	50.0
635.8	83.0
636.5	74.0
637.2	79.0
637.9	76.0
638.6	65.0
639.4	61.0
640.1	76.0
640.8	70.0
641.5	69.0
642.2	69.0
643.0	64.0
643.7	63.0
644.4	68.0
645.1	62.0
645.8	71.0
646.6	63.0
647.3	66.0
648.0	51.0
648.7	55.0
649.4	73.0
650.2	82.0
650.9	68.0
651.6	63.0
652.3	69.0
653.0	79.0
653.8	57.0
654.5	67.0
655.2	52.0
655.9	61.0
656.6	56.0
657.4	72.0
658.1	43.0
658.8	60.0
659.5	73.0
660.2	63.0
661.0	61.0
661.7	38.0
662.4	69.0
663.1	58.0
663.8	58.0
664.6	61.0
665.3	58.0
666.0	57.0
666.7	62.0
667.4	70.0
668.2	56.0
668.9	58.0
669.6	56.0
670.3	52.0
671.0	47.0
671.8	65.0
672.5	67.0
673.2	64.0
673.9	62.0
674.6	49.0
675.4	59.0
676.1	59.0
676.8	70.0
677.5	48.0
678.2	63.0
679.0	53.0
679.7	60.0
680.4	48.0
681.1	58.0
681.8	55.0
682.6	56.0
683.3	49.0
684.0	54.0
684.7	35.0
685.4	70.0
686.2	38.0
686.9	53.0
687.6	58.0
688.3	55.0
689.0	44.0
689.8	61.0
690.5	58.0
691.2	66.0
691.9	48.0
692.6	66.0
693.4	56.0
694.1	58.0
694.8	52.0
695.5	49.0
696.2	51.0
697.0	46.0
697.7	44.0
698.4	38.0
699.1	50.0
699.8	51.0
700.6	54.0
701.3	54.0
702.0	52.0
702.7	32.0
703.4	47.0
704.2	51.0
704.9	53.0
705.6	52.0
706.3	61.0
707.0	54.0
707.8	48.0
708.5	49.0
709.2	44.0
709.9	41.0
710.6	39.0
711.4	50.0
712.1	37.0
712.8	50.0
713.5	41.0
714.2	49.0
715.0	43.0
715.7	44.0
716.4	47.0
717.1	44.0
717.8	42.0
718.6	43.0
719.3	39.0
720.0	41.0
720.7	34.0
721.4	41.0
722.2	41.0
722.9	54.0
723.6	35.0
724.3	47.0
725.0	47.0
725.8	35.0
726.5	45.0
727.2	36.0
727.9	38.0
728.6	41.0
729.4	34.0
730.1	37.0
730.8	48.0
731.5	32.0
732.2	40.0
733.0	47.0
733.7	44.0
734.4	38.0
735.1	37.0
735.8	41.0
736.6	39.0
737.3	33.0
738.0	39.0
738.7	52.0
739.4	39.0
740.2	42.0
740.9	31.0
741.6	32.0
742.3	41.0
743.0	32.0
743.8	30.0
744.5	28.0
745.2	34.0
745.9	35.0
746.6	41.0
747.4	28.0
748.1	34.0
748.8	47.0
749.5	40.0
750.2	42.0
751.0	40.0
751.7	46.0
752.4	32.0
753.1	40.0
753.8	39.0
754.6	45.0
755.3	35.0
756.0	27.0
756.7	38.0
757.4	31.0
758.2	29.0
758.9	36.0
759.6	31.0
760.3	31.0
761.0	34.0
761.8	34.0
762.5	39.0
763.2	35.0
763.9	32.0
764.6	33.0
765.4	38.0
766.1	26.0
766.8	21.0
767.5	31.0
768.2	31.0
769.0	23.0
769.7	27.0
770.4	31.0
771.1	33.0
771.8	31.0
772.6	34.0
773.3	28.0
774.0	25.0
774.7	26.0
775.4	30.0
776.2	21.0
776.9	38.0
777.6	34.0
778.3	38.0
779.0	33.0
779.8	33.0
780.5	31.0
781.2	25.0
781.9	22.0
782.6	28.0
783.4	27.0
784.1	31.0
784.8	39.0
785.5	26.0
786.2	25.0
787.0	31.0
787.7	24.0
788.4	20.0
789.1	25.0
789.8	26.0
790.6	21.0
791.3	24.0
792.0	33.0
792.7	26.0
793.4	21.0
794.2	26.0
794.9	19.0
795.6	28.0
796.3	28.0
797.0	30.0
797.8	32.0
798.5	24.0
799.2	31.0
799.9	19.0
800.6	24.0
801.4	25.0
802.1	30.0
802.8	27.0
803.5	35.0
804.2	18.0
805.0	19.0
805.7	21.0
806.4	32.0
807.1	30.0
807.8	24.0
808.6	20.0
809.3	21.0
810.0	26.0
810.7	24.0
811.4	26.0
812.2	20.0
812.9	18.0
813.6	20.0
814.3	30.0
815.0	14.0
815.8	24.0
816.5	26.0
817.2	19.0
817.9	24.0
818.6	24.0
819.4	20.0
820.1	19.0
820.8	21.0
821.5	29.0
822.2	17.0
823.0	15.0
823.7	27.0
824.4	17.0
825.1	23.0
825.8	32.0
826.6	32.0
827.3	21.0
828.0	19.0
828.7	12.0
829.4	26.0
830.2	21.0
830.9	22.0
831.6	21.0
832.3	20.0
833.0	20.0
833.8	28.0
834.5	18.0
835.2	21.0
835.9	14.0
836.6	20.0
837.4	21.0
838.1	27.0
838.8	13.0
839.5	27.0
840.2	22.0
841.0	19.0
841.7	23.0
842.4	17.0
843.1	18.0
843.8	18.0
844.6	23.0
845.3	24.0
846.0	20.0
846.7	22.0
847.4	25.0
848.2	20.0
848.9	25.0
849.6	17.0
850.3	19.0
851.0	21.0
851.8	17.0
852.5	19.0
853.2	23.0
853.9	20.0
854.6	26.0
855.4	27.0
856.1	23.0
856.8	24.0
857.5	13.0
858.2	21.0
859.0	19.0
859.7	17.0
860.4	14.0
861.1	19.0
861.8	16.0
862.6	18.0
863.3	22.0
864.0	12.0
864.7	18.0
865.4	22.0
866.2	21.0
866.9	15.0
867.6	17.0
868.3	18.0
869.0	14.0
869.8	12.0
870.5	16.0
871.2	19.0
871.9	19.0
872.6	12.0
873.4	24.0
874.1	22.0
874.8	20.0
875.5	15.0
876.2	19.0
877.0	19.0
877.7	18.0
878.4	13.0
879.1	14.0
879.8	15.0
880.6	21.0
881.3	27.0
882.0	15.0
882.7	11.0
883.4	9.0
884.2	22.0
884.9	24.0
885.6	14.0
886.3	21.0
887.0	21.0
887.8	23.0
888.5	15.0
889.2	19.0
889.9	8.0
890.6	16.0
891.4	21.0
892.1	17.0
892.8	11.0
893.5	20.0
894.2	11.0
895.0	17.0
895.7	18.0
896.4	12.0
897.1	21.0
897.8	14.0
898.6	12.0
899.3	13.0
900.0	21.0
900.7	21.0
901.4	21.0
902.2	18.0
902.9	17.0
903.6	19.0
904.3	16.0
905.0	20.0
905.8	14.0
906.5	15.0
907.2	18.0
907.9	16.0
908.6	11.0
909.4	16.0
910.1	18.0
910.8	10.0
911.5	15.0
912.2	16.0
913.0	24.0
913.7	14.0
914.4	17.0
915.1	11.0
915.8	14.0
916.6	13.0
917.3	11.0
918.0	14.0
918.7	13.0
919.4	14.0
920.2	18.0
920.9	17.0
921.6	10.0
922.3	11.0
923.0	13.0
923.8	12.0
924.5	14.0
925.2	18.0
925.9	15.0
926.6	23.0
927.4	17.0
928.1	10.0
928.8	9.0
929.5	15.0
930.2	14.0
931.0	19.0
931.7	11.0
932.4	14.0
933.1	13.0
933.8	5.0
934.6	17.0
935.3	13.0
936.0	13.0
936.7	17.0
937.4	11.0
938.2	14.0
938.9	16.0
939.6	9.0
940.3	20.0
941.0	10.0
941.8	13.0
942.5	8.0
943.2	17.0
943.9	13.0
944.6	10.0
945.4	17.0
946.1	13.0
946.8	9.0
947.5	11.0
948.2	15.0
949.0	11.0
949.7	13.0
950.4	8.0
951.1	17.0
951.8	8.0
952.6	18.0
953.3	10.0
954.0	15.0
954.7	9.0
955.4	16.0
956.2	10.0
956.9	14.0
957.6	11.0
958.3	8.0
959.0	18.0
959.8	11.0
960.5	11.0
961.2	11.0
961.9	13.0
962.6	13.0
963.4	10.0
964.1	13.0
964.8	14.0
965.5	12.0
966.2	15.0
967.0	10.0
967.7	13.0
968.4	8.0
969.1	15.0
969.8	12.0
970.6	9.0
971.3	13.0
972.0	7.0
972.7	10.0
973.4	11.0
974.2	11.0
974.9	17.0
975.6	17.0
976.3	15.0
977.0	11.0
977.8	15.0
978.5	7.0
979.2	19.0
979.9	12.0
980.6	11.0
981.4	15.0
982.1	9.0
982.8	15.0
983.5	10.0
984.2	13.0
985.0	10.0
985.7	20.0
986.4	11.0
987.1	16.0
987.8	10.0
988.6	10.0
989.3	9.0
990.0	11.0
990.7	6.0
991.4	6.0
992.2	6.0
992.9	16.0
993.6	18.0
994.3	7.0
995.0	9.0
995.8	10.0
996.5	16.0
997.2	15.0
997.9	9.0
998.6	10.0
999.4	9.0
1000.1	12.0
1000.8	12.0
1001.5	13.0
1002.2	8.0
1003.0	13.0
1003.7	14.0
1004.4	8.0
1005.1	10.0
1005.8	13.0
1006.6	6.0
1007.3	7.0
1008.0	9.0
1008.7	13.0
1009.4	12.0
1010.2	12.0
1010.9	7.0
1011.6	5.0
1012.3	11.0
1013.0	11.0
1013.8	9.0
1014.5	12.0
1015.2	12.0
1015.9	14.0
1016.6	10.0
1017.4	13.0
1018.1	6.0
1018.8	19.0
1019.5	7.0
1020.2	8.0
1021.0	5.0
1021.7	12.0
1022.4	12.0
1023.1	8.0
1023.8	6.0
1024.6	8.0
1025.3	5.0
1026.0	8.0
1026.7	9.0
1027.4	6.0
1028.2	9.0
1028.9	6.0
1029.6	8.0
1030.3	11.0
1031.0	7.0
1031.8	8.0
1032.5	8.0
1033.2	3.0
1033.9	15.0
1034.6	4.0
1035.4	4.0
1036.1	10.0
1036.8	7.0
1037.5	16.0
1038.2	10.0
1039.0	10.0
1039.7	11.0
1040.4	11.0
1041.1	10.0
1041.8	5.0
1042.6	8.0
1043.3	7.0
1044.0	4.0
1044.7	7.0
1045.4	18.0
1046.2	16.0
1046.9	5.0
1047.6	11.0
1048.3	11.0
1049.0	14.0
1049.8	3.0
1050.5	7.0
1051.2	16.0
1051.9	11.0
1052.6	9.0
1053.4	6.0
1054.1	9.0
1054.8	7.0
1055.5	9.0
1056.2	12.0
1057.0	14.0
1057.7	8.0
1058.4	10.0
1059.1	9.0
1059.8	14.0
1060.6	9.0
1061.3	10.0
1062.0	8.0
1062.7	8.0
1063.4	6.0
1064.2	10.0
1064.9	10.0
1065.6	11.0
1066.3	9.0
1067.0	12.0
1067.8	4.0
1068.5	5.0
1069.2	11.0
1069.9	8.0
1070.6	9.0
1071.4	10.0
1072.1	8.0
1072.8	8.0
1073.5	10.0
1074.2	9.0
1075.0	11.0
1075.7	5.0
1076.4	7.0
1077.1	8.0
1077.8	7.0
1078.6	11.0
1079.3	7.0
1080.0	13.0
1080.7	10.0
1081.4	9.0
1082.2	11.0
1082.9	4.0
1083.6	12.0
1084.3	7.0
1085.0	9.0
1085.8	9.0
1086.5	8.0
1087.2	8.0
1087.9	10.0
1088.6	13.0
1089.4	9.0
1090.1	11.0
1090.8	6.0
1091.5	8.0
1092.2	7.0
1093.0	9.0
1093.7	9.0
1094.4	9.0
1095.1	7.0
1095.8	16.0
1096.6	8.0
1097.3	9.0
1098.0	3.0
1098.7	7.0
1099.4	8.0
1100.2	4.0
1100.9	3.0
1101.6	9.0
1102.3	9.0
1103.0	11.0
1103.8	7.0
1104.5	5.0
1105.2	14.0
1105.9	6.0
1106.6	6.0
1107.4	9.0
1108.1	3.0
1108.8	8.0
1109.5	5.0
1110.2	7.0
1111.0	7.0
1111.7	11.0
1112.4	10.0
1113.1	9.0
1113.8	3.0
1114.6	2.0
1115.3	7.0
1116.0	8.0
1116.7	5.0
1117.4	7.0
1118.2	6.0
1118.9	2.0
1119.6	6.0
1120.3	8.0
1121.0	4.0
1121.8	5.0
1122.5	5.0
1123.2	8.0
1123.9	4.0
1124.6	5.0
1125.4	3.0
1126.1	3.0
1126.8	5.0
1127.5	4.0
1128.2	6.0
1129.0	8.0
1129.7	3.0
1130.4	7.0
1131.1	7.0
1131.8	1.0
1132.6	5.0
1133.3	3.0
1134.0	6.0
1134.7	4.0
1135.4	5.0
1136.2	9.0
1136.9	8.0
1137.6	6.0
1138.3	8.0
1139.0	1.0
1139.8	3.0
1140.5	5.0
1141.2	5.0
1141.9	8.0
1142.6	10.0
1143.4	9.0
1144.1	2.0
1144.8	7.0
1145.5	3.0
1146.2	9.0
1147.0	4.0
1147.7	8.0
1148.4	4.0
1149.1	8.0
1149.8	2.0
1150.6	6.0
1151.3	8.0
1152.0	9.0
1152.7	4.0
1153.4	6.0
1154.2	7.0
1154.9	7.0
1155.6	3.0
1156.3	8.0
1157.0	4.0
1157.8	1.0
1158.5	3.0
1159.2	4.0
1159.9	2.0
1160.6	7.0
1161.4	4.0
1162.1	8.0
1162.8	7.0
1163.5	7.0
1164.2	6.0
1165.0	5.0
1165.7	5.0
1166.4	4.0
1167.1	7.0
1167.8	8.0
1168.6	5.0
1169.3	3.0
1170.0	6.0
1170.7	2.0
1171.4	8.0
1172.2	8.0
1172.9	3.0
1173.6	5.0
1174.3	10.0
1175.0	5.0
1175.8	3.0
1176.5	3.0
1177.2	7.0
1177.9	4.0
1178.6	6.0
1179.4	5.0
1180.1	6.0
1180.8	1.0
1181.5	7.0
1182.2	10.0
1183.0	9.0
1183.7	9.0
1184.4	7.0
1185.1	5.0
1185.8	7.0
1186.6	4.0
1187.3	7.0
1188.0	1.0
1188.7	6.0
1189.4	6.0
1190.2	4.0
1190.9	8.0
1191.6	6.0
1192.3	5.0
1193.0	4.0
1193.8	5.0
1194.5	8.0
1195.2	5.0
1195.9	6.0
1196.6	3.0
1197.4	3.0
1198.1	5.0
1198.8	5.0
1199.5	8.0
1200.2	5.0
1201.0	5.0
1201.7	4.0
1202.4	4.0
1203.1	8.0
1203.8	4.0
1204.6	4.0
1205.3	3.0
1206.0	3.0
1206.7	4.0
1207.4	9.0
1208.2	8.0
1208.9	3.0
1209.6	8.0
1210.3	3.0
1211.0	7.0
1211.8	1.0
1212.5	3.0
1213.2	3.0
1213.9	4.0
1214.6	11.0
1215.4	2.0
1216.1	3.0
1216.8	4.0
1217.5	2.0
1218.2	5.0
1219.0	6.0
1219.7	5.0
1220.4	4.0
1221.1	4.0
1221.8	5.0
1222.6	4.0
1224.0	5.0
1224.7	4.0
1225.4	2.0
1226.2	5.0
1226.9	8.0
1227.6	11.0
1228.3	5.0
1229.0	7.0
1229.8	3.0
1230.5	8.0
1231.2	4.0
1231.9	7.0
1232.6	2.0
1233.4	2.0
1234.1	5.0
1234.8	5.0
1235.5	4.0
1236.2	5.0
1237.0	3.0
1237.7	5.0
1238.4	4.0
1239.1	6.0
1239.8	4.0
1240.6	8.0
1241.3	5.0
1242.0	5.0
1242.7	9.0
1243.4	4.0
1244.2	4.0
1244.9	2.0
1245.6	1.0
1246.3	6.0
1247.0	4.0
1247.8	2.0
1248.5	5.0
1249.2	6.0
1249.9	7.0
1250.6	4.0
1251.4	4.0
1252.1	6.0
1252.8	2.0
1253.5	2.0
1254.2	4.0
1255.0	10.0
1255.7	5.0
1256.4	5.0
1257.1	9.0
1257.8	4.0
1258.6	5.0
1259.3	6.0
1260.0	8.0
1260.7	4.0
1261.4	6.0
1262.2	8.0
1262.9	3.0
1263.6	4.0
1264.3	2.0
1265.0	4.0
1265.8	4.0
1266.5	6.0
1267.2	5.0
1267.9	5.0
1268.6	6.0
1269.4	3.0
1270.1	3.0
1270.8	2.0
1271.5	5.0
1272.2	4.0
1273.0	6.0
1273.7	5.0
1274.4	5.0
1275.1	4.0
1275.8	3.0
1276.6	5.0
1277.3	4.0
1278.0	4.0
1278.7	4.0
1279.4	6.0
1280.2	3.0
1280.9	4.0
1281.6	3.0
1282.3	7.0
1283.0	2.0
1283.8	4.0
1284.5	5.0
1285.2	8.0
1285.9	7.0
1286.6	7.0
1287.4	5.0
1288.1	4.0
1288.8	5.0
1289.5	5.0
1290.2	3.0
1291.0	3.0
1291.7	8.0
1292.4	4.0
1293.1	5.0
1293.8	4.0
1294.6	5.0
1295.3	4.0
1296.0	6.0
1296.7	4.0
1297.4	5.0
1298.2	3.0
1298.9	5.0
1299.6	4.0
1300.3	5.0
1301.0	7.0
1301.8	5.0
1302.5	6.0
1303.2	4.0
1303.9	4.0
1304.6	6.0
1305.4	8.0
1306.1	4.0
1306.8	11.0
1307.5	11.0
1308.2	5.0
1309.0	5.0
1309.7	3.0
1310.4	6.0
1311.1	4.0
1311.8	4.0
1312.6	1.0
1313.3	5.0
1314.0	3.0
1314.7	5.0
1315.4	6.0
1316.2	5.0
1316.9	6.0
1317.6	5.0
1318.3	5.0
1319.0	3.0
1319.8	1.0
1320.5	7.0
1321.9	4.0
1322.6	4.0
1323.4	3.0
1324.1	1.0
1324.8	5.0
1325.5	3.0
1326.2	5.0
1327.0	5.0
1327.7	2.0
1328.4	4.0
1329.1	1.0
1329.8	4.0
1330.6	2.0
1331.3	4.0
1332.0	3.0
1332.7	4.0
1333.4	7.0
1334.2	9.0
1334.9	6.0
1335.6	3.0
1336.3	3.0
1337.0	5.0
1337.8	1.0
1338.5	5.0
1339.2	8.0
1339.9	3.0
1340.6	2.0
1341.4	6.0
1342.1	5.0
1342.8	9.0
1343.5	6.0
1344.2	5.0
1345.0	4.0
1345.7	7.0
1346.4	3.0
1347.1	5.0
1347.8	2.0
1348.6	2.0
1349.3	6.0
1350.0	1.0
1350.7	7.0
1351.4	3.0
1352.2	2.0
1352.9	6.0
1353.6	3.0
1354.3	4.0
1355.0	4.0
1355.8	7.0
1356.5	6.0
1357.2	5.0
1357.9	4.0
1358.6	4.0
1359.4	3.0
1360.1	3.0
1360.8	7.0
1361.5	5.0
1362.2	3.0
1363.0	1.0
1363.7	2.0
1364.4	4.0
1365.1	4.0
1365.8	3.0
1366.6	5.0
1367.3	2.0
1368.0	7.0
1368.7	2.0
1369.4	5.0
1370.2	4.0
1370.9	6.0
1371.6	2.0
1372.3	2.0
1373.0	4.0
1373.8	6.0
1374.5	6.0
1375.2	6.0
1375.9	1.0
1376.6	5.0
1377.4	2.0
1378.1	7.0
1378.8	3.0
1379.5	6.0
1380.2	4.0
1381.0	9.0
1381.7	2.0
1382.4	4.0
1383.1	4.0
1383.8	3.0
1384.6	4.0
1385.3	2.0
1386.0	2.0
1386.7	3.0
1387.4	4.0
1388.2	3.0
1388.9	3.0
1389.6	3.0
1390.3	7.0
1391.0	3.0
1391.8	1.0
1392.5	1.0
1393.2	5.0
1393.9	2.0
1394.6	6.0
1395.4	6.0
1396.1	6.0
1396.8	4.0
1397.5	5.0
1398.2	3.0
1399.0	5.0
1399.7	2.0
1400.4	1.0
1401.1	2.0
1401.8	3.0
1402.6	2.0
1403.3	5.0
1404.0	8.0
1404.7	5.0
1405.4	8.0
1406.2	1.0
1406.9	5.0
1407.6	4.0
1408.3	2.0
1409.0	3.0
1409.8	1.0
1410.5	5.0
1411.2	1.0
1411.9	2.0
1412.6	3.0
1413.4	5.0
1414.1	3.0
1414.8	4.0
1415.5	2.0
1416.2	2.0
1417.0	5.0
1417.7	3.0
1418.4	5.0
1419.1	6.0
1419.8	5.0
1420.6	3.0
1421.3	1.0
1422.0	1.0
1422.7	4.0
1423.4	7.0
1424.2	4.0
1424.9	3.0
1425.6	7.0
1426.3	1.0
1427.0	4.0
1427.8	4.0
1428.5	4.0
1429.2	5.0
1429.9	3.0
1430.6	5.0
1431.4	6.0
1432.1	3.0
1433.5	3.0
1434.2	2.0
1435.0	1.0
1435.7	3.0
1437.1	3.0
1437.8	4.0
1438.6	5.0
1439.3	3.0
1440.0	3.0
1440.7	4.0
1441.4	4.0
1442.2	2.0
1442.9	1.0
1443.6	3.0
1444.3	5.0
1446.5	1.0
1447.2	3.0
1447.9	3.0
1449.4	4.0
1450.1	2.0
1450.8	5.0
1451.5	6.0
1452.2	5.0
1453.0	2.0
1453.7	2.0
1454.4	6.0
1455.8	2.0
1456.6	2.0
1457.3	2.0
1458.0	4.0
1458.7	3.0
1459.4	3.0
1460.2	5.0
1461.6	1.0
1462.3	1.0
1463.0	3.0
1463.8	2.0
1464.5	3.0
1465.2	9.0
1465.9	3.0
1466.6	2.0
1467.4	2.0
1468.1	5.0
1468.8	2.0
1469.5	3.0
1470.2	3.0
1471.0	1.0
1471.7	2.0
1472.4	3.0
1473.1	2.0
1473.8	2.0
1474.6	1.0
1475.3	1.0
1476.0	3.0
1476.7	2.0
1477.4	2.0
1478.2	5.0
1478.9	3.0
1479.6	3.0
1480.3	4.0
1481.0	2.0
1481.8	3.0
1482.5	2.0
1483.2	3.0
1483.9	1.0
1484.6	3.0
1485.4	2.0
1486.1	3.0
1486.8	2.0
1487.5	4.0
1488.2	2.0
1489.0	1.0
1489.7	2.0
1490.4	6.0
1491.1	3.0
1491.8	5.0
1492.6	3.0
1493.3	3.0
1494.0	4.0
1494.7	3.0
1495.4	3.0
1496.2	1.0
1496.9	2.0
1497.6	1.0
1498.3	6.0
1499.0	1.0
1499.8	1.0
1501.2	1.0
1501.9	7.0
1502.6	2.0
1503.4	5.0
1504.1	2.0
1504.8	4.0
1505.5	1.0
1506.2	5.0
1507.0	3.0
1507.7	1.0
1508.4	2.0
1509.1	4.0
1509.8	1.0
1511.3	2.0
1512.0	1.0
1512.7	5.0
1513.4	2.0
1514.2	3.0
1514.9	2.0
1516.3	3.0
1517.0	2.0
1517.8	2.0
1518.5	1.0
1519.9	1.0
1520.6	4.0
1521.4	4.0
1522.1	2.0
1522.8	7.0
1524.2	3.0
1525.0	4.0
1525.7	3.0
1526.4	1.0
1527.1	3.0
1527.8	3.0
1528.6	4.0
1529.3	3.0
1530.0	5.0
1530.7	4.0
1531.4	2.0
1532.2	1.0
1532.9	2.0
1533.6	6.0
1534.3	1.0
1535.0	1.0
1535.8	2.0
1536.5	3.0
1537.2	2.0
1537.9	4.0
1538.6	5.0
1539.4	1.0
1540.1	1.0
1540.8	2.0
1541.5	2.0
1542.2	3.0
1543.0	1.0
1543.7	4.0
1544.4	6.0
1545.8	2.0
1546.6	6.0
1547.3	5.0
1548.0	3.0
1548.7	3.0
1549.4	1.0
1550.2	2.0
1550.9	3.0
1551.6	5.0
1552.3	5.0
1553.0	3.0
1553.8	4.0
1554.5	3.0
1555.2	4.0
1555.9	3.0
1556.6	2.0
1557.4	4.0
1558.1	2.0
1558.8	6.0
1559.5	7.0
1560.2	4.0
1561.0	3.0
1561.7	1.0
1562.4	2.0
1563.1	3.0
1563.8	4.0
1564.6	3.0
1565.3	4.0
1566.0	3.0
1566.7	5.0
1567.4	2.0
1568.2	6.0
1568.9	1.0
1569.6	4.0
1570.3	5.0
1571.0	3.0
1571.8	3.0
1572.5	4.0
1573.2	1.0
1573.9	2.0
1574.6	2.0
1575.4	3.0
1576.1	2.0
1576.8	4.0
1577.5	3.0
1578.2	7.0
1579.0	1.0
1579.7	6.0
1580.4	4.0
1581.1	5.0
1581.8	1.0
1582.6	2.0
1583.3	2.0
1584.0	2.0
1584.7	1.0
1585.4	1.0
1586.2	2.0
1586.9	3.0
1587.6	1.0
1588.3	3.0
1589.0	3.0
1589.8	3.0
1590.5	3.0
1591.2	1.0
1591.9	2.0
1592.6	3.0
1593.4	4.0
1594.1	2.0
1594.8	6.0
1595.5	1.0
1596.2	2.0
1597.0	4.0
1597.7	5.0
1598.4	2.0
1599.1	2.0
1599.8	2.0
1600.6	1.0
1602.0	6.0
1602.7	3.0
1603.4	4.0
1604.2	1.0
1604.9	2.0
1606.3	1.0
1607.0	2.0
1607.8	1.0
1608.5	3.0
1609.2	2.0
1610.6	4.0
1611.4	1.0
1612.8	3.0
1613.5	5.0
1614.2	4.0
1615.0	2.0
1615.7	2.0
1616.4	4.0
1617.1	2.0
1618.6	1.0
1620.0	3.0
1620.7	3.0
1621.4	3.0
1622.2	1.0
1622.9	3.0
1624.3	3.0
1625.0	2.0
1625.8	4.0
1626.5	1.0
1627.2	3.0
1627.9	1.0
1628.6	3.0
1629.4	5.0
1630.1	2.0
1630.8	2.0
1631.5	3.0
1632.2	2.0
1633.0	2.0
1634.4	2.0
1635.1	2.0
1635.8	2.0
1637.3	2.0
1638.0	1.0
1638.7	4.0
1639.4	3.0
1640.2	4.0
1642.3	3.0
1643.0	2.0
1643.8	2.0
1644.5	2.0
1645.9	1.0
1646.6	3.0
1647.4	3.0
1648.1	6.0
1649.5	3.0
1651.0	3.0
1651.7	2.0
1652.4	2.0
1653.1	1.0
1653.8	1.0
1654.6	1.0
1655.3	1.0
1656.0	1.0
1656.7	3.0
1657.4	3.0
1658.2	4.0
1658.9	3.0
1659.6	3.0
1660.3	1.0
1661.0	2.0
1661.8	2.0
1662.5	3.0
1663.2	6.0
1663.9	4.0
1665.4	1.0
1666.1	2.0
1668.2	5.0
1669.0	3.0
1669.7	2.0
1670.4	2.0
1671.1	2.0
1671.8	2.0
1672.6	2.0
1673.3	2.0
1674.0	2.0
1675.4	2.0
1676.2	1.0
1676.9	3.0
1677.6	3.0
1678.3	2.0
1679.0	1.0
1679.8	4.0
1680.5	3.0
1681.2	2.0
1681.9	3.0
1682.6	1.0
1683.4	2.0
1684.1	1.0
1685.5	3.0
1686.2	2.0
1687.7	5.0
1688.4	1.0
1689.1	1.0
1689.8	2.0
1690.6	2.0
1691.3	2.0
1692.0	3.0
1692.7	1.0
1693.4	2.0
1694.2	1.0
1694.9	4.0
1695.6	3.0
1697.0	1.0
1697.8	3.0
1698.5	2.0
1699.2	6.0
1699.9	1.0
1700.6	1.0
1701.4	4.0
1703.5	1.0
1704.2	1.0
1705.0	4.0
1705.7	2.0
1706.4	3.0
1707.1	5.0
1707.8	1.0
1708.6	4.0
1709.3	2.0
1710.0	4.0
1710.7	4.0
1711.4	5.0
1712.2	3.0
1712.9	3.0
1713.6	3.0
1714.3	3.0
1715.0	3.0
1716.5	2.0
1717.2	1.0
1719.4	2.0
1720.1	2.0
1720.8	2.0
1721.5	1.0
1722.2	1.0
1723.7	6.0
1724.4	2.0
1725.1	3.0
1725.8	1.0
1727.3	3.0
1728.0	2.0
1728.7	3.0
1729.4	3.0
1730.2	3.0
1730.9	3.0
1731.6	2.0
1733.0	4.0
1733.8	2.0
1734.5	2.0
1735.2	4.0
1735.9	2.0
1736.6	1.0
1737.4	2.0
1738.1	3.0
1738.8	1.0
1739.5	3.0
1740.2	2.0
1741.0	1.0
1741.7	1.0
1742.4	5.0
1743.1	2.0
1743.8	2.0
1744.6	3.0
1745.3	3.0
1746.0	3.0
1746.7	9.0
1748.2	1.0
1748.9	2.0
1749.6	2.0
1750.3	1.0
1751.0	1.0
1751.8	6.0
1752.5	2.0
1753.2	1.0
1753.9	2.0
1754.6	1.0
1755.4	1.0
1756.1	1.0
1756.8	2.0
1757.5	2.0
1758.2	1.0
1759.0	4.0
1759.7	1.0
1760.4	4.0
1761.1	2.0
1761.8	1.0
1762.6	1.0
1763.3	2.0
1764.0	1.0
1764.7	3.0
1766.2	1.0
1766.9	2.0
1768.3	1.0
1769.0	1.0
1770.5	2.0
1771.2	3.0
1771.9	4.0
1772.6	3.0
1773.4	4.0
1774.1	3.0
1774.8	1.0
1777.0	3.0
1777.7	2.0
1778.4	2.0
1779.1	4.0
1779.8	2.0
1780.6	1.0
1781.3	5.0
1782.0	2.0
1782.7	1.0
1783.4	1.0
1784.2	1.0
1784.9	2.0
1786.3	4.0
1787.0	1.0
1787.8	1.0
1788.5	2.0
1789.2	4.0
1789.9	1.0
1790.6	1.0
1791.4	1.0
1792.1	3.0
1792.8	2.0
1793.5	1.0
1795.0	2.0
1795.7	1.0
1797.1	2.0
1797.8	3.0
1798.6	1.0
1799.3	1.0
1800.0	2.0
1800.7	3.0
1801.4	1.0
1802.2	2.0
1802.9	3.0
1803.6	2.0
1804.3	1.0
1807.2	3.0
1807.9	2.0
1808.6	2.0
1809.4	1.0
1810.1	3.0
1810.8	1.0
1811.5	1.0
1812.2	1.0
1813.7	2.0
1814.4	1.0
1816.6	1.0
1818.7	1.0
1819.4	1.0
1820.2	3.0
1820.9	1.0
1821.6	1.0
1823.0	1.0
1823.8	1.0
1824.5	1.0
1825.2	1.0
1825.9	2.0
1828.1	5.0
1828.8	1.0
1830.2	1.0
1831.0	2.0
1831.7	2.0
1832.4	1.0
1833.1	2.0
1833.8	1.0
1834.6	2.0
1836.0	4.0
1836.7	2.0
1838.2	1.0
1838.9	1.0
1839.6	5.0
1840.3	1.0
1841.0	2.0
1841.8	1.0
1842.5	1.0
1843.2	2.0
1843.9	2.0
1844.6	2.0
1845.4	3.0
1846.1	1.0
1846.8	1.0
1847.5	1.0
1850.4	1.0
1851.8	1.0
1852.6	3.0
1854.0	6.0
1854.7	2.0
1855.4	1.0
1856.9	3.0
1859.8	2.0
1862.6	2.0
1864.8	1.0
1865.5	1.0
1866.2	3.0
1867.0	2.0
1867.7	2.0
1868.4	2.0
1869.1	1.0
1869.8	1.0
1871.3	2.0
1872.0	4.0
1872.7	3.0
1873.4	1.0
1874.9	2.0
1875.6	2.0
1876.3	1.0
1877.8	1.0
1879.2	2.0
1879.9	3.0
1880.6	2.0
1881.4	3.0
1882.1	1.0
1882.8	1.0
1883.5	3.0
1885.7	1.0
1886.4	3.0
1888.6	1.0
1890.0	1.0
1890.7	2.0
1892.2	3.0
1892.9	2.0
1893.6	3.0
1894.3	3.0
1895.0	2.0
1895.8	3.0
1896.5	2.0
1897.2	2.0
1897.9	2.0
1898.6	1.0
1900.1	1.0
1900.8	4.0
1901.5	3.0
1902.2	1.0
1903.0	1.0
1903.7	2.0
1904.4	3.0
1905.1	3.0
1905.8	1.0
1906.6	3.0
1907.3	1.0
1908.0	3.0
1908.7	3.0
1909.4	2.0
1910.2	5.0
1910.9	3.0
1911.6	2.0
1912.3	4.0
1913.0	1.0
1913.8	2.0
1914.5	1.0
1915.2	1.0
1915.9	2.0
1917.4	1.0
1918.1	2.0
1918.8	2.0
1919.5	2.0
1920.2	3.0
1921.0	2.0
1921.7	1.0
1922.4	1.0
1923.1	1.0
1923.8	1.0
1925.3	3.0
1926.0	4.0
1927.4	2.0
1928.2	1.0
1928.9	1.0
1929.6	2.0
1930.3	1.0
1931.0	2.0
1931.8	4.0
1932.5	4.0
1933.2	1.0
1933.9	1.0
1934.6	1.0
1935.4	3.0
1936.1	2.0
1936.8	3.0
1937.5	2.0
1938.2	2.0
1939.0	3.0
1939.7	1.0
1941.8	2.0
1942.6	4.0
1943.3	1.0
1944.0	3.0
1944.7	1.0
1945.4	2.0
1946.2	1.0
1946.9	1.0
1947.6	2.0
1948.3	2.0
1949.8	6.0
1950.5	1.0
1951.2	5.0
1951.9	2.0
1952.6	1.0
1953.4	3.0
1954.1	4.0
1954.8	2.0
1955.5	2.0
1957.0	1.0
1957.7	3.0
1958.4	1.0
1959.1	2.0
1960.6	3.0
1961.3	2.0
1962.0	1.0
1962.7	1.0
1963.4	2.0
1964.2	3.0
1964.9	2.0
1965.6	3.0
1966.3	3.0
1967.0	1.0
1967.8	3.0
1968.5	4.0
1969.2	1.0
1969.9	1.0
1970.6	2.0
1971.4	3.0
1972.1	5.0
1972.8	1.0
1973.5	1.0
1975.0	1.0
1975.7	2.0
1976.4	5.0
1977.1	1.0
1977.8	3.0
1978.6	4.0
1979.3	6.0
1980.0	1.0
1980.7	3.0
1981.4	5.0
1982.2	1.0
1983.6	3.0
1984.3	2.0
1985.0	3.0
1985.8	4.0
1986.5	1.0
1987.2	2.0
1988.6	3.0
1989.4	3.0
1990.1	3.0
1990.8	2.0
1991.5	3.0
1993.0	3.0
1993.7	5.0
1994.4	2.0
1995.1	3.0
1995.8	2.0
1996.6	2.0
1997.3	2.0
1998.0	1.0
1998.7	2.0
1999.4	1.0
2000.9	3.0
2001.6	5.0
2002.3	2.0
2003.0	3.0
2003.8	2.0
2004.5	2.0
2005.2	2.0
2005.9	5.0
2006.6	2.0
2007.4	1.0
2008.8	1.0
2009.5	3.0
2010.2	3.0
2011.0	2.0
2011.7	3.0
2012.4	1.0
2013.1	2.0
2013.8	2.0
2014.6	1.0
2015.3	2.0
2016.0	1.0
2016.7	3.0
2017.4	4.0
2018.2	4.0
2018.9	1.0
2019.6	2.0
2020.3	2.0
2021.0	3.0
2023.2	2.0
2023.9	1.0
2024.6	2.0
2025.4	1.0
2026.1	1.0
2026.8	3.0
2028.2	3.0
2029.0	1.0
2029.7	1.0
2031.1	2.0
2031.8	1.0
2032.6	1.0
2034.0	2.0
2035.4	2.0
2036.9	2.0
2037.6	1.0
2039.0	3.0
2039.8	1.0
2040.5	5.0
2041.2	2.0
2041.9	2.0
2042.6	1.0
2044.1	1.0
2044.8	2.0
2046.2	2.0
2047.0	1.0
2048.4	2.0
2049.1	1.0
2049.8	4.0
2050.6	2.0
2052.0	1.0
2052.7	2.0
2053.4	1.0
2054.2	2.0
2054.9	2.0
2057.0	4.0
2057.8	1.0
2058.5	1.0
2059.2	1.0
2059.9	1.0
2060.6	1.0
2061.4	4.0
2062.1	3.0
2062.8	1.0
2063.5	3.0
2064.2	2.0
2066.4	2.0
2067.1	2.0
2067.8	2.0
2068.6	3.0
2069.3	1.0
2070.0	2.0
2070.7	2.0
2071.4	1.0
2072.2	1.0
2072.9	3.0
2073.6	2.0
2074.3	1.0
2075.0	3.0
2075.8	3.0
2076.5	3.0
2077.2	2.0
2077.9	1.0
2078.6	1.0
2079.4	4.0
2080.1	3.0
2083.0	3.0
2083.7	3.0
2084.4	1.0
2085.1	2.0
2085.8	2.0
2086.6	2.0
2087.3	2.0
2088.0	1.0
2088.7	4.0
2089.4	1.0
2090.2	1.0
2091.6	1.0
2092.3	1.0
2093.8	1.0
2094.5	2.0
2095.2	3.0
2096.6	1.0
2097.4	1.0
2098.8	2.0
2099.5	3.0
2100.2	2.0
2101.0	1.0
2101.7	1.0
2102.4	3.0
2103.1	4.0
2103.8	2.0
2105.3	2.0
2106.0	2.0
2106.7	2.0
2107.4	1.0
2108.9	1.0
2109.6	2.0
2111.0	1.0
2111.8	3.0
2112.5	3.0
2113.2	2.0
2113.9	3.0
2115.4	2.0
2116.1	1.0
2116.8	1.0
2118.2	1.0
2119.0	1.0
2119.7	1.0
2120.4	6.0
2121.1	2.0
2121.8	1.0
2122.6	2.0
2123.3	1.0
2124.0	1.0
2124.7	2.0
2125.4	3.0
2126.2	1.0
2126.9	4.0
2128.3	3.0
2129.0	4.0
2130.5	2.0
2131.2	1.0
2131.9	2.0
2133.4	1.0
2134.1	1.0
2136.2	1.0
2137.0	1.0
2137.7	1.0
2138.4	1.0
2139.1	1.0
2139.8	1.0
2141.3	1.0
2142.0	3.0
2142.7	4.0
2144.2	3.0
2144.9	1.0
2145.6	1.0
2147.0	1.0
2148.5	2.0
2151.4	4.0
2152.8	1.0
2153.5	1.0
2154.2	2.0
2155.7	2.0
2157.1	1.0
2158.6	1.0
2159.3	2.0
2161.4	4.0
2162.2	1.0
2163.6	2.0
2164.3	2.0
2165.0	1.0
2165.8	4.0
2167.2	2.0
2167.9	1.0
2168.6	1.0
2169.4	2.0
2170.1	1.0
2170.8	2.0
2172.2	1.0
2173.0	1.0
2174.4	3.0
2175.1	2.0
2177.3	1.0
2178.7	3.0
2179.4	1.0
2180.2	1.0
2180.9	3.0
2182.3	2.0
2183.0	2.0
2183.8	2.0
2184.5	2.0
2185.9	1.0
2186.6	1.0
2187.4	1.0
2188.1	1.0
2188.8	1.0
2190.2	2.0
2192.4	1.0
2193.1	1.0
2195.3	2.0
2196.0	3.0
2196.7	3.0
2198.2	2.0
2198.9	2.0
2199.6	1.0
2200.3	2.0
2201.0	3.0
2204.6	3.0
2205.4	1.0
2206.1	1.0
2207.5	3.0
2208.2	1.0
2209.0	1.0
2209.7	1.0
2210.4	1.0
2211.1	2.0
2211.8	2.0
2214.0	2.0
2216.2	2.0
2217.6	1.0
2218.3	1.0
2219.8	2.0
2223.4	3.0
2226.2	1.0
2227.7	2.0
2228.4	1.0
2229.1	1.0
2231.3	1.0
2232.0	3.0
2234.2	1.0
2234.9	2.0
2237.0	3.0
2237.8	1.0
2239.2	1.0
2239.9	2.0
2240.6	1.0
2242.8	1.0
2245.0	1.0
2245.7	1.0
2246.4	4.0
2247.1	2.0
2247.8	1.0
2249.3	1.0
2251.4	2.0
2252.2	1.0
2254.3	3.0
2255.0	2.0
2260.8	2.0
2261.5	1.0
2263.7	1.0
2264.4	1.0
2265.1	1.0
2265.8	1.0
2266.6	2.0
2268.7	2.0
2270.9	1.0
2271.6	2.0
2272.3	1.0
2273.8	2.0
2274.5	2.0
2275.2	2.0
2276.6	3.0
2277.4	2.0
2278.1	4.0
2278.8	3.0
2279.5	1.0
2281.7	3.0
2282.4	3.0
2283.1	3.0
2283.8	3.0
2286.7	2.0
2287.4	3.0
2289.6	2.0
2290.3	1.0
2291.0	1.0
2291.8	1.0
2292.5	2.0
2293.2	1.0
2293.9	3.0
2294.6	1.0
2296.1	1.0
2296.8	3.0
2298.2	3.0
2299.0	1.0
2300.4	4.0
2301.1	1.0
2301.8	1.0
2302.6	2.0
2303.3	1.0
2304.7	1.0
2306.2	1.0
2306.9	3.0
2308.3	1.0
2309.0	1.0
2309.8	1.0
2311.2	1.0
2311.9	1.0
2312.6	3.0
2313.4	2.0
2314.1	1.0
2315.5	3.0
2316.2	1.0
2317.0	1.0
2318.4	2.0
2319.1	2.0
2319.8	2.0
2320.6	1.0
2321.3	3.0
2322.0	3.0
2322.7	1.0
2323.4	2.0
2324.9	2.0
2325.6	1.0
2327.8	6.0
2328.5	1.0
2329.2	1.0
2331.4	4.0
2332.1	4.0
2335.0	3.0
2335.7	2.0
2336.4	1.0
2337.1	1.0
2338.6	1.0
2339.3	4.0
2340.0	1.0
2341.4	1.0
2342.2	1.0
2342.9	1.0
2343.6	4.0
2345.0	1.0
2345.8	1.0
2346.5	3.0
2347.2	1.0
2347.9	3.0
2348.6	2.0
2349.4	1.0
2350.1	1.0
2351.5	3.0
2352.2	2.0
2353.0	2.0
2353.7	1.0
2354.4	1.0
2355.1	3.0
2355.8	1.0
2356.6	3.0
2357.3	3.0
2358.7	1.0
2359.4	2.0
2360.9	2.0
2362.3	1.0
2363.0	1.0
2363.8	1.0
2364.5	1.0
2365.9	2.0
2367.4	2.0
2368.1	3.0
2368.8	3.0
2370.2	2.0
2371.0	1.0
2371.7	3.0
2372.4	1.0
2373.8	1.0
2374.6	1.0
2375.3	3.0
2376.0	2.0
2376.7	1.0
2377.4	2.0
2378.2	2.0
2379.6	1.0
2380.3	2.0
2381.0	1.0
2381.8	1.0
2382.5	2.0
2383.2	1.0
2383.9	1.0
2384.6	2.0
2385.4	3.0
2386.8	2.0
2387.5	1.0
2388.2	1.0
2389.0	3.0
2391.8	6.0
2392.6	2.0
2393.3	1.0
2394.0	1.0
2394.7	1.0
2395.4	2.0
2396.9	1.0
2399.0	2.0
2400.5	2.0
2401.9	2.0
2402.6	2.0
2403.4	1.0
2404.1	3.0
2405.5	2.0
2406.2	1.0
2408.4	3.0
2409.1	2.0
2409.8	1.0
2410.6	3.0
2411.3	1.0
2412.0	1.0
2412.7	1.0
2413.4	2.0
2415.6	2.0
2416.3	3.0
2417.0	1.0
2417.8	1.0
2418.5	1.0
2419.2	1.0
2419.9	2.0
2420.6	2.0
2422.1	4.0
2422.8	1.0
2423.5	1.0
2425.0	1.0
2425.7	2.0
2427.1	2.0
2427.8	3.0
2429.3	1.0
2430.0	2.0
2431.4	1.0
2432.2	3.0
2432.9	1.0
2434.3	3.0
2435.0	5.0
2435.8	4.0
2436.5	1.0
2437.2	2.0
2440.1	2.0
2441.5	1.0
2444.4	2.0
2445.1	1.0
2446.6	1.0
2447.3	2.0
2448.0	2.0
2448.7	1.0
2449.4	2.0
2450.2	1.0
2450.9	1.0
2451.6	1.0
2453.0	2.0
2453.8	1.0
2454.5	3.0
2455.2	1.0
2455.9	2.0
2456.6	1.0
2457.4	1.0
2458.1	1.0
2459.5	1.0
2461.0	1.0
2462.4	2.0
2463.1	1.0
2463.8	1.0
2466.7	1.0
2467.4	1.0
2468.9	1.0
2469.6	1.0
2471.8	1.0
2473.2	3.0
2473.9	2.0
2474.6	1.0
2476.1	1.0
2476.8	3.0
2477.5	2.0
2478.2	1.0
2479.0	1.0
2480.4	1.0
2481.8	3.0
2482.6	1.0
2483.3	2.0
2484.0	3.0
2485.4	4.0
2487.6	1.0
2488.3	1.0
2489.8	2.0
2490.5	1.0
2491.2	3.0
2491.9	1.0
2492.6	1.0
2493.4	2.0
2494.1	1.0
2494.8	4.0
2496.2	2.0
2497.0	1.0
2497.7	1.0
2498.4	1.0
2499.1	1.0
2501.3	1.0
2502.0	1.0
2502.7	1.0
2503.4	1.0
2504.2	2.0
2504.9	2.0
2506.3	2.0
2507.0	3.0
2508.5	1.0
2509.2	3.0
2511.4	2.0
2512.1	2.0
2512.8	1.0
2514.2	2.0
2515.0	1.0
2515.7	1.0
2517.8	1.0
2519.3	1.0
2521.4	1.0
2522.2	2.0
2523.6	1.0
2524.3	1.0
2526.5	1.0
2527.2	2.0
2527.9	3.0
2528.6	1.0
2529.4	2.0
2533.0	1.0
2533.7	1.0
2536.6	1.0
2537.3	1.0
2538.0	1.0
2539.4	1.0
2540.2	2.0
2541.6	3.0
2542.3	3.0
2543.0	1.0
2543.8	1.0
2544.5	2.0
2545.9	1.0
2546.6	2.0
2547.4	1.0
2549.5	2.0
2551.0	1.0
2552.4	1.0
2553.1	3.0
2554.6	1.0
2555.3	2.0
2556.0	3.0
2556.7	4.0
2557.4	4.0
2558.2	1.0
2558.9	1.0
2559.6	1.0
2561.0	2.0
2562.5	1.0
2563.2	1.0
2563.9	1.0
2564.6	2.0
2565.4	1.0
2566.8	1.0
2568.2	1.0
2569.0	2.0
2569.7	2.0
2570.4	2.0
2571.1	2.0
2571.8	3.0
2572.6	2.0
2574.0	1.0
2574.7	1.0
2576.2	1.0
2578.3	1.0
2579.8	1.0
2581.2	3.0
2581.9	2.0
2584.1	1.0
2584.8	2.0
2587.7	1.0
2588.4	1.0
2589.1	1.0
2589.8	1.0
2593.4	1.0
2596.3	2.0
2597.0	2.0
2599.2	1.0
2601.4	2.0
2603.5	1.0
2604.2	4.0
2606.4	1.0
2607.1	2.0
2607.8	2.0
2608.6	2.0
2610.0	1.0
2610.7	1.0
2612.9	1.0
2613.6	1.0
2614.3	1.0
2615.8	1.0
2617.2	1.0
2617.9	1.0
2618.6	1.0
2619.4	1.0
2620.1	1.0
2620.8	1.0
2621.5	2.0
2622.2	1.0
2623.0	2.0
2625.1	1.0
2625.8	1.0
2627.3	2.0
2628.0	2.0
2628.7	2.0
2629.4	2.0
2630.2	1.0
2630.9	1.0
2631.6	2.0
2633.8	1.0
2634.5	1.0
2637.4	1.0
2638.1	1.0
2640.2	1.0
2642.4	3.0
2643.1	2.0
2643.8	1.0
2644.6	1.0
2645.3	2.0
2646.7	2.0
2647.4	1.0
2648.2	2.0
2650.3	1.0
2651.0	2.0
2651.8	3.0
2654.6	1.0
2656.1	1.0
2656.8	1.0
2657.5	3.0
2659.0	3.0
2659.7	1.0
2660.4	1.0
2661.1	2.0
2661.8	2.0
2663.3	1.0
2664.0	1.0
2666.9	2.0
2667.6	1.0
2668.3	2.0
2669.0	1.0
2670.5	2.0
2671.2	2.0
2671.9	2.0
2675.5	1.0
2676.2	2.0
2677.0	2.0
2677.7	1.0
2679.1	1.0
2681.3	3.0
2682.7	1.0
2684.2	1.0
2684.9	2.0
2685.6	1.0
2686.3	1.0
2687.8	1.0
2689.2	1.0
2690.6	2.0
2691.4	1.0
2692.1	1.0
2692.8	2.0
2693.5	1.0
2695.0	1.0
2695.7	2.0
2696.4	3.0
2697.1	4.0
2697.8	1.0
2698.6	1.0
2699.3	2.0
2700.0	2.0
2702.2	1.0
2704.3	1.0
2705.0	1.0
2706.5	3.0
2707.2	3.0
2710.1	2.0
2710.8	1.0
2711.5	1.0
2712.2	1.0
2713.0	2.0
2714.4	3.0
2715.8	1.0
2716.6	1.0
2717.3	1.0
2718.0	2.0
2720.2	1.0
2723.0	2.0
2723.8	1.0
2724.5	1.0
2725.2	1.0
2727.4	2.0
2728.1	2.0
2730.2	2.0
2731.7	2.0
2733.1	1.0
2734.6	1.0
2735.3	1.0
2736.7	1.0
2737.4	3.0
2738.2	5.0
2738.9	2.0
2739.6	2.0
2741.8	1.0
2742.5	1.0
2743.2	1.0
2743.9	2.0
2745.4	1.0
2746.1	2.0
2746.8	3.0
2748.2	1.0
2749.7	1.0
2751.1	2.0
2752.6	2.0
2754.0	1.0
2754.7	1.0
2756.2	3.0
2758.3	1.0
2761.2	1.0
2761.9	2.0
2763.4	1.0
2764.8	1.0
2765.5	1.0
2767.7	1.0
2769.8	1.0
2770.6	3.0
2771.3	1.0
2772.7	2.0
2774.9	1.0
2777.0	1.0
2778.5	1.0
2779.9	1.0
2781.4	1.0
2782.1	1.0
2782.8	2.0
2783.5	1.0
2787.8	2.0
2788.6	1.0
2790.0	1.0
2790.7	1.0
2791.4	1.0
2792.9	1.0
2795.0	1.0
2796.5	1.0
2797.2	1.0
2797.9	2.0
2798.6	2.0
2799.4	1.0
2800.1	2.0
2800.8	1.0
2801.5	4.0
2803.0	1.0
2803.7	1.0
2805.8	1.0
2806.6	2.0
2807.3	1.0
2808.7	1.0
2810.2	1.0
2813.0	2.0
2815.2	1.0
2815.9	1.0
2816.6	2.0
2817.4	2.0
2818.1	1.0
2818.8	1.0
2819.5	2.0
2821.7	1.0
2823.1	2.0
2823.8	1.0
2824.6	1.0
2825.3	2.0
2826.7	1.0
2827.4	1.0
2828.9	1.0
2830.3	1.0
2831.0	1.0
2831.8	3.0
2832.5	1.0
2833.2	1.0
2834.6	1.0
2835.4	1.0
2836.1	1.0
2837.5	1.0
2838.2	1.0
2839.0	1.0
2840.4	2.0
2841.1	2.0
2841.8	1.0
2843.3	1.0
2844.0	1.0
2846.2	2.0
2846.9	1.0
2847.6	1.0
2851.2	1.0
2853.4	2.0
2854.1	2.0
2854.8	3.0
2855.5	1.0
2857.0	2.0
2857.7	1.0
2858.4	1.0
2859.1	1.0
2859.8	1.0
2860.6	1.0
2864.2	1.0
2865.6	1.0
2866.3	1.0
2867.0	1.0
2867.8	1.0
2868.5	1.0
2869.2	1.0
2869.9	1.0
2871.4	1.0
2872.1	1.0
2872.8	4.0
2875.0	1.0
2875.7	2.0
2876.4	1.0
2877.8	1.0
2878.6	2.0
2880.0	2.0
2880.7	1.0
2881.4	1.0
2883.6	1.0
2884.3	2.0
2885.0	1.0
2885.8	3.0
2887.9	1.0
2888.6	2.0
2889.4	2.0
2891.5	2.0
2893.7	2.0
2894.4	1.0
2895.1	1.0
2896.6	2.0
2897.3	1.0
2898.0	2.0
2898.7	1.0
2900.2	3.0
2900.9	4.0
2903.0	1.0
2904.5	1.0
2905.9	1.0
2906.6	1.0
2907.4	1.0
2908.8	1.0
2909.5	1.0
2911.0	2.0
2913.1	2.0
2913.8	2.0
2915.3	1.0
2916.0	2.0
2918.9	1.0
2919.6	1.0
2921.8	3.0
2922.5	1.0
2923.2	3.0
2924.6	2.0
2925.4	2.0
2929.0	1.0
2929.7	1.0
2931.8	1.0
2934.0	1.0
2934.7	1.0
2935.4	2.0
2936.2	2.0
2938.3	1.0
2939.0	1.0
2941.2	1.0
2941.9	1.0
2942.6	1.0
2943.4	2.0
2944.1	1.0
2947.7	1.0
2948.4	1.0
2949.1	1.0
2949.8	2.0
2950.6	1.0
2952.0	1.0
2952.7	1.0
2954.2	2.0
2954.9	1.0
2955.6	1.0
2956.3	2.0
2957.0	1.0
2957.8	1.0
2958.5	1.0
2959.2	1.0
2959.9	1.0
2960.6	1.0
2961.4	1.0
2964.2	1.0
2967.8	1.0
2969.3	1.0
2970.7	1.0
2971.4	1.0
2974.3	3.0
2975.0	1.0
2975.8	1.0
2976.5	1.0
2977.2	1.0
2977.9	1.0
2979.4	2.0
2983.0	1.0
2985.1	1.0
2986.6	1.0
2988.7	2.0
2989.4	1.0
2991.6	2.0
2992.3	2.0
2993.0	2.0
2995.9	1.0
2996.6	1.0
2998.1	2.0
2999.5	1.0
3001.7	2.0
3005.3	2.0
3006.0	2.0
3007.4	2.0
3008.9	1.0
3010.3	2.0
3011.8	1.0
3014.6	1.0
3017.5	1.0
3019.7	1.0
3021.1	1.0
3021.8	1.0
3022.6	1.0
3023.3	2.0
3024.0	1.0
3024.7	1.0
3025.4	1.0
3026.2	1.0
3027.6	1.0
3029.0	1.0
3031.2	2.0
3034.1	1.0
3034.8	2.0
3035.5	1.0
3037.0	1.0
3037.7	1.0
3038.4	2.0
3040.6	1.0
3042.0	2.0
3044.2	1.0
3044.9	2.0
3045.6	1.0
3047.8	2.0
3048.5	2.0
3049.2	2.0
3050.6	2.0
3051.4	1.0
3054.2	1.0
3055.7	1.0
3056.4	1.0
3057.1	1.0
3057.8	1.0
3058.6	1.0
3059.3	1.0
3060.0	2.0
3061.4	1.0
3062.2	1.0
3065.0	1.0
3066.5	1.0
3067.2	1.0
3067.9	1.0
3069.4	1.0
3070.8	1.0
3072.2	3.0
3073.0	1.0
3073.7	1.0
3075.8	1.0
3076.6	1.0
3077.3	1.0
3078.0	1.0
3079.4	1.0
3080.2	1.0
3080.9	2.0
3081.6	2.0
3082.3	1.0
3084.5	1.0
3085.2	1.0
3088.1	2.0
3088.8	1.0
3093.1	4.0
3093.8	1.0
3094.6	2.0
3095.3	1.0
3096.7	1.0
3097.4	1.0
3098.9	1.0
3099.6	2.0
3100.3	2.0
3101.0	3.0
3103.9	1.0
3104.6	2.0
3106.1	2.0
3109.0	1.0
3109.7	1.0
3111.8	2.0
3112.6	2.0
3114.0	1.0
3114.7	1.0
3115.4	1.0
3116.9	2.0
3117.6	1.0
3119.8	1.0
3125.5	1.0
3127.0	1.0
3129.1	1.0
3129.8	1.0
3131.3	1.0
3134.9	1.0
3135.6	1.0
3136.3	3.0
3137.0	1.0
3140.6	2.0
3141.4	1.0
3146.4	1.0
3148.6	1.0
3149.3	1.0
3151.4	1.0
3152.2	1.0
3153.6	1.0
3155.0	2.0
3156.5	1.0
3157.2	2.0
3157.9	1.0
3163.0	2.0
3166.6	1.0
3167.3	2.0
3168.0	2.0
3168.7	1.0
3169.4	1.0
3171.6	2.0
3172.3	2.0
3173.0	2.0
3175.9	2.0
3180.2	2.0
3181.7	1.0
3183.8	1.0
3186.7	2.0
3189.6	1.0
3191.8	1.0
3192.5	2.0
3193.2	2.0
3198.2	1.0
3199.0	1.0
3200.4	1.0
3201.1	2.0
3201.8	2.0
3202.6	1.0
3203.3	1.0
3204.7	2.0
3207.6	1.0
3208.3	1.0
3209.8	1.0
3210.5	1.0
3212.6	1.0
3215.5	1.0
3217.7	2.0
3218.4	1.0
3219.1	1.0
3222.0	2.0
3223.4	1.0
3224.2	2.0
3225.6	1.0
3227.8	1.0
3230.6	1.0
3231.4	1.0
3232.1	1.0
3235.0	2.0
3235.7	1.0
3239.3	1.0
3244.3	1.0
3245.0	1.0
3247.9	1.0
3248.6	1.0
3249.4	1.0
3250.1	1.0
3255.1	1.0
3256.6	1.0
3260.9	1.0
3265.2	1.0
3269.5	1.0
3274.6	1.0
3276.0	1.0
3276.7	1.0
3277.4	1.0
3282.5	1.0
3283.9	2.0
3284.6	1.0
3286.1	2.0
3286.8	1.0
3287.5	1.0
3288.2	1.0
3292.6	2.0
3295.4	2.0
3296.9	1.0
3297.6	2.0
3298.3	2.0
3299.0	1.0
3299.8	3.0
3300.5	2.0
3301.2	3.0
3301.9	1.0
3303.4	1.0
3304.1	1.0
3305.5	1.0
3307.0	2.0
3310.6	1.0
3311.3	2.0
3313.4	1.0
3316.3	1.0
3317.0	1.0
3317.8	2.0
3318.5	2.0
3320.6	1.0
3322.1	1.0
3325.7	1.0
3333.6	1.0
3335.8	1.0
3340.1	2.0
3341.5	2.0
3343.7	1.0
3344.4	2.0
3345.1	1.0
3346.6	1.0
3348.0	1.0
3348.7	1.0
3350.2	1.0
3351.6	1.0
3354.5	1.0
3355.2	1.0
3355.9	1.0
3357.4	1.0
3358.1	2.0
3359.5	1.0
3360.2	1.0
3362.4	1.0
3363.1	1.0
3363.8	2.0
3364.6	1.0
3365.3	1.0
3368.9	1.0
3369.6	1.0
3370.3	1.0
3371.8	1.0
3373.2	1.0
3373.9	2.0
3375.4	1.0
3376.1	1.0
3378.2	1.0
3379.0	1.0
3380.4	1.0
3381.1	2.0
3382.6	1.0
3389.0	3.0
3389.8	1.0
3390.5	2.0
3393.4	1.0
3394.1	1.0
3395.5	1.0
3404.9	1.0
3405.6	1.0
3407.0	1.0
3407.8	1.0
3409.2	1.0
3410.6	1.0
3417.1	2.0
3417.8	1.0
3420.0	1.0
3420.7	1.0
3424.3	1.0
3426.5	3.0
3429.4	1.0
3430.1	1.0
3431.5	1.0
3433.0	1.0
3435.8	1.0
3438.7	1.0
3443.8	1.0
3444.5	1.0
3446.6	1.0
3448.1	1.0
3449.5	1.0
3456.7	1.0
3457.4	1.0
3460.3	1.0
3461.0	2.0
3462.5	1.0
3465.4	1.0
3467.5	2.0
3468.2	1.0
3474.7	1.0
3476.9	2.0
3478.3	1.0
3481.2	1.0
3483.4	1.0
3484.1	1.0
3486.2	1.0
3488.4	1.0
3490.6	1.0
3491.3	1.0
3494.2	1.0
3495.6	1.0
3496.3	2.0
3497.8	1.0
3500.6	1.0
3502.1	1.0
3503.5	2.0
3506.4	1.0
3507.1	1.0
3507.8	1.0
3509.3	1.0
3510.7	1.0
3511.4	1.0
3512.2	1.0
3512.9	1.0
3513.6	1.0
3514.3	1.0
3519.4	1.0
3520.1	1.0
3521.5	1.0
3522.2	1.0
3523.0	1.0
3523.7	1.0
3525.1	1.0
3527.3	1.0
3528.0	3.0
3528.7	1.0
3529.4	1.0
3533.0	2.0
3533.8	1.0
3535.2	1.0
3541.0	1.0
3543.1	1.0
3547.4	1.0
3548.2	2.0
3548.9	1.0
3550.3	2.0
3551.0	1.0
3551.8	2.0
3557.5	1.0
3558.2	1.0
3561.8	3.0
3563.3	1.0
3566.2	1.0
3567.6	1.0
3568.3	1.0
3571.2	2.0
3578.4	1.0
3579.1	2.0
3581.3	1.0
3584.9	1.0
3586.3	1.0
3587.0	1.0
3589.2	1.0
3589.9	2.0
3590.6	1.0
3591.4	1.0
3592.8	1.0
3593.5	1.0
3595.0	2.0
3596.4	2.0
3597.8	3.0
3598.6	1.0
3600.0	2.0
3600.7	1.0
3605.0	1.0
3606.5	3.0
3607.9	1.0
3608.6	2.0
3610.1	2.0
3611.5	1.0
3614.4	1.0
3615.1	2.0
3616.6	1.0
3617.3	1.0
3618.7	1.0
3619.4	1.0
3622.3	1.0
3623.8	2.0
3625.2	1.0
3625.9	2.0
3626.6	3.0
3628.1	2.0
3630.2	1.0
3631.0	1.0
3631.7	1.0
3632.4	1.0
3633.1	1.0
3634.6	1.0
3636.7	1.0
3639.6	1.0
3641.0	1.0
3642.5	3.0
3643.9	1.0
3644.6	2.0
3645.4	1.0
3646.8	1.0
3647.5	4.0
3651.1	4.0
3653.3	1.0
3655.4	4.0
3656.2	1.0
3657.6	1.0
3658.3	1.0
3660.5	1.0
3663.4	1.0
3664.8	1.0
3666.2	1.0
3674.2	1.0
3674.9	1.0
3675.6	2.0
3676.3	1.0
3677.8	1.0
3678.5	2.0
3679.2	2.0
3681.4	2.0
3682.8	2.0
3683.5	2.0
3684.2	1.0
3685.7	1.0
3687.1	3.0
3688.6	2.0
3690.0	2.0
3690.7	1.0
3692.9	2.0
3693.6	2.0
3695.8	1.0
3696.5	3.0
3697.2	1.0
3698.6	1.0
3699.4	3.0
3700.1	1.0
3700.8	2.0
3701.5	1.0
3703.0	2.0
3705.1	1.0
3705.8	1.0
3706.6	3.0
3707.3	1.0
3708.0	2.0
3709.4	2.0
3710.9	1.0
3711.6	1.0
3713.0	1.0
3713.8	1.0
3715.9	1.0
3716.6	6.0
3717.4	1.0
3718.1	3.0
3719.5	1.0
3720.2	1.0
3721.0	1.0
3721.7	1.0
3722.4	1.0
3723.1	1.0
3725.3	2.0
3726.7	1.0
3728.2	2.0
3728.9	1.0
3729.6	2.0
3730.3	2.0
3733.2	1.0
3734.6	1.0
3736.8	1.0
3737.5	2.0
3739.0	1.0
3739.7	2.0
3740.4	1.0
3741.1	3.0
3741.8	1.0
3742.6	5.0
3743.3	1.0
3744.0	2.0
3744.7	1.0
3746.9	2.0
3747.6	1.0
3749.0	1.0
3749.8	1.0
3750.5	1.0
3751.2	2.0
3751.9	1.0
3755.5	1.0
3756.2	1.0
3757.7	1.0
3759.1	1.0
3759.8	1.0
3761.3	3.0
3762.0	3.0
3762.7	2.0
3763.4	2.0
3765.6	1.0
3767.8	2.0
3769.2	1.0
3769.9	1.0
3770.6	2.0
3771.4	2.0
3774.2	3.0
3775.0	4.0
3775.7	2.0
3776.4	4.0
3777.1	3.0
3778.6	1.0
3779.3	2.0
3780.7	2.0
3782.2	3.0
3783.6	3.0
3784.3	1.0
3785.8	3.0
3786.5	1.0
3789.4	1.0
3790.8	1.0
3793.0	3.0
3793.7	3.0
3795.1	1.0
3795.8	1.0
3796.6	1.0
3798.7	2.0
3799.4	1.0
3802.3	1.0
3803.0	1.0
3804.5	2.0
3805.2	1.0
3805.9	2.0
3808.8	3.0
3809.5	1.0
3811.0	1.0
3812.4	1.0
3813.1	2.0
3813.8	1.0
3816.7	1.0
3817.4	1.0
3818.2	1.0
3820.3	1.0
3822.5	1.0
3823.2	2.0
3823.9	1.0
3824.6	2.0
3825.4	1.0
3826.1	1.0
3827.5	2.0
3828.2	1.0
3829.7	1.0
3830.4	1.0
3833.3	2.0
3834.0	1.0
3834.7	1.0
3835.4	1.0
3838.3	1.0
3839.0	1.0
3841.2	1.0
3842.6	1.0
3845.5	1.0
3847.0	1.0
3849.8	1.0
3853.4	1.0
3854.2	1.0
3857.0	1.0
3857.8	2.0
3858.5	2.0
3863.5	1.0
3864.2	2.0
3867.1	1.0
3868.6	1.0
3869.3	1.0
3874.3	2.0
3877.9	1.0
3878.6	2.0
3879.4	1.0
3880.1	1.0
3880.8	1.0
3881.5	1.0
3882.2	1.0
3883.7	2.0
3885.8	1.0
3886.6	1.0
3890.2	3.0
3891.6	2.0
3894.5	1.0
3895.2	1.0
3898.1	1.0
3898.8	1.0
3902.4	2.0
3903.1	1.0
3904.6	1.0
3905.3	1.0
3910.3	1.0
3911.8	3.0
3913.2	3.0
3913.9	1.0
3914.6	3.0
3915.4	1.0
3916.1	1.0
3918.2	1.0
3919.0	1.0
3919.7	1.0
3920.4	2.0
3921.1	2.0
3921.8	2.0
3922.6	1.0
3924.7	1.0
3925.4	2.0
3926.2	1.0
3926.9	1.0
3929.0	2.0
3930.5	1.0
3934.8	1.0
3938.4	1.0
3939.1	1.0
3943.4	1.0
3946.3	1.0
3948.5	1.0
3951.4	1.0
3955.0	1.0
3955.7	2.0
3958.6	1.0
3960.7	1.0
3961.4	1.0
3962.9	1.0
3967.2	1.0
3970.1	1.0
3971.5	1.0
3976.6	1.0
3978.0	4.0
3978.7	1.0
3979.4	1.0
3983.0	1.0
3984.5	1.0
3985.9	1.0
3988.8	1.0
3991.0	1.0
3993.8	1.0
3994.6	1.0
3999.6	1.0
4001.0	1.0
4005.4	1.0
4011.1	1.0
4011.8	1.0
4020.5	1.0
4021.9	1.0
4024.1	1.0
4028.4	1.0
4034.2	1.0
4043.5	2.0
4050.7	1.0
4051.4	1.0
4056.5	1.0
4058.6	1.0
4071.6	1.0
4072.3	1.0
4078.8	2.0
4079.5	1.0
4081.7	2.0
4091.8	1.0
4092.5	1.0
4096.1	1.0
4111.9	1.0
4112.6	1.0
4126.3	1.0
4137.8	1.0
4154.4	1.0
4163.0	1.0
4190.4	1.0
4199.8	1.0
4201.9	1.0
4226.4	1.0
4229.3	1.0
4265.3	1.0
4279.7	1.0
4289.0	1.0
4295.5	1.0
4302.0	1.0
4303.4	1.0
4307.8	1.0
4310.6	1.0
4317.8	1.0
4330.8	1.0
4338.7	1.0
4345.9	1.0
4351.7	1.0
4371.1	1.0
4376.2	1.0
4379.0	1.0
4420.8	1.0
4452.5	1.0
4461.8	1.0
4469.8	1.0
4477.7	1.0
4489.2	1.0
4505.8	1.0
4510.8	1.0
4539.6	1.0
4543.2	1.0
4600.1	1.0
4645.4	1.0
4654.8	1.0
4674.2	1.0
4680.7	1.0
4691.5	1.0
4720.3	1.0
4732.6	1.0
4740.5	1.0
4777.9	2.0
4790.9	1.0
4795.9	1.0
4802.4	1.0
4813.9	1.0
4821.8	1.0
4825.4	1.0
4834.1	1.0
4870.1	1.0
4872.2	1.0
4884.5	1.0
4942.1	1.0
4970.9	1.0
4973.0	1.0
4988.9	1.0
5047.9	1.0
5051.5	1.0
5059.4	1.0
5070.2	2.0
5073.8	1.0
5107.0	1.0
5155.9	1.0
5187.6	1.0
5189.0	1.0
5213.5	1.0
5232.2	1.0
5238.0	1.0
5253.1	1.0
5278.3	1.0
5286.2	1.0
5315.8	1.0
5334.5	1.0
5336.6	1.0
5353.2	1.0
5359.7	1.0
5379.8	1.0
5437.4	1.0
5476.3	1.0
5495.8	1.0
5508.7	1.0
5594.4	1.0
5598.7	1.0
5646.2	1.0
5649.8	1.0
5655.6	1.0
5660.6	1.0
5710.3	1.0
5719.0	1.0
