587
621
605
602
557
573
635
604
618
588
639
609
608
573
598
542
632
571
577
595
627
588
639
600
609
556
643
625
590
591
587
595
624
576
615
638
570
556
529
586
599
607
561
603
649
581
567
607
586
602
618
585
573
537
608
625
630
614
590
632
610
595
586
595
567
597
621
555
568
558
559
603
677
574
580
586
581
567
591
615
553
628
599
620
570
645
636
565
588
589
574
614
560
580
609
617
636
604
613
576
618
585
601
602
589
551
593
644
609
595
607
578
623
594
592
638
630
582
588
557
602
562
593
585
625
578
577
593
645
587
586
637
571
575
577
518
638
600
541
599
578
529
634
570
577
580
529
575
591
618
542
594
538
588
603
632
581
554
666
586
604
584
534
627
601
626
599
626
588
576
613
559
594
592
580
606
558
590
607
585
584
598
581
644
640
569
610
580
623
552
599
642
591
620
571
573
563
602
586
595
620
625
622
598
630
561
585
589
619
628
570
562
596
589
572
593
609
589
591
578
596
603
621
597
631
575
584
588
623
589
624
575
595
635
560
555
602
566
595
612
621
595
644
574
540
606
643
577
547
637
619
599
572
641
609
610
607
571
598
602
629
572
569
621
629
610
550
565
593
575
617
616
629
594
593
592
595
626
609
614
601
574
568
604
586
597
552
600
579
563
627
575
597
564
580
618
612
598
590
607
582
566
595
554
599
595
634
619
566
585
631
603
636
584
585
601
604
644
598
647
588
585
585
631
564
581
595
594
607
571
617
631
585
593
597
578
618
635
580
596
615
585
589
630
594
577
550
606
562
580
580
563
609
642
565
584
578
565
617
612
582
605
593
613
579
568
610
600
597
603
570
641
624
579
555
559
622
603
608
549
642
636
572
620
596
556
603
648
615
602
603
625
604
637
564
589
597
542
671
660
609
559
587
600
609
532
605
528
585
574
644
577
600
602
574
590
575
617
566
561
589
565
607
580
574
586
611
534
639
594
576
586
566
593
613
622
612
603
584
584
591
591
595
605
583
583
613
584
598
517
616
571
546
602
614
612
555
570
619
548
625
589
600
593
647
575
587
603
564
601
620
620
581
615
545
569
582
578
596
586
597
599
600
607
568
553
607
582
567
588
578
565
597
583
651
619
596
619
589
596
580
591
580
580
610
593
594
578
583
602
582
571
569
592
622
583
582
589
630
598
583
597
576
583
625
590
576
587
630
585
577
573
599
589
625
594
596
578
585
558
590
595
589
630
608
560
617
594
615
558
590
625
601
563
593
572
652
603
607
575
628
590
566
612
574
549
606
581
577
609
591
563
615
633
587
581
581
562
626
590
576
599
552
588
576
584
589
564
612
574
594
565
586
608
624
638
602
598
619
627
568
557
601
640
597
612
572
602
536
591
610
564
568
642
620
617
594
598
606
587
590
595
552
553
640
585
606
625
625
585
627
579
597
586
591
608
615
602
631
599
605
552
592
546
636
592
647
620
556
567
588
655
572
583
603
545
537
644
623
579
629
594
584
576
567
610
580
630
647
581
601
545
546
588
600
603
637
584
558
598
606
560
581
558
582
579
591
624
592
632
551
591
632
557
609
631
629
560
585
594
561
562
509
589
561
560
590
573
624
586
546
585
621
616
621
569
571
625
563
598
598
571
598
609
579
614
598
583
601
594
635
531
640
650
614
550
620
611
573
585
561
579
599
589
579
651
599
553
600
616
577
601
605
645
697
593
613
558
539
580
556
619
548
642
615
603
558
580
621
609
593
552
564
584
575
572
580
607
601
596
525
620
567
669
645
555
602
574
529
586
611
570
609
599
574
618
617
654
577
589
654
567
625
589
612
539
597
593
631
625
610
592
680
630
563
625
603
605
592
609
630
557
626
605
584
575
580
580
543
576
612
574
599
568
612
627
636
586
586
620
651
578
587
592
642
581
632
575
608
596
593
590
615
625
582
578
608
602
602
568
589
584
602
624
581
588
601
584
605
591
607
585
589
580
562
613
637
594
616
574
627
583
555
615
608
558
593
593
653
574
560
617
592
534
613
612
635
598
585
611
597
613
621
566
588
591
626
581
604
595
570
616
624
606
561
626
613
587
604
575
631
559
601
568
596
598
623
584
614
648
609
585
569
605
603
637
572
585
587
571
609
608
549
611
589
591
620
540
577
608
587
588
611
585
582
604
560
645
572
641
542
597
610
621
584
623
524
592
622
590
538
597
568
630
616
582
620
610
582
587
609
585
587
595
589
641
635
578
622
633
614
601
592
628
546
593
579
607
592
635
546
578
580
583
640
577
600
591
583
573
588
563
570
590
587
605
555
575
582
618
594
592
616
636
644
587
582
579
598
601
625
569
599
586
580
596
554
594
652
580
608
568
576
608
616
613
603
565
662
590
646
578
619
576
610
579
613
601
648
598
626
603
579
566
634
607
641
614
560
624
572
626
592
584
553
617
608
582
585
566
611
607
582
631
526
627
622
548
575
586
599
547
592
626
529
569
556
634
579
592
579
620
536
555
606
591
614
615
599
606
558
620
580
592
591
581
570
582
601
589
563
586
601
609
592
589
574
614
592
563
601
592
618
614
662
613
593
581
576
584
583
563
579
567
593
568
622
601
594
568
586
584
558
617
567
587
600
557
623
548
566
581
595
580
624
568
554
620
647
593
617
529
564
591
583
563
567
580
614
634
596
606
583
585
559
560
536
624
618
577
608
575
560
612
600
525
630
577
561
588
608
565
568
634
579
581
557
574
596
585
639
595
666
560
607
627
561
668
565
562
621
569
585
625
606
613
552
575
565
616
588
601
615
627
600
565
559
603
617
641
588
616
595
599
633
545
579
630
598
588
599
575
608
603
644
580
675
583
617
548
599
638
580
601
616
603
607
610
564
598
558
572
616
604
627
571
632
627
627
620
583
591
571
616
573
605
541
591
596
584
622
541
575
613
582
678
571
556
573
581
593
565
628
554
612
543
607
581
593
600
611
568
581
559
643
577
594
548
625
594
577
563
624
602
558
618
629
580
602
592
595
564
551
603
609
575
617
655
631
608
621
597
589
543
580
626
603
574
546
571
639
594
571
609
609
537
630
609
562
556
598
638
554
576
588
539
614
616
572
616
602
560
558
541
582
597
636
626
595
598
621
639
573
604
603
603
612
633
556
580
635
618
589
619
603
578
630
581
581
576
574
607
541
621
568
595
586
602
580
551
561
589
570
552
592
584
630
669
599
609
584
575
630
596
554
603
602
592
628
643
600
623
586
612
572
601
639
573
576
586
578
548
609
589
559
590
622
603
622
602
615
610
599
588
576
607
547
625
574
586
585
610
614
597
571
585
600
622
553
602
583
592
652
573
580
567
582
606
588
588
569
592
626
632
598
647
569
593
605
641
587
598
613
554
566
546
605
590
617
571
583
589
607
647
578
592
582
599
636
600
596
512
605
605
537
609
572
552
594
567
614
615
551
560
624
565
638
556
591
564
574
592
591
571
606
554
609
574
598
583
583
550
557
616
591
603
600
613
604
582
602
592
529
612
643
622
604
601
605
602
599
590
611
616
566
536
610
612
595
554
631
559
529
535
572
557
608
578
640
599
634
620
601
620
590
586
548
560
598
598
571
615
587
570
564
606
616
608
607
560
616
595
625
629
571
591
547
643
581
619
622
601
585
550
605
615
559
563
574
607
605
589
604
614
614
617
582
598
571
606
613
623
638
591
581
580
600
570
605
584
530
606
614
606
603
607
618
595
638
617
588
608
570
594
611
618
572
597
585
596
579
618
575
572
598
542
572
589
600
605
595
582
543
618
600
590
605
588
647
620
616
569
612
600
600
627
562
559
610
542
565
535
611
576
549
614
639
621
637
598
660
601
594
568
627
628
602
608
625
592
581
580
578
607
599
597
617
594
619
618
595
616
602
598
572
562
590
598
585
600
615
608
587
582
549
613
608
576
606
539
613
635
576
599
613
600
590
618
544
563
571
610
615
615
547
608
610
586
560
650
601
545
608
582
583
592
600
548
603
605
546
628
603
623
586
574
614
589
598
572
594
553
624
570
599
626
548
572
588
591
591
587
604
601
561
588
619
593
623
579
584
619
582
613
557
575
607
613
585
621
591
575
567
594
617
589
575
551
572
592
583
551
557
618
587
578
599
536
567
660
607
617
560
599
574
631
591
640
639
597
573
568
593
621
563
610
546
612
568
553
587
574
605
660
595
561
633
591
619
566
576
574
619
567
570
611
607
583
595
604
620
618
677
599
583
638
599
571
575
597
600
655
579
618
624
552
585
602
611
578
582
575
625
601
554
635
632
594
569
584
625
562
576
577
582
554
581
583
606
613
575
632
570
531
548
602
559
624
578
622
585
538
584
607
571
609
619
585
583
586
601
543
580
525
600
570
611
558
618
576
594
602
567
607
560
585
561
645
621
583
601
620
618
616
550
623
591
586
561
571
622
578
579
612
613
587
576
624
572
626
581
555
569
597
600
642
556
575
598
603
592
569
634
655
591
623
545
645
615
596
581
595
608
563
565
616
562
617
599
641
561
537
602
549
578
604
571
574
593
592
593
567
676
602
561
611
622
630
616
591
599
597
617
648
604
569
522
595
569
611
599
571
649
585
595
616
594
584
628
589
597
557
607
590
552
535
642
621
596
560
629
597
651
630
549
603
577
607
649
587
615
580
578
592
625
619
551
585
601
613
588
636
608
615
582
524
603
627
598
551
586
583
591
585
623
637
627
627
582
571
619
634
540
584
586
597
626
577
574
583
613
575
545
597
599
605
597
603
565
592
565
560
614
641
563
640
601
590
629
601
560
592
577
636
597
605
573
577
553
580
557
595
592
631
605
591
593
580
652
573
619
631
586
589
586
617
564
584
612
634
591
573
575
578
562
570
583
560
681
622
573
559
613
608
611
617
593
593
641
572
597
635
609
592
558
575
594
597
613
625
644
612
584
612
669
597
588
603
625
598
578
638
586
579
583
642
639
602
586
600
561
603
573
611
614
631
558
602
643
614
581
605
592
600
590
651
607
645
595
621
587
608
567
579
657
602
604
609
565
638
608
582
543
578
658
620
593
579
645
654
609
572
591
587
582
600
595
612
601
590
619
600
588
573
586
575
530
535
637
554
578
665
595
566
570
609
589
660
585
585
614
589
643
603
606
606
619
564
562
615
615
612
582
564
597
619
595
602
607
612
618
553
558
562
574
604
609
603
581
597
578
543
646
576
627
624
595
559
630
588
632
561
600
578
578
582
594
552
575
568
584
551
629
551
655
583
614
593
597
576
577
598
571
596
585
557
566
561
608
616
619
585
558
600
623
570
621
603
565
640
588
621
573
613
678
598
584
604
575
592
628
576
560
596
612
617
573
626
589
596
581
592
614
630
586
577
603
544
587
586
609
556
584
612
578
567
575
599
560
555
577
601
583
588
577
544
613
595
581
601
614
608
588
558
591
617
562
601
595
595
585
569
622
577
597
634
573
591
629
551
603
586
611
580
609
593
588
592
622
619
578
587
582
565
559
580
513
574
665
636
613
591
617
586
582
573
576
574
581
607
546
575
594
583
633
558
625
579
554
601
590
601
606
565
599
620
560
613
582
584
554
595
643
652
601
594
594
609
616
602
621
590
595
591
577
576
572
577
607
606
591
606
596
576
578
586
586
640
590
562
602
622
568
593
593
613
612
581
606
611
603
594
637
591
627
611
579
583
576
619
578
528
578
675
638
603
561
585
593
547
611
595
594
621
569
591
584
584
559
609
593
639
615
623
561
589
633
609
612
589
551
611
560
640
586
628
570
571
585
607
592
628
566
565
573
585
584
621
607
596
608
575
585
588
544
595
593
576
595
612
553
582
589
585
632
623
526
569
618
602
622
570
594
585
600
584
615
581
568
592
642
570
643
604
623
625
563
595
619
642
520
603
577
651
603
600
599
569
593
554
623
627
599
594
579
620
601
619
572
575
600
617
634
571
536
572
576
572
552
569
608
556
596
557
581
556
619
590
594
592
629
617
582
642
590
611
591
570
589
620
626
589
582
609
626
617
581
629
562
572
653
563
579
623
562
561
610
568
579
552
554
589
617
584
578
594
592
587
586
602
598
606
588
570
640
590
595
565
597
598
584
557
645
561
557
616
581
595
568
654
567
567
610
625
614
626
591
587
589
581
576
595
611
584
604
597
652
572
574
635
623
579
608
564
605
568
603
590
576
623
583
605
578
603
568
618
584
597
650
564
610
592
605
585
653
635
616
658
655
564
621
619
621
575
590
623
565
604
553
640
617
575
593
602
570
591
631
570
601
575
617
616
560
588
605
603
630
605
591
594
545
587
655
604
614
593
603
584
569
579
546
542
586
602
576
590
599
569
614
587
572
589
589
628
594
616
592
596
618
617
604
589
572
612
591
601
578
575
635
634
566
590
613
608
1164
574
624
650
595
627
576
599
568
618
628
609
592
567
622
559
611
548
673
600
620
542
600
608
610
574
573
581
561
539
606
601
589
573
629
606
555
593
622
539
592
546
549
608
589
586
604
613
584
639
569
567
592
557
568
578
632
573
605
626
605
561
561
573
545
619
566
633
564
621
596
574
587
630
589
600
587
615
620
638
574
617
565
560
642
567
615
649
552
560
575
540
615
617
567
579
565
617
590
559
640
596
541
596
631
597
589
581
584
584
586
599
631
548
551
570
618
588
625
613
598
584
564
581
592
592
591
583
635
599
600
592
645
576
634
601
601
590
596
594
591
545
592
569
587
599
581
576
558
594
594
562
601
607
576
612
572
603
563
632
611
560
606
593
614
601
624
589
593
583
571
566
623
613
608
573
618
601
583
597
558
618
553
618
584
567
605
617
636
569
576
583
615
572
559
576
591
573
605
558
649
594
582
600
607
592
544
638
616
608
605
613
648
562
624
603
569
545
617
615
588
571
590
589
631
589
582
601
617
657
573
602
613
635
609
587
591
544
601
626
658
575
564
569
592
599
576
572
626
582
577
607
595
563
633
577
614
606
615
576
594
586
591
564
636
603
611
592
644
537
597
628
619
591
579
584
592
617
597
575
544
580
636
563
607
571
622
581
572
543
647
568
600
595
617
547
536
581
599
603
602
642
572
574
534
600
619
567
553
559
600
583
639
605
559
601
628
554
591
562
606
633
577
613
601
659
608
579
589
607
552
601
594
600
601
632
586
608
613
608
624
609
608
670
569
614
634
566
631
639
583
597
576
594
573
616
601
603
552
628
577
585
559
598
604
620
628
618
628
609
1125
621
574
643
566
613
601
565
585
617
531
565
566
593
612
566
625
599
625
567
621
577
597
585
588
615
593
595
596
607
579
647
563
618
581
571
584
556
626
651
617
606
598
591
624
584
598
688
614
627
593
593
588
577
595
593
627
587
537
603
563
591
604
544
644
591
554
547
614
569
577
563
558
535
614
582
601
531
610
601
601
576
638
569
617
555
652
592
589
553
589
556
611
526
621
566
580
592
605
605
609
584
632
619
617
621
632
650
568
653
569
570
639
590
585
640
552
631
593
590
573
552
572
613
613
541
586
593
578
548
571
633
657
639
620
597
627
602
594
605
592
566
625
555
554
601
613
577
579
603
601
555
571
600
609
559
564
566
581
632
608
654
562
598
618
615
607
555
607
598
612
541
589
590
599
644
601
580
578
639
593
649
578
572
636
611
620
599
628
615
572
574
615
645
598
576
587
602
568
595
622
576
599
587
623
603
626
610
610
583
588
554
615
596
608
639
608
600
591
611
593
548
589
572
553
636
576
619
607
585
589
605
643
564
607
610
634
602
616
590
641
595
610
629
644
568
585
593
602
541
593
579
560
622
633
575
606
565
614
573
587
602
575
584
573
608
637
594
601
609
601
599
601
606
579
582
602
631
624
622
577
546
581
579
612
590
598
615
622
611
610
562
633
597
616
566
560
613
611
568
576
621
601
599
543
561
582
592
623
639
599
587
577
585
579
617
570
603
573
630
570
595
586
599
530
554
606
611
617
587
602
612
621
623
580
578
571
585
619
592
677
623
650
610
550
602
651
609
560
637
561
655
574
598
549
654
581
559
566
597
638
587
590
604
623
616
582
591
561
628
608
599
605
558
596
610
638
603
615
565
554
611
576
570
558
566
586
564
613
606
574
620
652
