1553299201 4
1553299202 4
1553299203 2
1553299204 4
1553299205 30
1553299206 88
1553299207 95
1553299208 96
1553299209 96
1553299210 95
1553299211 84
1553299212 4
1553299213 1
1553299214 0
1553299215 5
1553299216 1
1553299217 4
1553299218 2
1553299219 2
1553299220 4
1553299221 3
1553299222 1
1553299223 5
1553299224 1
1553299225 2
1553299226 2
1553299227 2
1553299228 2
1553299229 2
1553299230 2
1553299231 6
1553299232 3
1553299233 3
1553299234 1
1553299235 1
1553299236 2
1553299237 0
1553299238 2
1553299239 5
1553299240 3
1553299241 2
1553299242 4
1553299243 3
1553299244 2
1553299245 2
1553299246 1
1553299247 3
1553299248 2
1553299249 2
1553299250 2
1553299251 5
1553299252 1
1553299253 4
1553299254 1
1553299255 3
1553299256 3
1553299257 1
1553299258 4
1553299259 1
1553299260 2
1553299261 2
1553299262 2
1553299263 1
1553299264 2
1553299265 4
1553299266 5
1553299267 4
1553299268 48
1553299269 92
1553299270 74
1553299271 96
1553299272 93
1553299273 94
1553299274 97
1553299275 93
1553299276 55
1553299277 6
1553299278 5
1553299279 3
1553299280 5
1553299281 3
1553299282 4
1553299283 4
1553299284 2
1553299285 4
1553299286 3
1553299287 0
1553299288 3
1553299289 48
1553299290 97
1553299291 84
1553299292 66
1553299293 95
1553299294 92
1553299295 89
1553299296 96
1553299297 97
1553299298 96
1553299299 94
1553299300 94
1553299301 92
1553299302 77
1553299303 1
1553299304 1
1553299305 1
1553299306 4
1553299307 79
1553299308 90
1553299309 52
1553299310 3
1553299311 2
1553299312 3
1553299313 4
1553299314 3
1553299315 6
1553299316 1
1553299317 2
1553299318 4
1553299319 2
1553299320 2
1553299321 2
1553299322 10
1553299323 1
1553299324 4
1553299325 6
1553299326 3
1553299327 2
1553299328 2
1553299329 4
1553299330 3
1553299331 3
1553299332 4
1553299333 2
1553299334 4
1553299335 1
1553299336 5
1553299337 4
1553299338 3
1553299339 3
1553299340 2
1553299341 1
1553299342 2
1553299343 3
1553299344 2
1553299345 3
1553299346 2
1553299347 2
1553299348 4
1553299349 4
1553299350 4
1553299351 4
1553299352 5
1553299353 0
1553299354 2
1553299355 5
1553299356 3
1553299357 4
1553299358 3
1553299359 4
1553299360 1
1553299361 5
1553299362 2
1553299363 2
1553299364 4
1553299365 4
1553299366 5
1553299367 2
1553299368 5
1553299369 93
1553299370 93
1553299371 19
1553299372 1
1553299373 4
1553299374 2
1553299375 6
1553299376 4
1553299377 2
1553299378 2
1553299379 3
1553299380 2
1553299381 3
1553299382 3
1553299383 0
1553299384 5
1553299385 3
1553299386 3
1553299387 2
1553299388 1
1553299389 5
1553299390 3
1553299391 3
1553299392 5
1553299393 1
1553299394 4
1553299395 5
1553299396 1
1553299397 4
1553299398 2
1553299399 2
1553299400 0
1553299401 2
1553299402 5
1553299403 1
1553299404 5
1553299405 2
1553299406 5
1553299407 3
1553299408 2
1553299409 2
1553299410 5
1553299411 4
1553299412 2
1553299413 0
1553299414 88
1553299415 13
1553299416 3
1553299417 1
1553299418 2
1553299419 3
1553299420 1
1553299421 5
1553299422 2
1553299423 5
1553299424 1
1553299425 2
1553299426 3
1553299427 76
1553299428 5
1553299429 1
1553299430 3
1553299431 0
1553299432 3
1553299433 2
1553299434 5
1553299435 2
1553299436 6
1553299437 2
1553299438 3
1553299439 6
1553299440 2
1553299441 5
1553299442 4
1553299443 48
1553299444 85
1553299445 2
1553299446 44
1553299447 91
1553299448 6
1553299449 4
1553299450 6
1553299451 3
1553299452 4
1553299453 4
1553299454 2
1553299455 4
1553299456 4
1553299457 5
1553299458 7
1553299459 4
1553299460 3
1553299461 1
1553299462 5
1553299463 6
1553299464 3
1553299465 3
1553299466 3
1553299467 2
1553299468 3
1553299469 2
1553299470 4
1553299471 2
1553299472 8
1553299473 3
1553299474 1
1553299475 2
1553299476 2
1553299477 1
1553299478 2
1553299479 3
1553299480 2
1553299481 0
1553299482 32
1553299483 64
1553299484 96
1553299485 32
1553299486 5
1553299487 40
1553299488 97
1553299489 34
1553299490 0
1553299491 1
1553299492 3
1553299493 3
1553299494 2
1553299495 3
1553299496 4
1553299497 4
1553299498 3
1553299499 1
1553299500 1
1553299501 4
1553299502 3
1553299503 1
1553299504 6
1553299505 3
1553299506 3
1553299507 5
1553299508 2
1553299509 3
1553299510 7
1553299511 2
1553299512 3
1553299513 1
1553299514 2
1553299515 1
1553299516 1
1553299517 3
1553299518 0
1553299519 3
1553299520 3
1553299521 1
1553299522 4
1553299523 3
1553299524 3
1553299525 0
1553299526 7
1553299527 3
1553299528 4
1553299529 2
1553299530 1
1553299531 1
1553299532 5
1553299533 4
1553299534 3
1553299535 1
1553299536 0
1553299537 4
1553299538 5
1553299539 2
1553299540 2
1553299541 4
1553299542 3
1553299543 4
1553299544 2
1553299545 5
1553299546 1
1553299547 6
1553299548 4
1553299549 1
1553299550 5
1553299551 1
1553299552 2
1553299553 6
1553299554 0
1553299555 2
1553299556 4
1553299557 2
1553299558 5
1553299559 5
1553299560 7
1553299561 2
1553299562 2
1553299563 2
1553299564 1
1553299565 2
1553299566 4
1553299567 5
1553299568 1
1553299569 1
1553299570 6
1553299571 4
1553299572 6
1553299573 4
1553299574 0
1553299575 2
1553299576 2
1553299577 4
1553299578 4
1553299579 0
1553299580 2
1553299581 4
1553299583 2
1553299583 20
1553299584 95
1553299585 38
1553299586 2
1553299587 2
1553299588 2
1553299589 4
1553299590 3
1553299591 4
1553299592 3
1553299593 3
1553299594 50
1553299595 93
1553299596 94
1553299597 58
1553299598 3
1553299599 4
1553299600 5
1553299601 2
1553299602 0
1553299603 1
1553299604 3
1553299605 3
1553299606 2
1553299607 3
1553299608 5
1553299609 4
1553299610 3
1553299611 4
1553299612 1
1553299613 3
1553299614 1
1553299615 4
1553299616 3
1553299617 1
1553299618 1
1553299619 48
1553299620 96
1553299621 46
1553299622 3
1553299623 0
1553299624 3
1553299625 2
1553299626 0
1553299627 3
1553299628 3
1553299629 7
1553299630 2
1553299631 2
1553299632 2
1553299633 1
1553299634 2
1553299635 3
1553299636 4
1553299637 3
1553299638 1
1553299639 2
1553299640 2
1553299641 7
1553299642 2
1553299643 0
1553299644 1
1553299645 6
1553299646 4
1553299647 6
1553299648 8
1553299649 2
1553299650 2
1553299651 1
1553299652 2
1553299653 7
1553299654 3
1553299655 3
1553299656 2
1553299657 4
1553299658 4
1553299659 3
1553299660 1
1553299661 4
1553299662 4
1553299663 0
1553299664 1
1553299665 3
1553299666 1
1553299667 1
1553299668 4
1553299669 2
1553299670 1
1553299671 2
1553299672 4
1553299673 5
1553299674 3
1553299675 1
1553299676 3
1553299677 1
1553299678 2
1553299679 2
1553299680 3
1553299681 2
1553299682 2
1553299683 2
1553299684 3
1553299685 3
1553299686 2
1553299687 3
1553299688 2
1553299689 4
1553299690 6
1553299691 5
1553299692 1
1553299693 3
1553299694 5
1553299695 2
1553299696 4
1553299697 0
1553299698 3
1553299699 4
1553299700 4
1553299701 4
1553299702 1
1553299703 3
1553299704 1
1553299705 3
1553299706 3
1553299707 0
1553299708 1
1553299709 4
1553299710 4
1553299711 1
1553299712 2
1553299713 2
1553299714 4
1553299715 3
1553299716 1
1553299717 4
1553299718 5
1553299719 3
1553299720 2
1553299721 6
1553299722 0
1553299723 4
1553299724 3
1553299725 2
1553299726 1
1553299727 5
1553299728 4
1553299729 0
1553299730 3
1553299731 1
1553299732 2
1553299733 2
1553299734 3
1553299735 2
1553299736 2
1553299737 3
1553299738 5
1553299739 3
1553299740 2
1553299741 2
1553299742 5
1553299743 3
1553299744 4
1553299745 1
1553299746 0
1553299747 2
1553299748 3
1553299749 3
1553299750 3
1553299751 18
1553299752 91
1553299753 98
1553299754 18
1553299755 3
1553299756 5
1553299757 2
1553299758 1
1553299759 2
1553299760 2
1553299761 1
1553299762 5
1553299763 5
1553299764 4
1553299765 5
1553299766 2
1553299767 3
1553299768 5
1553299769 2
1553299770 2
1553299771 2
1553299772 2
1553299773 1
1553299774 3
1553299775 6
1553299776 1
1553299777 7
1553299778 2
1553299779 1
1553299780 2
1553299781 3
1553299782 47
1553299783 91
1553299784 96
1553299785 64
1553299786 5
1553299787 0
1553299788 4
1553299789 1
1553299790 3
1553299791 3
1553299792 3
1553299793 1
1553299794 6
1553299795 0
1553299796 4
1553299797 3
1553299798 2
1553299799 1
1553299800 2
1553299801 4
1553299802 3
1553299803 2
1553299804 3
1553299805 2
1553299806 2
1553299807 3
1553299808 2
1553299809 8
1553299810 2
1553299811 4
1553299812 5
1553299813 2
1553299814 1
1553299815 0
1553299816 4
1553299817 2
1553299818 5
1553299819 5
1553299820 3
1553299821 2
1553299822 5
1553299823 5
1553299824 2
1553299825 3
1553299826 2
1553299827 3
1553299828 5
1553299829 4
1553299830 54
1553299831 2
1553299832 4
1553299833 3
1553299834 4
1553299835 4
1553299836 4
1553299837 8
1553299838 4
1553299839 3
1553299840 1
1553299841 3
1553299842 0
1553299843 5
1553299844 58
1553299845 6
1553299846 5
1553299847 5
1553299848 3
1553299849 3
1553299850 1
1553299851 2
1553299852 1
1553299853 2
1553299854 2
1553299855 3
1553299856 11
1553299857 95
1553299858 91
1553299859 93
1553299860 96
1553299861 89
1553299862 92
1553299863 21
1553299864 4
1553299865 3
1553299866 2
1553299867 0
1553299868 55
1553299869 90
1553299870 95
1553299871 83
1553299891 0
1553299892 3
1553299893 5
1553299894 3
1553299895 6
1553299896 2
1553299897 1
1553299898 6
1553299899 2
1553299900 2
1553299901 4
1553299902 1
1553299903 2
1553299904 27
1553299905 80
1553299906 0
1553299907 2
1553299908 2
1553299909 3
1553299910 3
1553299911 4
1553299912 0
1553299913 2
1553299914 3
1553299915 2
1553299916 3
1553299917 0
1553299918 1
1553299919 2
1553299920 2
1553299921 0
1553299922 3
1553299923 4
1553299924 3
1553299925 8
1553299926 3
1553299927 5
1553299928 4
1553299929 4
1553299930 8
1553299931 3
1553299932 4
1553299933 5
1553299934 4
1553299935 55
1553299936 48
1553299937 3
1553299938 2
1553299939 4
1553299940 0
1553299941 3
1553299942 2
1553299943 2
1553299944 2
1553299945 3
1553299946 2
1553299947 2
1553299948 2
1553299949 5
1553299950 4
1553299951 2
1553299952 3
1553299953 1
1553299954 5
1553299955 49
1553299956 24
1553299957 1
1553299958 4
1553299959 2
1553299960 5
1553299961 3
1553299962 5
1553299963 3
1553299964 3
1553299965 3
1553299966 5
1553299967 2
1553299968 2
1553299969 1
1553299970 5
1553299971 5
1553299972 3
1553299973 2
1553299974 39
1553299975 92
1553299976 89
1553299977 97
1553299978 95
1553299979 34
1553299980 4
1553299981 2
1553299982 48
1553299983 2
1553299984 6
1553299985 6
1553299986 0
1553299987 2
1553299988 4
1553299989 2
1553299990 3
1553299991 6
1553299992 2
1553299993 5
1553299994 51
1553299995 0
1553299996 0
1553299997 1
1553299998 4
1553299999 0
1553300000 1
1553300001 2
1553300002 3
1553300003 3
1553300004 3
1553300005 2
1553300006 2
1553300007 3
1553300008 2
1553300009 4
1553300010 3
1553300011 2
1553300012 4
1553300013 4
1553300014 3
1553300015 4
1553300016 2
1553300017 6
1553300018 0
1553300019 1
1553300020 4
1553300021 4
1553300022 1
1553300023 1
1553300024 2
1553300025 8
1553300026 1
1553300027 3
1553300028 8
1553300029 2
1553300030 1
1553300031 4
1553300032 4
1553300033 6
1553300034 4
1553300035 2
1553300036 5
1553300037 4
1553300038 2
1553300039 3
1553300040 3
1553300041 2
1553300042 6
1553300043 4
1553300044 4
1553300045 1
1553300046 4
1553300047 2
1553300048 4
1553300049 4
1553300050 2
1553300051 5
1553300052 6
1553300053 3
1553300054 2
1553300055 2
1553300056 1
1553300057 0
1553300058 3
1553300059 0
1553300060 3
1553300061 1
1553300062 3
1553300063 0
1553300064 3
1553300065 3
1553300066 1
1553300067 1
1553300068 1
1553300069 2
1553300070 3
1553300071 3
1553300072 4
1553300073 4
1553300074 2
1553300075 5
1553300076 0
1553300077 1
1553300078 1
1553300079 3
1553300080 1
1553300081 8
1553300082 5
1553300083 3
1553300084 4
1553300085 3
1553300086 3
1553300087 27
1553300088 92
1553300089 93
1553300090 73
1553300091 5
1553300092 5
1553300093 3
1553300094 2
1553300095 2
1553300096 2
1553300097 0
1553300098 0
1553300099 2
1553300100 6
1553300101 2
1553300102 5
1553300103 3
1553300104 1
1553300105 3
1553300106 4
1553300107 2
1553300108 2
1553300109 2
1553300110 4
1553300111 2
1553300112 1
1553300113 60
1553300114 92
1553300115 90
1553300116 95
1553300117 95
1553300118 30
1553300119 5
1553300120 2
1553300121 0
1553300122 6
1553300123 3
1553300124 2
1553300125 3
1553300126 1
1553300127 4
1553300128 6
1553300129 3
1553300130 6
1553300131 4
1553300132 0
1553300133 2
1553300134 4
1553300135 0
1553300136 4
1553300137 4
1553300138 3
1553300139 2
1553300140 2
1553300141 1
1553300142 0
1553300143 1
1553300144 4
1553300145 3
1553300146 1
1553300147 1
1553300148 2
1553300149 3
1553300150 0
1553300151 1
1553300152 2
1553300153 3
1553300154 1
1553300155 5
1553300156 2
1553300157 1
1553300158 4
1553300159 3
1553300160 3
1553300161 2
1553300162 12
1553300163 4
1553300164 2
1553300165 4
1553300166 1
1553300167 5
1553300168 1
1553300169 1
1553300170 3
1553300171 3
1553300172 5
1553300173 2
1553300174 2
1553300175 2
1553300176 0
1553300177 3
1553300178 2
1553300179 3
1553300180 5
1553300181 90
1553300182 5
1553300183 2
1553300184 8
1553300185 2
1553300186 2
1553300187 3
1553300188 3
1553300189 4
1553300190 8
1553300191 2
1553300192 2
1553300193 4
1553300194 2
1553300195 4
1553300196 5
1553300197 4
1553300198 2
1553300199 2
1553300200 4
1553300201 4
1553300202 4
1553300203 4
1553300204 2
1553300205 7
1553300206 3
1553300207 1
1553300208 0
1553300209 0
1553300210 3
1553300211 2
1553300212 2
1553300213 2
1553300214 3
1553300215 3
1553300216 2
1553300217 2
1553300218 1
1553300219 4
1553300220 6
1553300221 2
1553300222 2
1553300223 4
1553300224 20
1553300225 19
1553300226 2
1553300227 3
1553300228 3
1553300229 4
1553300230 8
1553300231 4
1553300232 4
1553300233 2
1553300234 3
1553300235 4
1553300236 2
1553300237 6
1553300238 0
1553300239 0
1553300240 4
1553300241 3
1553300242 3
1553300243 1
1553300244 3
1553300245 1
1553300246 37
1553300247 82
1553300248 98
1553300249 90
1553300250 96
1553300251 80
1553300252 55
1553300253 94
1553300254 3
1553300255 4
1553300256 7
1553300257 7
1553300258 4
1553300259 3
1553300260 3
1553300261 2
1553300262 2
1553300263 7
1553300264 1
1553300265 7
1553300266 2
1553300267 2
1553300268 5
1553300269 0
1553300270 3
1553300271 5
1553300272 1
1553300273 1
1553300274 1
1553300275 3
1553300276 3
1553300277 3
1553300278 6
1553300279 5
1553300280 3
1553300281 4
1553300282 4
1553300283 2
1553300284 2
1553300285 2
1553300286 2
1553300287 3
1553300288 4
1553300289 2
1553300290 2
1553300291 4
1553300292 3
1553300293 7
1553300294 2
1553300295 3
1553300296 7
1553300297 10
1553300298 2
1553300299 7
1553300300 2
1553300301 4
1553300302 2
1553300303 1
1553300304 3
1553300305 1
1553300306 3
1553300307 4
1553300308 3
1553300309 4
1553300310 4
1553300311 2
1553300312 5
1553300313 7
1553300314 1
1553300315 7
1553300316 1
1553300317 2
1553300318 0
1553300319 5
1553300320 2
1553300321 3
1553300322 4
1553300323 1
1553300324 5
1553300325 2
1553300326 3
1553300327 3
1553300328 5
1553300329 2
1553300330 4
1553300331 6
1553300332 3
1553300333 2
1553300334 1
1553300335 1
1553300336 2
1553300337 3
1553300338 2
1553300339 1
1553300340 26
1553300341 5
1553300342 4
1553300343 6
1553300344 4
1553300345 1
1553300346 5
1553300347 3
1553300348 3
1553300349 4
1553300350 3
1553300351 3
1553300352 4
1553300353 1
1553300354 3
1553300355 1
1553300356 9
1553300357 4
1553300358 5
1553300359 2
1553300360 9
1553300361 3
1553300362 2
1553300363 1
1553300364 3
1553300365 3
1553300366 3
1553300367 2
1553300368 2
1553300369 4
1553300370 1
1553300371 1
1553300372 27
1553300373 2
1553300374 4
1553300375 1
1553300376 0
1553300377 4
1553300378 1
1553300379 2
1553300380 3
1553300381 3
1553300382 4
1553300383 4
1553300384 14
1553300385 95
1553300386 86
1553300387 5
1553300388 1
1553300389 3
1553300390 2
1553300391 1
1553300392 4
1553300393 3
1553300394 5
1553300395 1
1553300396 2
1553300397 3
1553300398 2
1553300399 2
1553300400 3
1553300401 2
1553300402 2
1553300403 2
1553300404 3
1553300405 2
1553300406 2
1553300407 1
1553300408 1
1553300409 3
1553300410 5
1553300411 1
1553300412 4
1553300413 1
1553300414 4
1553300415 2
1553300416 3
1553300417 0
1553300418 3
1553300419 1
1553300420 2
1553300421 1
1553300422 5
1553300423 2
1553300424 4
1553300425 2
1553300426 7
1553300427 7
1553300428 5
1553300429 4
1553300430 5
1553300431 2
1553300432 4
1553300433 4
1553300434 3
1553300435 4
1553300436 6
1553300437 4
1553300438 7
1553300439 1
1553300440 1
1553300441 3
1553300442 49
1553300443 68
1553300444 3
1553300445 4
1553300446 4
1553300447 2
1553300448 2
1553300449 3
1553300450 3
1553300451 4
1553300452 1
1553300453 4
1553300454 3
1553300455 3
1553300456 1
1553300457 3
1553300458 5
1553300459 1
1553300460 2
1553300461 3
1553300462 2
1553300463 2
1553300464 3
1553300465 4
1553300466 4
1553300467 3
1553300468 3
1553300469 3
1553300470 2
1553300471 4
1553300472 6
1553300473 5
1553300474 2
1553300475 4
1553300476 3
1553300477 9
1553300478 3
1553300479 2
1553300480 0
1553300481 9
1553300482 3
1553300483 2
1553300484 2
1553300485 5
1553300486 5
1553300487 3
1553300488 1
1553300489 0
1553300490 2
1553300491 2
1553300492 1
1553300493 5
1553300494 2
1553300495 2
1553300496 2
1553300497 2
1553300498 1
1553300499 2
1553300500 3
1553300501 9
1553300502 4
1553300503 0
1553300504 5
1553300505 7
1553300506 1
1553300507 4
1553300508 0
1553300509 5
1553300510 3
1553300511 4
1553300512 2
1553300513 2
1553300514 6
1553300515 4
1553300516 2
1553300517 3
1553300518 19
1553300519 6
1553300520 4
1553300521 3
1553300522 6
1553300523 72
1553300524 2
1553300525 5
1553300526 1
1553300527 5
1553300528 1
1553300529 4
1553300530 2
1553300531 2
1553300532 2
1553300533 2
1553300534 4
1553300535 4
1553300536 1
1553300537 2
1553300538 0
1553300539 3
1553300540 4
1553300541 3
1553300542 4
1553300543 5
1553300544 4
1553300545 4
1553300546 6
1553300547 2
1553300548 6
1553300549 3
1553300550 5
1553300551 5
1553300552 3
1553300553 1
1553300554 2
1553300555 3
1553300556 3
1553300557 1
1553300558 7
1553300559 3
1553300560 2
1553300561 4
1553300562 4
1553300563 2
1553300564 2
1553300565 1
1553300566 2
1553300567 3
1553300568 6
1553300569 3
1553300570 6
1553300571 4
1553300572 0
1553300573 1
1553300574 4
1553300575 2
1553300576 5
1553300577 1
1553300578 2
1553300579 1
1553300580 1
1553300581 0
1553300582 6
1553300583 3
1553300584 3
1553300585 4
1553300586 1
1553300587 8
1553300588 6
1553300589 2
1553300590 3
1553300591 2
1553300592 0
1553300593 0
1553300594 4
1553300595 2
1553300596 1
1553300597 3
1553300598 3
1553300599 3
1553300600 1
1553300601 5
1553300602 2
1553300603 4
1553300604 2
1553300605 3
1553300606 3
1553300607 2
1553300608 0
1553300609 5
1553300610 5
1553300611 6
1553300612 11
1553300613 3
1553300614 4
1553300615 7
1553300616 3
1553300617 4
1553300618 4
1553300619 6
1553300620 4
1553300621 3
1553300622 2
1553300623 2
1553300624 8
1553300625 3
1553300626 3
1553300627 1
1553300628 2
1553300629 5
1553300630 4
1553300631 2
1553300632 3
1553300633 3
1553300634 4
1553300635 4
1553300636 5
1553300637 2
1553300638 1
1553300639 4
1553300640 4
1553300641 1
1553300642 9
1553300643 4
1553300644 1
1553300645 3
1553300646 4
1553300647 2
1553300648 4
1553300649 3
1553300650 5
1553300651 1
1553300652 2
1553300653 3
1553300654 1
1553300655 2
1553300656 5
1553300657 1
1553300658 3
1553300659 2
1553300660 6
1553300661 5
1553300662 2
1553300663 1
1553300664 7
1553300665 1
1553300666 6
1553300667 3
1553300668 1
1553300669 1
1553300670 3
1553300671 2
1553300672 3
1553300673 3
1553300674 0
1553300675 3
1553300676 6
1553300677 4
1553300678 4
1553300679 3
1553300680 1
1553300681 3
1553300682 3
1553300683 3
1553300684 4
1553300685 3
1553300686 4
1553300687 3
1553300688 3
1553300689 3
1553300690 4
1553300691 6
1553300692 1
1553300693 2
1553300694 1
1553300695 3
1553300696 2
1553300697 3
1553300698 3
1553300699 2
1553300700 5
1553300701 4
1553300702 0
1553300703 4
1553300704 2
1553300705 7
1553300706 1
1553300707 3
1553300708 4
1553300709 2
1553300710 3
1553300711 2
1553300712 3
1553300713 2
1553300714 2
1553300715 4
1553300716 1
1553300717 4
1553300718 2
1553300719 3
1553300720 4
1553300721 6
1553300722 2
1553300723 6
1553300724 7
1553300725 4
1553300726 4
1553300727 3
1553300728 1
1553300729 5
1553300730 3
1553300731 4
1553300732 4
1553300733 5
1553300734 5
1553300735 3
1553300736 4
1553300737 3
1553300738 2
1553300739 2
1553300740 4
1553300741 3
1553300742 5
1553300743 2
1553300744 6
1553300745 3
1553300746 18
1553300747 94
1553300748 31
1553300749 2
1553300750 3
1553300751 3
1553300752 1
1553300753 2
1553300754 4
1553300755 6
1553300756 11
1553300757 19
1553300758 93
1553300759 72
1553300760 4
1553300761 2
1553300762 1
1553300763 4
1553300764 1
1553300765 4
1553300766 4
1553300767 2
1553300768 1
1553300769 4
1553300770 3
1553300771 3
1553300772 2
1553300773 2
1553300774 0
1553300775 2
1553300776 3
1553300777 4
1553300778 4
1553300779 3
1553300780 2
1553300781 6
1553300782 1
1553300783 4
1553300784 2
1553300785 6
1553300786 0
1553300787 2
1553300788 17
1553300789 55
1553300790 1
1553300791 3
1553300792 6
1553300793 0
1553300794 28
1553300795 3
1553300796 5
1553300797 2
1553300798 1
1553300799 2
1553300800 4
1553300801 3
1553300802 8
1553300803 2
1553300804 2
1553300805 5
1553300806 2
1553300807 4
1553300808 0
1553300809 5
1553300810 1
1553300811 2
1553300812 3
1553300813 3
1553300814 2
1553300815 2
1553300816 4
1553300817 2
1553300818 2
1553300819 3
1553300820 3
1553300821 1
1553300822 5
1553300823 3
1553300824 4
1553300825 3
1553300826 1
1553300827 2
1553300828 5
1553300829 4
1553300830 4
1553300831 2
1553300832 5
1553300833 3
1553300834 2
1553300835 2
1553300836 1
1553300837 4
1553300838 6
1553300839 3
1553300840 3
1553300841 0
1553300842 1
1553300843 2
1553300844 3
1553300845 2
1553300846 6
1553300847 5
1553300848 3
1553300849 4
1553300850 3
1553300851 4
1553300852 3
1553300853 5
1553300854 0
1553300855 3
1553300856 1
1553300857 5
1553300858 5
1553300859 3
1553300860 6
1553300861 4
1553300862 8
1553300863 3
1553300864 4
1553300865 3
1553300866 3
1553300867 0
1553300868 5
1553300869 4
1553300870 1
1553300871 1
1553300872 2
1553300873 3
1553300874 3
1553300875 1
1553300876 5
1553300877 4
1553300878 0
1553300879 3
1553300880 1
1553300881 3
1553300882 2
1553300883 2
1553300884 3
1553300885 2
1553300886 3
1553300887 0
1553300888 1
1553300889 14
1553300890 16
1553300891 5
1553300892 6
1553300893 4
1553300894 5
1553300895 2
1553300896 1
1553300897 1
1553300898 2
1553300899 7
1553300900 3
1553300901 4
1553300902 2
1553300903 1
1553300904 0
1553300905 2
1553300906 2
1553300907 3
1553300908 3
1553300909 1
1553300910 2
1553300911 3
1553300912 0
1553300913 2
1553300914 4
1553300915 1
1553300916 3
1553300917 6
1553300918 93
1553300919 85
1553300920 64
1553300921 1
1553300922 4
1553300923 6
1553300924 5
1553300925 1
1553300926 2
1553300927 2
1553300928 3
1553300929 3
1553300930 4
1553300931 1
1553300932 4
1553300933 3
1553300934 2
1553300935 3
1553300936 1
1553300937 7
1553300938 2
1553300939 1
1553300940 4
1553300941 2
1553300942 1
1553300943 48
1553300944 67
1553300945 1
1553300946 4
1553300947 2
1553300948 1
1553300949 3
1553300950 2
1553300951 5
1553300952 2
1553300953 4
1553300954 1
1553300955 6
1553300956 4
1553300957 8
1553300958 4
1553300959 61
1553300960 83
1553300961 5
1553300962 0
1553300963 4
1553300964 4
1553300965 5
1553300966 0
1553300967 2
1553300968 3
1553300969 3
1553300970 3
1553300971 3
1553300972 5
1553300973 5
1553300974 5
1553300975 2
1553300976 4
1553300977 1
1553300978 4
1553300979 2
1553300980 87
1553300981 92
1553300982 94
1553300983 96
1553300984 12
1553300985 4
1553300986 2
1553300987 2
1553300988 43
1553300989 33
1553300990 5
1553300991 3
1553300992 1
1553300993 3
1553300994 7
1553300995 2
1553300996 3
1553300997 4
1553300998 4
1553300999 4
1553301000 5
1553301001 6
1553301002 3
1553301003 2
1553301004 6
1553301005 5
1553301006 5
1553301007 3
1553301008 0
1553301009 0
1553301010 4
1553301011 4
1553301012 3
1553301013 2
1553301014 2
1553301015 3
1553301016 4
1553301017 4
1553301018 5
1553301019 1
1553301020 5
1553301021 2
1553301022 4
1553301023 5
1553301024 5
1553301025 2
1553301026 4
1553301027 5
1553301028 2
1553301029 3
1553301030 0
1553301031 7
1553301032 22
1553301033 3
1553301034 1
1553301035 3
1553301036 0
1553301037 5
1553301038 5
1553301039 5
1553301040 17
1553301041 4
1553301042 6
1553301043 3
1553301044 2
1553301045 5
1553301046 3
1553301047 2
1553301048 1
1553301049 2
1553301050 3
1553301051 5
1553301052 2
1553301053 2
1553301054 1
1553301055 1
1553301056 4
1553301057 1
1553301058 1
1553301059 6
1553301060 1
1553301061 3
1553301062 1
1553301063 40
1553301064 94
1553301065 20
1553301066 2
1553301067 6
1553301068 2
1553301069 3
1553301070 6
1553301071 3
1553301072 4
1553301073 2
1553301074 3
1553301075 4
1553301076 5
1553301077 2
1553301078 1
1553301079 2
1553301080 1
1553301081 1
1553301082 3
1553301083 2
1553301084 2
1553301085 2
1553301086 3
1553301087 5
1553301088 5
1553301089 3
1553301090 4
1553301091 2
1553301092 2
1553301093 8
1553301094 2
1553301095 4
1553301096 4
1553301097 2
1553301098 2
1553301099 2
1553301100 2
1553301101 4
1553301102 1
1553301103 2
1553301104 1
1553301105 1
1553301106 4
1553301107 2
1553301108 2
1553301109 1
1553301110 3
1553301111 4
1553301112 3
1553301113 4
1553301114 3
1553301115 6
1553301116 2
1553301117 6
1553301118 1
1553301119 3
1553301120 4
1553301121 1
1553301122 1
1553301123 5
1553301124 7
1553301125 4
1553301126 2
1553301127 2
1553301128 81
1553301129 35
1553301130 2
1553301131 2
1553301132 1
1553301133 2
1553301134 2
1553301135 3
1553301136 40
1553301137 92
1553301138 93
1553301139 95
1553301140 94
1553301141 96
1553301142 96
1553301143 94
1553301144 96
1553301145 89
1553301146 40
1553301147 7
1553301148 2
1553301149 2
1553301150 4
1553301151 2
1553301152 2
1553301153 4
1553301154 3
1553301155 5
1553301156 6
1553301157 14
1553301158 53
1553301159 2
1553301160 3
1553301161 3
1553301162 2
1553301163 1
1553301164 2
1553301165 0
1553301166 1
1553301167 3
1553301168 6
1553301169 1
1553301170 2
1553301171 2
1553301172 2
1553301173 2
1553301174 2
1553301175 5
1553301176 3
1553301177 2
1553301178 3
1553301179 0
1553301180 4
1553301181 3
1553301182 1
1553301183 2
1553301184 5
1553301185 20
1553301186 92
1553301187 31
1553301188 3
1553301189 1
1553301190 3
1553301191 2
1553301192 1
1553301193 1
1553301194 5
1553301195 3
1553301196 0
1553301197 3
1553301198 2
1553301199 2
1553301200 1
1553301201 6
1553301202 1
1553301203 3
1553301204 5
1553301205 5
1553301206 27
1553301207 85
1553301208 7
1553301209 2
1553301210 3
1553301211 5
1553301212 0
1553301213 0
1553301214 2
1553301215 1
1553301216 4
1553301217 5
1553301218 2
1553301219 2
1553301220 6
1553301221 2
1553301222 3
1553301223 4
1553301224 5
1553301225 1
1553301226 3
1553301227 5
1553301228 6
1553301229 6
1553301230 3
1553301231 2
1553301232 4
1553301233 0
1553301234 1
1553301235 3
1553301236 2
1553301237 5
1553301238 3
1553301239 1
1553301240 3
1553301241 2
1553301242 2
1553301243 5
1553301244 2
1553301245 3
1553301246 4
1553301247 2
1553301248 1
1553301249 2
1553301250 7
1553301251 3
1553301252 3
1553301253 3
1553301254 4
1553301255 3
1553301256 2
1553301257 2
1553301258 3
1553301259 1
1553301260 5
1553301261 5
1553301262 2
1553301263 2
1553301264 5
1553301265 5
1553301266 5
1553301267 3
1553301268 2
1553301269 3
1553301270 3
1553301271 3
1553301272 5
1553301273 3
1553301274 3
1553301275 2
1553301276 85
1553301277 95
1553301278 83
1553301279 1
1553301280 2
1553301281 4
1553301282 4
1553301283 1
1553301284 5
1553301285 3
1553301286 1
1553301287 2
1553301288 5
1553301289 3
1553301290 4
1553301291 4
1553301292 0
1553301293 3
1553301294 4
1553301295 6
1553301296 3
1553301297 3
1553301298 2
1553301299 1
1553301300 6
1553301301 3
1553301302 4
1553301303 2
1553301304 3
1553301305 2
1553301306 3
1553301307 3
1553301308 1
1553301309 2
1553301310 1
1553301311 4
1553301312 3
1553301313 6
1553301314 3
1553301315 0
1553301316 3
1553301317 2
1553301318 3
1553301319 4
1553301320 5
1553301321 6
1553301322 5
1553301323 1
1553301324 4
1553301325 2
1553301326 4
1553301327 2
1553301328 6
1553301329 4
1553301330 1
1553301331 2
1553301332 6
1553301333 5
1553301334 3
1553301335 1
1553301336 5
1553301337 5
1553301338 1
1553301339 3
1553301340 1
1553301341 3
1553301342 4
1553301343 1
1553301344 4
1553301345 8
1553301346 3
1553301347 2
1553301348 2
1553301349 4
1553301350 2
1553301351 2
1553301352 1
1553301353 5
1553301354 4
1553301355 6
1553301356 4
1553301357 3
1553301358 2
1553301359 3
1553301360 2
1553301361 2
1553301362 4
1553301363 1
1553301364 5
1553301365 4
1553301366 0
1553301367 4
1553301368 2
1553301369 7
1553301370 3
1553301371 1
1553301372 1
1553301373 4
1553301374 43
1553301375 95
1553301376 75
1553301377 4
1553301378 5
1553301379 3
1553301380 1
1553301381 2
1553301382 2
1553301383 2
1553301384 6
1553301385 2
1553301386 0
1553301387 4
1553301388 0
1553301389 4
1553301390 2
1553301391 6
1553301392 3
1553301393 3
1553301394 2
1553301395 3
1553301396 3
1553301397 6
1553301398 0
1553301399 1
1553301400 0
1553301401 10
1553301402 3
1553301403 1
1553301404 6
1553301405 3
1553301406 3
1553301407 6
1553301408 6
1553301409 4
1553301410 2
1553301411 3
1553301412 3
1553301413 5
1553301414 95
1553301415 82
1553301416 3
1553301417 6
1553301418 2
1553301419 4
1553301420 4
1553301421 3
1553301422 4
1553301423 2
1553301424 5
1553301425 2
1553301426 0
1553301427 5
1553301428 5
1553301429 5
1553301430 2
1553301431 4
1553301432 1
1553301433 2
1553301434 1
1553301435 6
1553301436 3
1553301437 5
1553301438 95
1553301439 87
1553301440 94
1553301441 93
1553301442 60
1553301443 4
1553301444 2
1553301445 5
1553301446 2
1553301447 3
1553301448 3
1553301449 6
1553301450 3
1553301451 3
1553301452 2
1553301453 1
1553301454 2
1553301455 63
1553301456 3
1553301457 3
1553301458 1
1553301459 4
1553301460 0
1553301461 3
1553301462 3
1553301463 3
1553301464 3
1553301465 3
1553301466 0
1553301467 3
1553301468 3
1553301469 5
1553301470 4
1553301471 2
1553301472 1
1553301473 1
1553301474 5
1553301475 1
1553301476 3
1553301477 0
1553301478 3
1553301479 0
1553301480 1
1553301481 2
1553301482 6
1553301483 4
1553301484 4
1553301485 7
1553301486 4
1553301487 2
1553301488 3
1553301489 1
1553301490 4
1553301491 0
1553301492 1
1553301493 5
1553301494 4
1553301495 5
1553301496 6
1553301497 3
1553301498 5
1553301499 5
1553301500 4
1553301501 5
1553301502 3
1553301503 1
1553301504 2
1553301505 0
1553301506 3
1553301507 1
1553301508 2
1553301509 2
1553301510 2
1553301511 3
1553301512 3
1553301513 3
1553301514 3
1553301515 5
1553301516 14
1553301517 5
1553301518 4
1553301519 65
1553301520 98
1553301521 91
1553301522 93
1553301523 93
1553301524 96
1553301525 96
1553301526 65
1553301527 5
1553301528 7
1553301529 1
1553301530 1
1553301531 4
1553301532 0
1553301533 4
1553301534 3
1553301535 6
1553301536 1
1553301537 3
1553301538 3
1553301539 2
1553301540 2
1553301541 5
1553301542 4
1553301543 34
1553301544 97
1553301545 98
1553301546 93
1553301547 97
1553301548 90
1553301549 97
1553301550 96
1553301551 20
1553301552 4
1553301553 2
1553301554 7
1553301555 6
1553301556 2
1553301557 3
1553301558 3
1553301559 1
1553301560 3
1553301561 4
1553301562 4
1553301563 1
1553301564 33
1553301565 4
1553301566 3
1553301567 6
1553301568 5
1553301632 0
1553301633 2
1553301634 1
1553301635 2
1553301636 3
1553301637 2
1553301638 3
1553301639 7
1553301640 2
1553301641 5
1553301642 1
1553301643 4
1553301644 2
1553301645 2
1553301646 1
1553301647 1
1553301648 2
1553301649 3
1553301650 3
1553301651 2
1553301652 6
1553301653 4
1553301654 77
1553301655 95
1553301656 68
1553301657 1
1553301658 5
1553301659 5
1553301660 2
1553301661 3
1553301662 3
1553301663 1
1553301664 4
1553301665 2
1553301666 3
1553301667 3
1553301668 1
1553301669 3
1553301670 1
1553301671 3
1553301672 6
1553301673 6
1553301674 1
1553301675 2
1553301676 1
1553301677 1
1553301678 4
1553301679 3
1553301680 2
1553301681 4
1553301682 3
1553301683 2
1553301684 4
1553301685 1
1553301686 0
1553301687 1
1553301688 1
1553301689 0
1553301690 3
1553301691 2
1553301692 2
1553301693 4
1553301694 9
1553301695 2
1553301696 3
1553301697 4
1553301698 1
1553301699 3
1553301700 4
1553301701 2
1553301702 2
1553301703 4
1553301704 4
1553301705 1
1553301706 44
1553301707 93
1553301708 97
1553301709 19
1553301710 3
1553301711 3
1553301712 3
1553301713 3
1553301714 3
1553301715 0
1553301716 2
1553301717 3
1553301718 2
1553301719 6
1553301720 6
1553301721 4
1553301722 2
1553301723 2
1553301724 4
1553301725 8
1553301726 2
1553301727 4
1553301728 4
1553301729 4
1553301730 1
1553301731 3
1553301732 3
1553301733 3
1553301734 6
1553301735 4
1553301736 7
1553301737 3
1553301738 2
1553301739 7
1553301740 1
1553301741 5
1553301742 4
1553301743 4
1553301744 2
1553301745 3
1553301746 4
1553301747 5
1553301748 2
1553301749 28
1553301750 2
1553301751 1
1553301752 5
1553301753 7
1553301754 2
1553301755 2
1553301756 4
1553301757 7
1553301758 3
1553301759 1
1553301760 5
1553301761 2
1553301762 4
1553301763 3
1553301764 1
1553301765 1
1553301766 2
1553301767 3
1553301768 2
1553301769 4
1553301770 6
1553301771 4
1553301772 3
1553301773 3
1553301774 4
1553301775 6
1553301776 3
1553301777 4
1553301778 0
1553301779 4
1553301780 2
1553301781 0
1553301782 3
1553301783 2
1553301784 1
1553301785 0
1553301786 3
1553301787 1
1553301788 3
1553301789 3
1553301790 1
1553301791 2
1553301792 2
1553301793 2
1553301794 1
1553301795 2
1553301796 2
1553301797 4
1553301798 4
1553301799 3
1553301800 4
1553301801 4
1553301802 7
1553301803 1
1553301804 4
1553301805 3
1553301806 2
1553301807 5
1553301808 4
1553301809 3
1553301810 2
1553301811 5
1553301812 1
1553301813 2
1553301814 0
1553301815 1
1553301816 1
1553301817 6
1553301818 4
1553301819 4
1553301820 0
1553301821 4
1553301822 0
1553301823 3
1553301824 4
1553301825 1
1553301826 1
1553301827 3
1553301828 4
1553301829 1
1553301830 3
1553301831 2
1553301832 7
1553301833 5
1553301834 1
1553301835 2
1553301836 4
1553301837 8
1553301838 2
1553301839 5
1553301840 3
1553301841 0
1553301842 6
1553301843 5
1553301844 3
1553301845 2
1553301846 5
1553301847 6
1553301848 3
1553301849 1
1553301850 3
1553301851 3
1553301852 2
1553301853 3
1553301854 2
1553301855 5
1553301856 4
1553301857 1
1553301858 2
1553301859 7
1553301860 3
1553301861 2
1553301862 2
1553301863 3
1553301864 0
1553301865 4
1553301866 9
1553301867 4
1553301868 3
1553301869 1
1553301870 3
1553301871 2
1553301872 2
1553301873 2
1553301874 0
1553301875 2
1553301876 4
1553301877 5
1553301878 1
1553301879 3
1553301880 5
1553301881 3
1553301882 3
1553301883 2
1553301884 2
1553301885 1
1553301886 2
1553301887 1
1553301888 3
1553301889 2
1553301890 4
1553301891 4
1553301892 3
1553301893 2
1553301894 1
1553301895 3
1553301896 0
1553301897 3
1553301898 2
1553301899 2
1553301900 6
1553301901 0
1553301902 2
1553301903 0
1553301904 1
1553301905 3
1553301906 3
1553301907 1
1553301908 3
1553301909 3
1553301910 5
1553301911 35
1553301912 87
1553301913 97
1553301914 94
1553301915 93
1553301916 96
1553301917 97
1553301918 94
1553301919 65
1553301920 3
1553301921 6
1553301922 1
1553301923 3
1553301924 1
1553301925 1
1553301926 3
1553301927 5
1553301928 4
1553301929 3
1553301930 2
1553301931 1
1553301932 4
1553301933 1
1553301934 2
1553301935 1
1553301936 2
1553301937 2
1553301938 4
1553301939 6
1553301940 4
1553301941 5
1553301942 1
1553301943 4
1553301944 7
1553301945 3
1553301946 4
1553301947 4
1553301948 5
1553301949 2
1553301950 2
1553301951 2
1553301952 4
1553301953 45
1553301954 99
1553301955 41
1553301956 6
1553301957 1
1553301958 5
1553301959 3
1553301960 1
1553301961 3
1553301962 1
1553301963 1
1553301964 3
1553301965 3
1553301966 2
1553301967 5
1553301968 6
1553301969 7
1553301970 5
1553301971 1
1553301972 1
1553301973 0
1553301974 2
1553301975 2
1553301976 6
1553301977 2
1553301978 5
1553301979 1
1553301980 3
1553301981 4
1553301982 5
1553301983 6
1553301984 2
1553301985 1
1553301986 0
1553301987 4
1553301988 2
1553301989 2
1553301990 2
1553301991 5
1553301992 2
1553301993 4
1553301994 1
1553301995 1
1553301996 3
1553301997 2
1553301998 2
1553301999 3
1553302000 2
1553302001 1
1553302002 2
1553302003 2
1553302004 2
1553302005 5
1553302006 3
1553302007 83
1553302008 93
1553302009 96
1553302010 91
1553302011 91
1553302012 92
1553302013 94
1553302014 94
1553302015 97
1553302016 95
1553302017 57
1553302018 2
1553302019 2
1553302020 3
1553302021 3
1553302022 3
1553302023 2
1553302024 1
1553302025 3
1553302026 1
1553302027 4
1553302028 4
1553302029 2
1553302030 2
1553302031 4
1553302032 3
1553302033 2
1553302034 3
1553302035 2
1553302036 4
1553302037 2
1553302038 1
1553302039 4
1553302040 2
1553302041 3
1553302042 5
1553302043 3
1553302044 4
1553302045 4
1553302046 3
1553302047 1
1553302048 3
1553302049 4
1553302050 0
1553302051 2
1553302052 3
1553302053 3
1553302054 1
1553302055 2
1553302056 4
1553302057 5
1553302058 2
1553302059 2
1553302060 2
1553302061 6
1553302062 1
1553302063 2
1553302064 3
1553302065 1
1553302066 1
1553302067 4
1553302068 6
1553302069 6
1553302070 0
1553302071 2
1553302072 6
1553302073 6
1553302074 3
1553302075 5
1553302076 6
1553302077 1
1553302078 3
1553302079 1
1553302080 3
1553302081 3
1553302082 0
1553302083 2
1553302084 3
1553302085 4
1553302086 5
1553302087 2
1553302088 4
1553302089 5
1553302090 2
1553302091 2
1553302092 2
1553302093 0
1553302094 2
1553302095 1
1553302096 6
1553302097 1
1553302098 4
1553302099 5
1553302100 6
1553302101 1
1553302102 5
1553302103 3
1553302104 5
1553302105 9
1553302106 32
1553302107 1
1553302108 7
1553302109 4
1553302110 6
1553302111 6
1553302112 3
1553302113 5
1553302114 5
1553302115 3
1553302116 3
1553302117 3
1553302118 3
1553302119 2
1553302120 1
1553302121 1
1553302122 3
1553302123 1
1553302124 2
1553302125 3
1553302126 14
1553302127 2
1553302128 4
1553302129 5
1553302130 2
1553302131 3
1553302132 3
1553302133 0
1553302134 6
1553302135 3
1553302136 4
1553302137 5
1553302138 4
1553302139 3
1553302140 4
1553302141 4
1553302142 3
1553302143 4
1553302144 2
1553302145 3
1553302146 3
1553302147 3
1553302148 6
1553302149 2
1553302150 5
1553302151 6
1553302152 5
1553302153 1
1553302154 5
1553302155 2
1553302156 3
1553302157 1
1553302158 5
1553302159 3
1553302160 2
1553302161 5
1553302162 2
1553302163 3
1553302164 3
1553302165 8
1553302166 3
1553302167 4
1553302168 3
1553302169 5
1553302170 2
1553302171 5
1553302172 7
1553302173 2
1553302174 1
1553302175 4
1553302176 5
1553302177 1
1553302178 3
1553302179 4
1553302180 3
1553302181 2
1553302182 4
1553302183 2
1553302184 4
1553302185 3
1553302186 4
1553302187 2
1553302188 1
1553302189 4
1553302190 0
1553302191 2
1553302192 0
1553302193 4
1553302194 3
1553302195 5
1553302196 3
1553302197 4
1553302198 4
1553302199 1
1553302200 3
1553302201 2
1553302202 6
1553302203 2
1553302204 2
1553302205 3
1553302206 3
1553302207 4
1553302208 0
1553302209 7
1553302210 3
1553302211 4
1553302212 2
1553302213 5
1553302214 5
1553302215 5
1553302216 3
1553302217 4
1553302218 6
1553302219 1
1553302220 3
1553302221 2
1553302222 10
1553302223 1
1553302224 2
1553302225 4
1553302226 2
1553302227 63
1553302228 96
1553302229 90
1553302230 93
1553302231 82
1553302232 95
1553302233 95
1553302234 1
1553302235 1
1553302236 2
1553302237 3
1553302238 6
1553302239 2
1553302240 4
1553302241 3
1553302242 2
1553302243 2
1553302244 2
1553302245 4
1553302246 3
1553302247 8
1553302248 3
1553302249 3
1553302250 3
1553302251 3
1553302252 3
1553302253 4
1553302254 3
1553302255 6
1553302256 6
1553302257 4
1553302258 2
1553302259 2
1553302260 2
1553302261 2
1553302262 0
1553302263 1
1553302264 3
1553302265 6
1553302266 2
1553302267 2
1553302268 3
1553302269 6
1553302270 7
1553302271 4
1553302272 3
1553302273 4
1553302274 5
1553302275 5
1553302276 2
1553302277 4
1553302278 7
1553302279 4
1553302280 2
1553302281 2
1553302282 5
1553302283 4
1553302284 1
1553302285 3
1553302286 4
1553302287 2
1553302288 3
1553302289 3
1553302290 3
1553302291 3
1553302292 1
1553302293 2
1553302294 3
1553302295 2
1553302296 2
1553302297 3
1553302298 2
1553302299 4
1553302300 5
1553302301 1
1553302302 2
1553302303 2
1553302304 4
1553302305 1
1553302306 2
1553302307 3
1553302308 3
1553302309 4
1553302310 1
1553302311 0
1553302312 4
1553302313 6
1553302314 3
1553302315 8
1553302316 4
1553302317 5
1553302318 13
1553302319 76
1553302320 6
1553302321 5
1553302322 5
1553302323 5
1553302324 3
1553302325 0
1553302326 2
1553302327 2
1553302328 4
1553302329 4
1553302330 2
1553302331 3
1553302332 1
1553302333 7
1553302334 2
1553302335 3
1553302336 4
1553302337 2
1553302338 4
1553302339 2
1553302340 3
1553302341 3
1553302342 2
1553302343 2
1553302344 3
1553302345 2
1553302346 6
1553302347 3
1553302348 7
1553302349 4
1553302350 2
1553302351 1
1553302352 3
1553302353 3
1553302354 1
1553302355 4
1553302356 5
1553302357 6
1553302358 0
1553302359 5
1553302360 0
1553302361 2
1553302362 3
1553302363 4
1553302364 1
1553302365 2
1553302366 2
1553302367 3
1553302368 3
1553302369 5
1553302370 6
1553302371 7
1553302372 2
1553302373 4
1553302374 1
1553302375 4
1553302376 4
1553302377 4
1553302378 47
1553302379 81
1553302380 4
1553302381 2
1553302382 0
1553302383 6
1553302384 4
1553302385 8
1553302386 3
1553302387 3
1553302388 2
1553302389 5
1553302390 6
1553302391 2
1553302392 0
1553302393 3
1553302394 1
1553302395 2
1553302396 5
1553302397 35
1553302398 4
1553302399 4
1553302400 0
1553302401 2
1553302402 3
1553302403 6
1553302404 4
1553302405 1
1553302406 2
1553302407 2
1553302408 5
1553302409 5
1553302410 3
1553302411 1
1553302412 0
1553302413 4
1553302414 3
1553302415 3
1553302416 3
1553302417 2
1553302418 2
1553302419 5
1553302420 1
1553302421 2
1553302422 5
1553302423 5
1553302424 2
1553302425 5
1553302426 5
1553302427 4
1553302428 1
1553302429 4
1553302430 1
1553302431 2
1553302432 3
1553302433 2
1553302434 4
1553302435 3
1553302436 5
1553302437 5
1553302438 6
1553302439 1
1553302440 1
1553302441 2
1553302442 3
1553302443 4
1553302444 7
1553302445 6
1553302446 2
1553302447 4
1553302448 3
1553302449 1
1553302450 2
1553302451 2
1553302452 1
1553302453 5
1553302454 2
1553302455 4
1553302456 9
1553302457 4
1553302458 5
1553302459 2
1553302460 2
1553302461 1
1553302462 4
1553302463 1
1553302464 5
1553302465 2
1553302466 0
1553302467 0
1553302468 2
1553302469 22
1553302470 45
1553302471 3
1553302472 1
1553302473 4
1553302474 1
1553302475 3
1553302476 6
1553302477 2
1553302478 1
1553302479 2
1553302480 3
1553302481 2
1553302482 2
1553302483 2
1553302484 1
1553302485 6
1553302486 2
1553302487 5
1553302488 8
1553302489 2
1553302490 3
1553302491 6
1553302492 6
1553302493 1
1553302494 1
1553302495 4
1553302496 4
1553302497 2
1553302498 1
1553302499 5
1553302500 1
1553302501 40
1553302502 2
1553302503 3
1553302504 2
1553302505 6
1553302506 2
1553302507 3
1553302508 3
1553302509 3
1553302510 5
1553302511 5
1553302512 1
1553302513 3
1553302514 5
1553302515 0
1553302516 1
1553302517 4
1553302518 2
1553302519 2
1553302520 2
1553302521 2
1553302522 1
1553302523 5
1553302524 5
1553302525 4
1553302526 3
1553302527 2
1553302528 3
1553302529 5
1553302530 2
1553302531 1
1553302532 2
1553302533 6
1553302534 4
1553302535 1
1553302536 3
1553302537 2
1553302538 5
1553302539 1
1553302540 2
1553302541 4
1553302542 90
1553302543 96
1553302544 63
1553302545 2
1553302546 1
1553302547 7
1553302548 4
1553302549 3
1553302550 2
1553302551 3
1553302552 3
1553302553 4
1553302554 2
1553302555 2
1553302556 2
1553302557 2
1553302558 10
1553302559 90
1553302560 91
1553302561 49
1553302562 2
1553302563 2
1553302564 2
1553302565 5
1553302566 3
1553302567 3
1553302568 1
1553302569 3
1553302570 2
1553302571 5
1553302572 3
1553302573 4
1553302574 31
1553302575 97
1553302576 93
1553302577 82
1553302578 6
1553302579 2
1553302580 2
1553302581 6
1553302582 4
1553302583 6
1553302584 40
1553302585 1
1553302586 1
1553302587 2
1553302588 3
1553302589 5
1553302590 3
1553302591 1
1553302592 2
1553302593 1
1553302594 2
1553302595 2
1553302596 3
1553302597 4
1553302598 1
1553302599 4
1553302600 5
1553302601 2
1553302602 2
1553302603 1
1553302604 3
1553302605 0
1553302606 4
1553302607 5
1553302608 4
1553302609 2
1553302610 1
1553302611 3
1553302612 2
1553302613 1
1553302614 1
1553302615 4
1553302616 23
1553302617 3
1553302618 3
1553302619 1
1553302620 5
1553302621 1
1553302622 6
1553302623 2
1553302624 3
1553302625 4
1553302626 5
1553302627 5
1553302628 3
1553302629 6
1553302630 3
1553302631 4
1553302632 6
1553302633 4
1553302634 2
1553302635 2
1553302636 2
1553302637 5
1553302638 1
1553302639 2
1553302640 3
1553302641 3
1553302642 3
1553302643 4
1553302644 4
1553302645 6
1553302646 2
1553302647 6
1553302648 2
1553302649 3
1553302650 5
1553302651 2
1553302652 1
1553302653 1
1553302654 2
1553302655 1
1553302656 3
1553302657 1
1553302658 3
1553302659 4
1553302660 3
1553302661 2
1553302662 7
1553302663 11
1553302664 1
1553302665 4
1553302666 1
1553302667 7
1553302668 2
1553302669 2
1553302670 4
1553302671 1
1553302672 3
1553302673 1
1553302674 2
1553302675 1
1553302676 4
1553302677 1
1553302678 2
1553302679 3
1553302680 2
1553302681 4
1553302682 1
1553302683 5
1553302684 2
1553302685 1
1553302686 5
1553302687 3
1553302688 3
1553302689 3
1553302690 6
1553302691 4
1553302692 5
1553302693 6
1553302694 4
1553302695 4
1553302696 0
1553302697 4
1553302698 1
1553302699 6
1553302700 4
1553302701 4
1553302702 4
1553302703 2
1553302704 5
1553302705 3
1553302706 3
1553302707 6
1553302708 3
1553302709 2
1553302710 0
1553302711 7
1553302712 0
1553302713 5
1553302714 5
1553302715 3
1553302716 2
1553302717 4
1553302718 1
1553302719 0
1553302720 5
1553302721 4
1553302722 4
1553302723 3
1553302724 3
1553302725 2
1553302726 0
1553302727 3
1553302728 4
1553302729 6
1553302730 4
1553302731 5
1553302732 6
1553302733 4
1553302734 2
1553302735 3
1553302736 0
1553302737 4
1553302738 2
1553302739 1
1553302740 3
1553302741 4
1553302742 4
1553302743 2
1553302744 2
1553302745 3
1553302746 5
1553302747 3
1553302748 6
1553302749 2
1553302750 20
1553302751 2
1553302752 3
1553302753 1
1553302754 0
1553302755 5
1553302756 3
1553302757 2
1553302758 2
1553302759 4
1553302760 3
1553302761 3
1553302762 2
1553302763 3
1553302764 2
1553302765 0
1553302766 3
1553302767 4
1553302768 6
1553302769 3
1553302770 3
1553302771 2
1553302772 5
1553302773 5
1553302774 4
1553302775 2
1553302776 1
1553302777 2
1553302778 2
1553302779 3
1553302780 1
1553302781 2
1553302782 5
1553302783 6
1553302784 1
1553302785 2
1553302786 3
1553302787 4
1553302788 2
1553302789 4
1553302790 2
1553302791 2
1553302792 2
1553302793 4
1553302794 2
1553302795 5
1553302796 2
1553302797 1
1553302798 3
1553302799 1
1553302800 4
