1553299200 4030076 514
1553299201 12523580 2769
1553299201 24260199 1738
1553299201 32245974 849
1553299202 22345555 2396
1553299203 1149197 2895
1553299203 26501983 2516
1553299203 39468401 620
1553299207 12897672 7042
1553299212 3854100 119
1553299216 7200052 7042
1553299217 11217385 1864
1553299217 32846551 2002
1553299217 28719791 2066
1553299220 6731530 398
1553299223 9988130 1820
1553299224 4379155 3316
1553299225 36952590 4419
1553299230 27115426 3997
1553299231 19807134 2377
1553299231 26876580 339
1553299231 33111747 954
1553299233 6244962 181
1553299233 11630135 194
1553299235 34697382 2690
1553299236 27464044 302
1553299236 35968858 266
1553299238 33131570 2854
1553299239 8776922 4581
1553299240 29788232 2214
1553299241 12995409 5066
1553299242 2080576 511
1553299242 27130948 2620
1553299245 751885 372
1553299248 26192785 1469
1553299250 3332898 116
1553299251 32810868 175
1553299253 29977565 1293
1553299253 37157964 2440
1553299258 2387587 174
1553299261 3320827 502
1553299263 37653923 2307
1553299265 2746675 119
1553299265 12760000 484
1553299267 6473788 3350
1553299267 27776441 475
1553299267 34376597 322
1553299273 35597742 2479
1553299276 24178060 2011
1553299277 1649821 7472
1553299277 15304898 677
1553299277 17718604 311
1553299277 24566221 263
1553299278 21823256 2173
1553299278 33610750 2051
1553299279 30063333 274
1553299279 38308616 3478
1553299280 3697999 3385
1553299280 4987496 2241
1553299280 28991254 230
1553299281 1617396 492
1553299281 21084076 639
1553299281 37851498 4117
1553299283 10484208 2677
1553299284 6867652 294
1553299286 28245621 3007
1553299294 11418341 3255
1553299295 7174454 3963
1553299297 39731163 1912
1553299303 33839451 699
1553299306 7769232 1251
1553299307 5135292 5504
1553299307 23887814 2749
1553299309 32651555 216
1553299310 35135345 2402
1553299312 23844970 3186
1553299314 8527139 2893
1553299314 12627088 1015
1553299315 11463226 2946
1553299315 31912270 3482
1553299317 17521310 1753
1553299318 32455112 1540
1553299321 30289637 520
1553299322 6754591 4100
1553299322 27316527 203
1553299322 32505522 1485
1553299322 36119333 348
1553299322 37657793 415
1553299324 10820681 358
1553299324 33155199 129
1553299325 35499258 523
1553299325 38818969 475
1553299326 25780184 4356
1553299327 35470091 169
1553299327 31427649 2843
1553299330 18964543 3531
1553299330 32480036 1896
1553299330 36210753 622
1553299331 24701227 2708
1553299331 32263449 2733
1553299332 2633725 1923
1553299332 27147676 838
1553299334 3845997 718
1553299334 9648672 5246
1553299334 11923559 174
1553299337 7936810 1861
1553299337 28639973 1133
1553299338 8715695 2414
1553299342 13676816 2169
1553299344 31391624 3165
1553299344 37915923 3848
1553299345 19396713 236
1553299346 32673586 3238
1553299348 7602213 3965
1553299348 12344941 4220
1553299348 20671053 3503
1553299349 18059549 837
1553299350 1332968 2708
1553299350 5424903 1269
1553299350 24092477 5154
1553299351 28329743 3913
1553299351 39509993 3229
1553299352 25046743 173
1553299355 5180029 3248
1553299356 31871559 3140
1553299357 309258 3912
1553299358 12652187 7847
1553299358 39173571 461
1553299359 5581926 182
1553299364 244386 518
1553299364 30009468 3942
1553299364 14384397 112
1553299364 29061094 2768
1553299366 22576779 2421
1553299366 35931321 403
1553299367 2906835 389
1553299367 14494827 788
1553299368 17005861 487
1553299370 14420771 580
1553299373 10863391 149
1553299375 7297437 120
1553299375 37877428 4686
1553299376 9908046 206
1553299376 11394548 497
1553299378 19213775 5204
1553299382 10838440 224
1553299384 30993959 200
1553299385 7822286 374
1553299385 26164370 1338
1553299385 11021467 756
1553299385 18104332 895
1553299385 33229707 4297
1553299389 21725066 519
1553299389 27764955 127
1553299390 33815160 1395
1553299391 1560969 852
1553299391 5241573 367
1553299392 28606256 345
1553299394 27283296 508
1553299394 32438908 5584
1553299395 15741097 3271
1553299395 19679336 2597
1553299398 20100402 2646
1553299398 31780196 619
1553299401 8941514 2352
1553299401 32390771 3094
1553299402 9411952 662
1553299402 26143707 995
1553299402 39057389 4259
1553299404 14469566 2311
1553299404 31772333 3361
1553299407 10964852 531
1553299407 36523178 1472
1553299408 1965869 4735
1553299409 10295422 3586
1553299411 35038353 879
1553299415 609643 3020
1553299415 21292361 4277
1553299419 21224442 270
1553299420 7763907 391
1553299421 24249891 318
1553299422 4198414 6670
1553299425 17187832 2654
1553299425 34034821 142
1553299426 25387265 2158
1553299426 38157623 3530
1553299428 26346394 3943
1553299429 3569853 3315
1553299429 9101036 1908
1553299432 34011568 1668
1553299433 9685936 1442
1553299436 6643804 1270
1553299436 28340915 4363
1553299438 4790999 1882
1553299438 13290903 4586
1553299438 27905305 534
1553299438 33925724 1800
1553299438 35596692 4249
1553299442 27580799 231
1553299443 7012261 2728
1553299443 14093470 2381
1553299444 16375049 1746
1553299444 34072971 1632
1553299445 7627359 4187
1553299449 613017 260
1553299449 1597210 180
1553299449 29586997 3273
1553299450 12352760 3441
1553299451 22488145 2178
1553299451 38994988 3819
1553299453 27346587 2805
1553299455 5299216 4714
1553299455 36251948 282
1553299457 13697550 519
1553299458 9424050 2807
1553299459 12824709 2382
1553299462 4098299 228
1553299462 33674913 3704
1553299462 5945414 703
1553299462 15921440 2716
1553299462 24066338 611
1553299464 27469169 1291
1553299465 6758599 402
1553299466 34699753 2500
1553299468 19268752 389
1553299470 23068340 4260
1553299471 6913995 148
1553299472 16235769 3563
1553299472 18857542 2876
1553299472 36700407 222
1553299474 10758415 880
1553299475 2297004 618
1553299475 11153021 2976
1553299476 17917213 477
1553299478 9989981 375
1553299478 39063020 2959
1553299479 16226668 1420
1553299479 36280536 193
1553299482 20786208 365
1553299484 29824896 4435
1553299486 2711089 744
1553299486 7400171 154
1553299486 11419614 92
1553299487 23271818 482
1553299487 26376626 218
1553299488 1440557 82
1553299489 23649881 4982
1553299491 5225642 185
1553299497 19034046 148
1553299497 21953135 437
1553299498 5594914 3770
1553299502 8822565 452
1553299505 11402215 145
1553299505 36780758 3482
1553299505 39734137 3770
1553299507 34528516 3263
1553299508 20752725 2424
1553299509 28068946 3010
1553299510 20248253 250
1553299510 31670764 3088
1553299511 18043490 1800
1553299511 32365245 576
1553299512 12390125 147
1553299514 31465002 3239
1553299516 11157160 1098
1553299517 32300505 2848
1553299518 39937873 2710
1553299519 18009308 2961
1553299520 22777070 1036
1553299520 27875453 2691
1553299522 3661036 645
1553299522 11123823 2130
1553299522 32034204 3513
1553299523 31049915 2026
1553299526 11155650 590
1553299526 27273905 266
1553299528 35592213 3308
1553299529 9945577 7770
1553299532 13059480 1642
1553299533 33931057 2888
1553299533 37313018 3034
1553299534 3783036 1894
1553299534 12986871 264
1553299534 21077365 491
1553299535 20806639 3621
1553299537 6074028 3290
1553299537 6746183 3805
1553299537 21597762 5024
1553299537 30678446 428
1553299538 5712123 793
1553299538 23992556 3743
1553299540 7044941 2309
1553299543 10485436 223
1553299544 5310687 3886
1553299544 20590105 395
1553299547 18242492 416
1553299547 28250095 359
1553299547 31377737 114
1553299547 31943428 3243
1553299547 38649391 449
1553299548 29699329 3709
1553299550 36282233 149
1553299553 15691559 7776
1553299553 20029901 1321
1553299555 17574467 3307
1553299558 35038694 2884
1553299559 9901223 461
1553299560 29546087 389
1553299560 31178191 168
1553299560 34471290 664
1553299567 23508027 355
1553299568 37919816 352
1553299570 7339054 5666
1553299570 13804461 557
1553299570 14851678 2875
1553299570 20421744 1545
1553299572 18681176 1014
1553299572 38844975 2171
1553299573 8183327 2769
1553299573 27164383 291
1553299576 19282237 2749
1553299577 23317689 3704
1553299577 32295580 2860
1553299581 1123415 3261
1553299581 23563439 2434
1553299582 4194089 3416
1553299582 28027092 5435
1553299582 28503037 2114
1553299582 29055148 1790
1553299582 29129967 3020
1553299582 29273518 280
1553299582 29484530 1761
1553299582 37992893 3513
1553299583 314731 596
1553299583 534924 2338
1553299583 1377305 517
1553299583 1653390 1820
1553299583 2030727 819
1553299583 2029773 1145
1553299583 2193151 3954
1553299583 2316152 2441
1553299583 2401428 1680
1553299583 2632332 2678
1553299583 2891243 718
1553299583 3090980 3408
1553299583 3099084 2842
1553299583 3262619 834
1553299583 3482847 3067
1553299583 3483141 2631
1553299583 3649468 2072
1553299583 3654369 1179
1553299583 3910991 1612
1553299583 3931021 163
1553299583 3967938 1399
1553299583 4100030 2380
1553299583 4218128 3198
1553299583 5256157 1031
1553299583 5399765 1458
1553299583 5641092 1804
1553299583 5672876 799
1553299583 5695816 1496
1553299583 6048399 743
1553299583 6308727 715
1553299583 6421578 575
1553299583 6473992 2176
1553299583 6808246 675
1553299583 7044274 2792
1553299583 7408222 709
1553299583 7480681 1169
1553299583 7600892 615
1553299583 7624667 99
1553299583 7671204 397
1553299583 7701003 222
1553299583 7870735 511
1553299583 8124712 1860
1553299583 8289205 693
1553299583 8597470 1193
1553299583 8691943 744
1553299583 9034319 1980
1553299583 9231594 851
1553299583 9345903 235
1553299583 9502916 238
1553299583 9633597 971
1553299583 9992984 622
1553299583 10246571 389
1553299583 10366872 250
1553299583 11120589 478
1553299583 11344009 954
1553299583 11456254 733
1553299583 11709355 297
1553299583 11789833 452
1553299583 11802128 955
1553299583 11891955 1407
1553299583 12041144 381
1553299583 12164235 275
1553299583 12439138 349
1553299583 12508496 698
1553299583 12634511 1407
1553299583 12680571 277
1553299583 13025870 67
1553299583 13273339 1176
1553299583 13381084 195
1553299583 13670934 298
1553299583 14054792 412
1553299583 14094544 156
1553299584 6564620 4583
1553299585 21953386 4343
1553299588 30860721 1643
1553299590 12947975 144
1553299590 23617172 301
1553299592 31049829 2575
1553299592 35294667 3193
1553299596 35196615 2802
1553299597 33905985 1891
1553299598 2312057 2394
1553299600 18114734 672
1553299601 21698658 400
1553299603 37702499 3050
1553299605 26049500 3217
1553299606 18815440 245
1553299607 33034141 506
1553299608 10308104 442
1553299608 32829018 1969
1553299609 4906411 2069
1553299610 703255 2319
1553299613 4190141 754
1553299613 36943519 3700
1553299613 6679349 346
1553299615 19470568 1936
1553299617 27082694 388
1553299618 25140608 1968
1553299618 25140691 1842
1553299618 25140715 2943
1553299618 25140828 1375
1553299618 25140853 385
1553299618 25140883 3104
1553299618 25140972 2957
1553299618 25183419 1148
1553299618 25268853 1750
1553299618 25315790 1264
1553299618 25394155 1637
1553299618 25481676 3183
1553299618 25560340 2281
1553299618 25635599 3794
1553299618 25873675 4630
1553299618 25971371 3155
1553299618 26069471 1727
1553299618 26107145 1339
1553299618 26438229 3345
1553299618 26810542 1382
1553299618 36113212 1269
1553299619 37835 2436
1553299620 25979261 2760
1553299621 5640357 458
1553299621 15592666 489
1553299621 16272363 589
1553299622 2628719 3543
1553299622 39246555 735
1553299623 14219936 664
1553299625 21543224 7331
1553299627 36649828 808
1553299628 21150348 5603
1553299630 32573404 180
1553299631 8405325 500
1553299631 39607805 2301
1553299633 32577928 3227
1553299636 26938743 4225
1553299637 2238511 1682
1553299637 32817504 280
1553299639 20844259 315
1553299640 34438966 170
1553299641 1368202 321
1553299641 3857630 423
1553299641 35971833 1546
1553299647 30697013 2050
1553299647 36040024 2867
1553299648 5966772 3305
1553299648 21933663 232
1553299648 37032911 2760
1553299649 1084179 268
1553299649 13228334 4716
1553299654 36045950 2148
1553299655 39116796 2149
1553299656 20342463 2779
1553299657 8535372 310
1553299657 19998941 3103
1553299659 16705983 6697
1553299661 9857070 2208
1553299661 15624588 1752
1553299663 20580494 1857
1553299666 3140301 4166
1553299668 658860 3707
1553299669 2487973 398
1553299669 16535124 2728
1553299670 20273966 343
1553299671 32954020 1584
1553299673 22622099 177
1553299673 23939519 770
1553299673 34565254 402
1553299674 2034177 78
1553299675 33164749 2787
1553299678 23829661 152
1553299679 3620044 2433
1553299682 29749696 3557
1553299683 3873516 95
1553299689 39327790 1033
1553299690 14363070 1687
1553299690 18079311 1941
1553299691 22257937 206
1553299691 29927460 3057
1553299693 35364651 2702
1553299694 27359705 497
1553299695 20370571 2302
1553299696 1089266 2956
1553299698 21080974 3934
1553299698 30034780 2430
1553299699 27441404 216
1553299700 25231796 3622
1553299700 26897653 4012
1553299701 2264319 242
1553299702 17123151 707
1553299706 5706957 280
1553299706 9190824 147
1553299708 10321469 3362
1553299709 2521349 551
1553299709 30515549 245
1553299712 16502392 361
1553299714 32386707 3368
1553299715 36576249 2070
1553299717 1777184 3682
1553299717 29274047 5447
1553299721 27994324 4151
1553299721 31915453 3377
1553299723 12437802 2951
1553299723 25704696 3851
1553299725 2821430 3399
1553299727 14996232 325
1553299727 21457382 652
1553299728 27790377 500
1553299728 37162934 430
1553299730 925135 2871
1553299730 9034235 920
1553299731 14293075 5424
1553299734 14458100 2883
1553299734 16394987 3465
1553299734 35212678 2485
1553299736 18257892 3233
1553299737 3541211 414
1553299738 16809038 574
1553299738 35609637 571
1553299739 34155565 743
1553299742 7891700 181
1553299742 17435410 4314
1553299742 20688571 1361
1553299743 22805368 1205
1553299744 56632 3195
1553299744 11340625 3243
1553299744 31432672 721
1553299749 20831955 123
1553299749 30521718 187
1553299749 39152544 1415
1553299750 15040530 2332
1553299751 17978123 79
1553299752 35401639 414
1553299753 26816001 4024
1553299753 29835831 3717
1553299754 15384294 2310
1553299754 23084122 485
1553299755 15457726 526
1553299757 10344540 3693
1553299759 9129544 3281
1553299760 27930584 2680
1553299761 15396320 163
1553299762 7642463 1844
1553299763 11298910 3729
1553299763 2981761 242
1553299765 13490521 3189
1553299765 22953516 3865
1553299766 9661571 346
1553299766 30789155 917
1553299767 21760726 1008
1553299768 33846712 403
1553299769 3480780 376
1553299770 20934025 5997
1553299770 22176143 2148
1553299775 21259432 3144
1553299775 25478263 489
1553299777 8496275 274
1553299777 10523756 1051
1553299777 32799139 1289
1553299780 22583443 274
1553299781 18843933 3169
1553299782 3265895 2415
1553299790 8605560 6078
1553299791 16710303 1866
1553299791 17272995 4177
1553299793 1784703 4252
1553299794 130126 790
1553299796 9390652 1903
1553299796 19798735 2919
1553299797 39500880 2682
1553299801 1919328 2796
1553299802 3410107 461
1553299802 10422931 261
1553299802 35040606 6501
1553299804 16578775 2402
1553299805 31103658 2969
1553299806 19811307 255
1553299807 39961067 1276
1553299808 3148813 3922
1553299809 31692748 3092
1553299809 33764115 692
1553299809 36707940 607
1553299810 30407179 2718
1553299811 1792172 3277
1553299811 15055214 2413
1553299811 21912023 253
1553299812 19155358 3325
1553299812 20060706 1205
1553299813 5661645 420
1553299816 2458425 2772
1553299816 28650079 3312
1553299818 19892564 218
1553299818 28712920 1173
1553299818 31726255 4110
1553299819 831031 3062
1553299819 8079464 1606
1553299819 8782713 4817
1553299820 39995069 3171
1553299822 6718860 2683
1553299823 20482461 1335
1553299823 33139802 2319
1553299823 35070258 2454
1553299824 871582 3224
1553299824 9351067 4146
1553299825 22330975 1291
1553299825 27345172 3737
1553299825 29845259 5062
1553299826 22641690 934
1553299826 25983342 3010
1553299828 3525569 224
1553299830 13138256 3772
1553299830 24606221 2311
1553299832 26184373 529
1553299833 2248025 382
1553299835 25568589 1762
1553299836 12336776 345
1553299836 16760053 526
1553299837 1841569 3492
1553299837 4626573 2834
1553299837 5950221 2714
1553299837 25564247 2054
1553299837 32940293 596
1553299838 13712917 7047
1553299838 34631439 469
1553299839 15265087 472
1553299839 17501251 171
1553299841 3817056 505
1553299841 18406620 430
1553299843 18136964 4456
1553299843 38578647 2126
1553299844 8464146 178
1553299844 18660872 130
1553299844 19766679 156
1553299844 20688426 158
1553299845 16279601 2183
1553299845 18177565 1794
1553299845 27337592 2786
1553299846 18615462 346
1553299847 23748016 279
1553299847 38588150 144
1553299847 39925622 609
1553299848 34623823 441
1553299849 11107839 5527
1553299852 27089368 380
1553299857 24233326 291
1553299858 26935133 756
1553299862 15654714 257
1553299863 19147858 4593
1553299863 25059036 374
1553299864 38371195 3528
1553299865 8060395 393
1553299865 22299170 1083
1553299868 1481661 2959
1553299868 30461738 1165
1553299872 3532762 638
1553299872 19996717 3626
1553299872 37392072 3994
1553299873 3425733 659
1553299873 10324783 131
1553299876 37620449 440
1553299878 35343091 4113
1553299879 15375049 3623
1553299879 17582259 483
1553299880 2074959 366
1553299880 9058807 4489
1553299880 8915277 4327
1553299880 10106988 519
1553299882 25650307 658
1553299883 39329016 5782
1553299884 37521512 3452
1553299885 33636704 1118
1553299886 8244054 1775
1553299886 15160535 904
1553299888 14937374 3916
1553299890 15913802 3208
1553299891 33061654 1163
1553299893 21334924 5987
1553299894 28974794 4521
1553299895 14819349 1446
1553299895 29015458 690
1553299895 32719387 1538
1553299898 4413790 3346
1553299898 14270369 2072
1553299898 19251089 3372
1553299899 12853814 674
1553299900 6568749 1826
1553299900 35489829 1940
1553299904 1137731 370
1553299904 15300857 246
1553299904 35179312 377
1553299905 35584383 358
1553299907 513114 4036
1553299910 33225689 880
1553299911 27769276 1087
1553299911 38964264 899
1553299914 5807185 294
1553299915 11981405 4341
1553299916 20744894 4060
1553299916 36800450 3238
1553299919 14122044 399
1553299920 34968530 309
1553299920 35433960 5255
1553299923 21720370 6584
1553299923 29174940 1195
1553299924 10773744 479
1553299924 15585175 441
1553299924 19585355 256
1553299925 24817496 164
1553299925 22609611 1951
1553299927 1769018 126
1553299928 10100492 2182
1553299929 15372237 4215
1553299929 37387344 1836
1553299930 30149048 3553
1553299930 31938517 3764
1553299930 35727422 2265
1553299931 4143762 1102
1553299932 15710555 292
1553299932 27045503 1077
1553299935 11512232 571
1553299937 958234 275
1553299937 24631532 3759
1553299939 86623 4583
1553299941 12472090 2510
1553299945 9445653 609
1553299945 36174890 779
1553299948 17098275 388
1553299949 33633165 566
1553299951 33315216 164
1553299954 1629124 1952
1553299954 11329197 4709
1553299955 6743501 146
1553299955 8658337 1152
1553299955 31827482 1086
1553299956 32145402 154
1553299957 25630104 868
1553299958 18827279 3811
1553299958 20203505 3617
1553299959 22400848 295
1553299959 37859728 97
1553299960 6860740 3257
1553299960 11606558 1998
1553299960 33434956 2764
1553299961 29831760 5198
1553299962 3466554 2360
1553299962 21524287 307
1553299965 8422409 3655
1553299965 30955920 721
1553299966 12854690 2698
1553299966 15227851 4478
1553299966 22028539 3916
1553299966 31459841 266
1553299968 2112185 4402
1553299970 14011288 2333
1553299971 2689549 571
1553299971 16346468 2363
1553299971 28588795 4133
1553299972 15856901 2370
1553299973 13539680 1141
1553299978 22690378 4174
1553299982 2400109 5306
1553299982 30496760 3854
1553299984 14281041 2920
1553299985 22200037 385
1553299987 17017883 2463
1553299991 477516 2786
1553299992 4810796 200
1553299998 26239089 120
1553300000 7422363 145
1553300001 411937 153
1553300001 2820989 1029
1553300006 9926822 716
1553300007 15212093 1335
1553300008 2260263 1618
1553300010 3058444 3481
1553300012 6884418 2113
1553300012 22163880 567
1553300013 10345569 5421
1553300015 7523788 2893
1553300017 1625451 2519
1553300017 11972382 2493
1553300020 6220732 1192
1553300021 7096842 406
1553300021 26770943 1965
1553300021 35276869 3461
1553300025 609764 2555
1553300025 21215885 3204
1553300027 20631092 125
1553300028 29105144 3511
1553300028 33019598 3318
1553300031 6664045 395
1553300032 39684458 464
1553300033 25525341 4378
1553300034 5958753 602
1553300035 13413295 1051
1553300035 35490854 255
1553300037 22152582 304
1553300038 29706698 1978
1553300041 6948934 168
1553300041 33361779 3794
1553300042 25339574 128
1553300046 7486323 282
1553300046 30100940 2426
1553300047 29903185 474
1553300048 11372922 2423
1553300048 16527255 940
1553300048 31144986 1766
1553300051 19354123 2534
1553300051 26619566 2947
1553300052 1159091 6044
1553300052 36223246 518
1553300053 9964268 3643
1553300053 14721802 2793
1553300055 36827767 229
1553300056 14999650 769
1553300058 22058780 3381
1553300060 5283465 3225
1553300060 24153497 222
1553300062 20997305 3994
1553300064 4190052 472
1553300064 13397805 471
1553300065 18865055 1809
1553300066 15546680 5944
1553300067 23376752 1208
1553300071 29439244 7842
1553300072 9719758 174
1553300072 14408872 3413
1553300075 761387 1154
1553300075 2653262 2302
1553300075 17468741 621
1553300075 33200500 144
1553300079 30140472 3141
1553300080 35746616 1653
1553300081 19207427 6516
1553300081 19736835 3249
1553300083 634849 2163
1553300085 29215137 2896
1553300087 6089139 690
1553300087 17726773 175
1553300091 2404418 3426
1553300092 24918108 2693
1553300092 36736538 3740
1553300093 2180031 6465
1553300095 29566187 2550
1553300096 112022 849
1553300100 1362562 168
1553300100 34598108 3690
1553300102 21371097 2812
1553300103 14872114 2639
1553300109 5834776 4008
1553300110 14432587 3233
1553300110 20237046 2175
1553300114 19676504 208
1553300115 15671256 1952
1553300118 26311773 2656
1553300119 10385435 1644
1553300119 33056943 464
1553300122 16349804 438
1553300122 20631137 1008
1553300125 14873284 2331
1553300127 28891865 738
1553300128 4013745 4002
1553300128 16932118 1704
1553300129 21356679 645
1553300130 18272624 2303
1553300134 10596779 543
1553300137 34855075 2953
1553300138 31691664 963
1553300139 18847942 175
1553300144 29351826 4201
1553300145 17180200 1139
1553300145 24594500 403
1553300148 26057300 165
1553300149 7051277 146
1553300152 4284862 492
1553300156 34059925 343
1553300156 39447214 784
1553300157 27261529 381
1553300159 23898758 2529
1553300162 21021427 382
1553300162 39934161 4040
1553300164 9927579 1391
1553300166 29629383 130
1553300168 1422492 2747
1553300168 19867947 4660
1553300170 3975420 502
1553300173 33045990 1686
1553300174 1442554 4023
1553300177 25898796 7383
1553300178 34598222 131
1553300178 35675705 654
1553300179 28273193 3552
1553300180 28657635 2975
1553300183 14544117 378
1553300183 36690092 233
1553300185 33598303 1914
1553300187 39188745 3804
1553300188 9699930 1146
1553300188 38599442 4200
1553300189 8629937 3259
1553300190 23535402 464
1553300190 34146633 2851
1553300191 35797379 721
1553300192 7485221 525
1553300194 33921534 2188
1553300194 9014942 94
1553300196 15813949 5957
1553300196 23162269 3234
1553300196 28925139 688
1553300197 4086653 332
1553300197 32739878 2674
1553300200 7679920 200
1553300200 34721765 4223
1553300201 17378738 2090
1553300201 32847055 117
1553300203 7442856 2470
1553300203 32519718 420
1553300205 13606502 699
1553300205 18521769 833
1553300211 7883275 3020
1553300213 28921423 4111
1553300215 34093371 3192
1553300217 2184029 695
1553300217 15711216 622
1553300218 9905457 3711
1553300219 39737684 1299
1553300220 26423473 210
1553300222 13010070 3643
1553300223 14867969 263
1553300224 15866896 5634
1553300224 15866936 916
1553300224 15866991 684
1553300224 16039935 2544
1553300224 16229288 1194
1553300224 16378706 3973
1553300224 16702700 3689
1553300224 16806445 3891
1553300224 16975351 1397
1553300224 17103706 3533
1553300225 2092502 124
1553300227 22134890 3518
1553300227 27872164 3960
1553300228 3055358 3334
1553300229 5212738 4109
1553300229 34426568 1072
1553300230 25679758 375
1553300230 36211963 1187
1553300231 25203244 994
1553300232 35252969 1462
1553300232 35966326 3233
1553300234 15973980 3012
1553300235 18689388 176
1553300235 31609749 3548
1553300237 604207 4296
1553300240 21520010 523
1553300242 27741955 4122
1553300243 12470650 401
1553300244 9733705 2782
1553300244 34716452 1171
1553300246 20131265 1257
1553300246 34952563 2303
1553300249 33409450 322
1553300252 79835 590
1553300252 720126 481
1553300252 761062 422
1553300252 1219797 435
1553300252 1373149 443
1553300252 1373389 69
1553300252 1576739 129
1553300252 1632667 49
1553300253 1424306 296
1553300255 24878988 3411
1553300255 38000261 3510
1553300255 22435279 153
1553300255 36256860 3323
1553300257 17579847 2956
1553300257 18276394 2739
1553300257 23653694 391
1553300258 4303455 248
1553300258 5107432 939
1553300258 24017020 2909
1553300260 24791619 4237
1553300260 26365664 3163
1553300262 36251977 5656
1553300263 31880650 3447
1553300263 38259996 2321
1553300266 18996226 107
1553300268 29821018 3332
1553300270 16198092 3080
1553300270 25356488 3537
1553300271 1194517 363
1553300271 31566988 2005
1553300274 4823466 3676
1553300274 4193092 4230
1553300274 20605980 3266
1553300277 39125483 185
1553300278 20552015 3696
1553300278 24586392 2963
1553300280 690779 4296
1553300282 18155549 1017
1553300283 31679461 1535
1553300286 31715474 3383
1553300287 17721441 1023
1553300287 18175529 4900
1553300288 29787682 1954
1553300289 3047363 264
1553300290 12585016 513
1553300290 33881054 299
1553300291 8662114 438
1553300293 30485902 2000
1553300295 37325762 778
1553300296 32641251 2379
1553300296 37518737 2445
1553300298 31263700 127
1553300299 20822988 511
1553300299 30197980 1821
1553300302 2791750 143
1553300306 18471703 4228
1553300306 27211801 199
1553300306 27847390 173
1553300310 3734082 3565
1553300311 2697681 537
1553300312 19032303 413
1553300312 20577436 1544
1553300313 17876926 2459
1553300313 18615259 2595
1553300313 25659663 413
1553300314 31750874 2734
1553300315 5325547 5977
1553300315 32799100 1332
1553300315 23968416 3831
1553300317 39024477 3249
1553300319 11829153 390
1553300322 1175730 486
1553300322 17479975 586
1553300322 30593628 2803
1553300324 67318 234
1553300324 3914341 484
1553300326 10772124 5833
1553300326 38414639 252
1553300328 7437597 323
1553300328 25315409 327
1553300329 33999641 92
1553300330 14864631 966
1553300330 16911087 165
1553300330 19799184 204
1553300330 24361290 3919
1553300331 8343204 2739
1553300331 32701613 514
1553300332 16519035 4296
1553300332 25124528 3671
1553300336 6978364 3226
1553300336 14170889 3357
1553300336 32316086 1926
1553300339 39182033 686
1553300340 16330651 737
1553300342 22207065 2924
1553300342 24316174 3147
1553300343 15977508 196
1553300343 20553646 1361
1553300343 26065489 5684
1553300343 39782728 2785
1553300344 20032157 682
1553300346 29146164 314
1553300347 3368720 4304
1553300347 32939524 728
1553300348 37653807 2951
1553300349 5158962 2446
1553300349 35515198 400
1553300353 4686904 222
1553300354 4317475 1431
1553300357 16640302 5390
1553300357 36350447 1697
1553300359 19663193 461
1553300359 29809065 958
1553300360 37109549 399
1553300361 26706120 3792
1553300362 34582057 176
1553300364 1854434 2645
1553300364 25992671 3938
1553300365 27399450 307
1553300368 27889498 292
1553300369 17362566 4132
1553300373 262989 1781
1553300377 14626715 344
1553300379 7186516 1176
1553300379 10754170 2166
1553300381 24665792 114
1553300382 438415 3083
1553300382 33754282 7855
1553300387 18156543 3617
1553300391 13671224 3464
1553300392 15421397 937
1553300392 36333687 2262
1553300393 14433019 3182
1553300393 5552170 2168
1553300393 24910539 2442
1553300393 29149246 2317
1553300395 38855763 4507
1553300396 16411821 3717
1553300397 28020488 3488
1553300398 26889681 344
1553300398 3930911 3509
1553300400 4657616 449
1553300400 35731148 2623
1553300404 35748527 3696
1553300405 25812232 1185
1553300406 32932481 931
1553300409 31695783 435
1553300410 6634014 125
1553300410 34093842 3651
1553300414 957077 2866
1553300415 20625957 136
1553300420 36383739 3339
1553300422 58813 646
1553300422 18627919 1147
1553300423 12148480 600
1553300423 13323001 89
1553300424 1736365 7241
1553300424 17516689 2553
1553300425 5764163 395
1553300425 14122203 434
1553300427 23079674 3371
1553300427 29265623 318
1553300427 30113115 324
1553300427 32743618 1952
1553300428 12668427 595
1553300428 31381704 2162
1553300428 39332772 3159
1553300429 278307 4494
1553300429 1769044 3990
1553300430 23279898 2359
1553300432 20116086 2945
1553300432 26692875 2317
1553300435 10145204 1297
1553300435 23038262 3440
1553300436 3967877 513
1553300437 30521903 164
1553300438 22421442 1189
1553300440 39245431 641
1553300441 11176739 82
1553300443 27143705 2884
1553300444 8514346 355
1553300444 30520184 472
1553300445 19774689 2475
1553300445 26683247 4564
1553300445 28342296 3382
1553300446 24631641 3273
1553300447 383690 2984
1553300447 35291120 669
1553300448 25448224 4041
1553300449 1323721 428
1553300449 19700149 968
1553300450 33130631 213
1553300451 2760479 396
1553300451 29702122 2592
1553300453 2070925 4029
1553300453 26457276 486
1553300453 31255644 5063
1553300455 8719945 3439
1553300455 34318864 6904
1553300457 10083083 858
1553300457 22890884 1091
1553300458 27864867 4707
1553300458 28781072 705
1553300460 7713065 2218
1553300460 24672551 116
1553300461 30328 235
1553300462 27658377 1283
1553300462 37790173 5268
1553300464 38682024 6714
1553300465 17111876 1935
1553300468 7728840 2481
1553300469 2730595 429
1553300469 27863696 747
1553300469 39471775 3190
1553300470 8563245 707
1553300472 22414843 6767
1553300472 25431738 2628
1553300472 25938500 2708
1553300472 36593388 2812
1553300473 8379849 2721
1553300475 21950181 1189
1553300475 25480903 510
1553300477 3591917 178
1553300477 17596073 1006
1553300477 23714541 1923
1553300477 38100897 4307
1553300477 9407319 376
1553300479 18119216 3361
1553300481 2349279 4016
1553300481 4295193 1642
1553300481 18619913 233
1553300481 26860321 637
1553300481 33680550 2593
1553300483 30593391 3891
1553300484 14256722 2975
1553300485 27238344 2234
1553300485 30003101 6636
1553300485 38780256 2956
1553300486 21768611 374
1553300487 18162985 2608
1553300487 23706986 2630
1553300491 11825647 612
1553300491 23947768 90
1553300493 34071399 1581
1553300496 13960486 450
1553300499 17964890 1003
1553300499 4844831 3264
1553300501 1448685 166
1553300501 6469385 5051
1553300502 8502014 6197
1553300507 14575899 1355
1553300509 14878166 241
1553300509 31231730 576
1553300509 39632303 703
1553300511 12556865 3156
1553300511 32168810 4104
1553300512 39529842 145
1553300513 12508672 2889
1553300514 16756730 838
1553300514 22486920 1281
1553300514 26864231 162
1553300515 28851326 3100
1553300520 28427956 2229
1553300521 14239870 178
1553300523 7584899 479
1553300523 4659408 364
1553300523 38579963 3184
1553300525 9973025 7435
1553300526 9866002 260
1553300527 29142564 198
1553300529 10201417 600
1553300529 11860332 478
1553300531 22715007 1980
1553300533 23135207 2392
1553300534 30157113 3683
1553300535 11953365 4561
1553300535 14469236 1310
1553300536 23920277 3187
1553300537 9670783 821
1553300540 14782069 3379
1553300540 38317633 458
1553300541 22176638 3460
1553300542 8337932 3131
1553300542 39775972 5595
1553300544 20740872 226
1553300544 31058554 2992
1553300545 15131524 4162
1553300546 7569563 409
1553300546 25733789 3151
1553300546 31374196 3452
1553300549 29642650 3402
1553300550 17890753 307
1553300550 20573918 259
1553300551 1830517 5242
1553300552 36000607 2776
1553300554 39957155 3550
1553300555 29565992 665
1553300558 21448751 2757
1553300558 35769526 313
1553300561 21044040 4346
1553300561 37820388 4063
1553300562 671581 3848
1553300562 5242492 2401
1553300562 5779294 3261
1553300565 10896488 3490
1553300566 7447772 579
1553300567 28241358 314
1553300567 33057897 3890
1553300570 2944405 3933
1553300570 31845261 1231
1553300571 6500712 986
1553300574 17516762 393
1553300575 33972353 354
1553300576 32041824 1753
1553300580 7248396 2335
1553300582 15816754 1248
1553300582 28293748 5181
1553300582 29466197 213
1553300583 9226255 3746
1553300583 26584233 2697
1553300584 10948650 364
1553300584 22699991 471
1553300585 36532026 1148
1553300586 22671062 3274
1553300587 1714699 3420
1553300587 5065444 408
1553300587 6838838 92
1553300587 21514403 108
1553300587 35762346 326
1553300588 27552881 1702
1553300588 30692755 394
1553300588 37334025 237
1553300588 38129560 400
1553300589 32025695 2752
1553300590 38344826 644
1553300597 18439022 653
1553300598 14027726 351
1553300598 21361941 355
1553300598 38529138 941
1553300599 5685267 1174
1553300599 33341164 2432
1553300601 3214754 3620
1553300601 37608236 284
1553300602 1756587 958
1553300603 9031154 974
1553300603 29215582 1070
1553300604 2173307 3312
1553300604 11707629 6556
1553300605 7974127 259
1553300606 13569593 1513
1553300607 32106944 2700
1553300609 2542351 2000
1553300609 18071593 3239
1553300610 3216363 775
1553300610 14689604 192
1553300610 36462338 3738
1553300611 4609220 6305
1553300611 22887105 459
1553300614 39200539 388
1553300615 21263595 5121
1553300616 5242671 3537
1553300616 35371937 323
1553300616 5532920 2915
1553300616 25713980 3782
1553300616 33483574 235
1553300618 5343707 246
1553300618 21785664 645
1553300619 221346 1839
1553300619 6532363 1857
1553300620 27171468 3965
1553300621 31235508 148
1553300623 19167147 443
1553300623 32895538 4406
1553300624 19936372 338
1553300624 34570163 327
1553300625 30665903 3749
1553300626 10756065 95
1553300626 19402153 298
1553300628 32548759 3165
1553300629 21851236 1042
1553300630 5053532 276
1553300630 19374599 3146
1553300632 2096191 708
1553300632 19023674 2817
1553300632 31733051 6265
1553300633 7372079 351
1553300633 14884209 1851
1553300633 29658193 1971
1553300636 38833619 198
1553300639 4512974 2782
1553300639 5487259 1055
1553300639 25546971 89
1553300639 27567700 294
1553300640 14775891 2942
1553300641 5052508 4019
1553300642 4947133 2172
1553300642 28916074 2719
1553300642 29354959 2764
1553300643 6179094 401
1553300645 9144463 427
1553300646 14658689 4060
1553300646 24408856 164
1553300647 2098901 2539
1553300649 13359411 192
1553300650 10365740 3259
1553300650 31667694 1440
1553300650 26947083 154
1553300652 34634114 889
1553300653 9166553 1072
1553300653 9901914 573
1553300654 28723509 2674
1553300655 6748298 458
1553300655 7522339 380
1553300655 14498659 1015
1553300655 27675053 227
1553300657 35167217 93
1553300658 16801354 130
1553300660 6891928 283
1553300660 21507496 1853
1553300660 36145014 3448
1553300664 27843517 715
1553300666 10645901 231
1553300666 22114806 399
1553300667 10731470 2376
1553300669 6476309 4671
1553300670 25436609 1575
1553300672 10456843 2783
1553300673 18074805 1921
1553300675 3824542 265
1553300675 13184426 2740
1553300675 37546668 2660
1553300677 4415421 3172
1553300677 11364777 1460
1553300677 21305334 1890
1553300677 34466996 85
1553300678 13825970 4354
1553300678 14432818 931
1553300678 17530239 5198
1553300679 32806477 742
1553300681 6615044 258
1553300681 30362545 2946
1553300683 32406423 2394
1553300685 23067388 2523
1553300686 29293121 3493
1553300687 37220260 492
1553300688 26223244 7016
1553300689 18434198 559
1553300690 18353606 4406
1553300690 34642039 560
1553300691 2697330 496
1553300691 29632559 3186
1553300692 1862950 1673
1553300693 21351039 2970
1553300694 19967218 2180
1553300694 37624835 2723
1553300698 7190713 96
1553300698 30813333 4446
1553300699 862329 6219
1553300700 30080319 2918
1553300701 25659190 392
1553300703 16820847 397
1553300704 8506922 2301
1553300707 10992634 2429
1553300707 28035829 5459
1553300708 16192582 3269
1553300708 26704237 3313
1553300709 35269227 4698
1553300709 35565391 138
1553300709 12528286 3322
1553300709 13718440 2161
1553300713 11951836 213
1553300715 23038371 3170
1553300715 35622388 4835
1553300717 15910824 2864
1553300719 18894065 415
1553300720 1702410 4143
1553300720 11876260 2647
1553300720 27065888 3207
1553300721 7810647 346
1553300721 32888222 2990
1553300722 12402126 330
1553300723 5640972 2704
1553300723 26818875 3468
1553300724 19708489 437
1553300725 34475206 1079
1553300726 29921039 3216
1553300728 34949546 210
1553300729 3508788 4581
1553300729 8387328 99
1553300730 29422901 1706
1553300731 1553860 223
1553300732 1937378 432
1553300733 15379341 2636
1553300733 28464905 573
1553300735 3540854 2497
1553300736 193650 3359
1553300736 1285739 1883
1553300742 17815927 677
1553300743 35786256 241
1553300744 21276603 3459
1553300746 10308172 3069
1553300746 11538334 1491
1553300746 29391768 2438
1553300750 7228870 3966
1553300750 18480145 251
1553300750 15458230 1641
1553300750 28489525 3463
1553300750 36563742 269
1553300752 22677700 296
1553300754 19989840 3422
1553300756 900541 3274
1553300756 5750749 3783
1553300756 6835870 5410
1553300756 9627883 4267
1553300758 30418050 227
1553300758 33818054 283
1553300760 11516118 301
1553300760 18073503 364
1553300763 10374158 6015
1553300765 19945257 244
1553300766 10750651 3301
1553300766 13135363 2546
1553300766 25623887 3796
1553300769 25078525 2734
1553300771 26102293 227
1553300773 10787901 2283
1553300776 2050488 1155
1553300777 1641695 1238
1553300777 19273967 3851
1553300778 5416848 2443
1553300778 11454971 436
1553300780 8247613 504
1553300783 25049344 643
1553300783 287780 2091
1553300783 6188017 4477
1553300787 30284174 3737
1553300790 38992572 3756
1553300791 36792116 207
1553300794 31912174 619
1553300794 37288710 509
1553300795 38641323 2821
1553300796 5640278 1441
1553300796 7815004 2207
1553300797 25551980 3005
1553300799 33642856 587
1553300800 22555564 257
1553300800 24050255 2075
1553300801 4820395 2234
1553300802 6737127 5335
1553300802 17742733 2419
1553300802 28634938 2198
1553300802 29385193 6184
1553300803 22081492 340
1553300805 16930032 3334
1553300805 22861916 2688
1553300805 30993503 4278
1553300807 3454496 2791
1553300807 21351564 1880
1553300809 3950856 2790
1553300809 8965114 5770
1553300809 23629004 117
1553300809 38855837 644
1553300811 23649527 155
1553300812 20658638 3568
1553300813 29399608 2865
1553300815 21116678 2035
1553300818 9557241 4101
1553300820 15551697 3757
1553300822 20741948 360
1553300825 5377227 972
1553300828 36766764 2114
1553300828 20732718 389
1553300830 5999288 5059
1553300830 8255722 3057
1553300831 13244526 207
1553300831 14600250 123
1553300832 638850 2433
1553300834 29826229 4787
1553300835 13868269 4322
1553300839 29032447 6071
1553300840 6677519 3534
1553300842 22317770 193
1553300844 1944321 158
1553300844 35879564 866
1553300845 27481691 173
1553300845 33524792 407
1553300846 30968900 684
1553300847 1592337 152
1553300847 5468278 573
1553300847 13909969 114
1553300848 5974696 4606
1553300848 33814194 245
1553300849 24586444 3042
1553300849 26664911 3782
1553300851 15868763 2899
1553300851 31418873 778
1553300852 25889066 5268
1553300855 604999 3029
1553300855 19802189 286
1553300855 37309050 253
1553300857 9035737 385
1553300857 35638233 1902
1553300858 24952290 461
1553300858 30491249 634
1553300859 14137790 2352
1553300861 30838470 645
1553300862 6462815 428
1553300862 34422135 3726
1553300862 39746236 2341
1553300865 14257865 104
1553300865 14793104 373
1553300866 16575854 1333
1553300866 38139732 374
1553300868 1805335 2708
1553300868 8715123 107
1553300868 13519292 330
1553300868 17983486 597
1553300868 25820995 280
1553300869 12732472 4445
1553300872 15252191 3140
1553300876 11897887 3450
1553300876 14988599 477
1553300877 1759490 261
1553300879 23665945 1522
1553300881 5106657 6907
1553300884 9304383 1762
1553300884 38228543 268
1553300888 35665126 1957
1553300889 1775726 3290
1553300889 37570688 635
1553300890 35688966 2145
1553300891 11844775 4448
1553300891 27610590 193
1553300892 22411817 4280
1553300892 24677163 4248
1553300892 39365488 2190
1553300893 16632435 674
1553300893 19936804 1034
1553300894 39706032 496
1553300895 2602867 1449
1553300899 3788025 4514
1553300899 6040446 2445
1553300899 6793008 1729
1553300899 18344182 5207
1553300899 23333502 1241
1553300901 7362720 180
1553300901 22455123 1980
1553300901 23570702 1567
1553300903 37196849 3528
1553300906 20877017 939
1553300907 68302 4238
1553300907 2086992 4281
1553300911 5082412 2299
1553300911 11172581 460
1553300914 617273 2348
1553300914 34045039 95
1553300914 38428653 377
1553300922 294014 7651
1553300923 3198979 379
1553300923 19071082 5836
1553300923 36551769 3823
1553300924 23363277 804
1553300924 25873747 407
1553300924 5445430 3748
1553300927 14617170 3327
1553300927 37421009 416
1553300928 2886931 197
1553300930 34598207 2363
1553300931 21212134 905
1553300932 6195251 1166
1553300932 14983774 4191
1553300933 22420527 3402
1553300935 2648650 145
1553300937 5725672 3356
1553300937 15139989 1806
1553300937 23574354 174
1553300938 7924054 431
1553300940 14458456 3719
1553300943 16965311 5445
1553300946 1985035 2711
1553300946 18570592 1031
1553300947 28006700 4076
1553300948 2923020 880
1553300949 25758875 486
1553300949 26881609 174
1553300950 22587625 2390
1553300953 6978924 500
1553300953 19550155 1693
1553300956 8084120 5244
1553300957 9454790 1629
1553300957 35081712 372
1553300958 28651258 2644
1553300960 3267668 465
1553300960 9673646 1503
1553300963 15272549 230
1553300968 15966897 198
1553300969 36825981 4382
1553300969 39483899 460
1553300970 25437563 1709
1553300972 1434608 3511
1553300972 28468199 397
1553300974 29989209 1174
1553300976 15854006 363
1553300976 18454652 900
1553300978 855839 681
1553300979 4301039 2086
1553300981 19236135 2517
1553300983 28012243 607
1553300984 24523366 442
1553300985 8468735 2242
1553300985 11534711 1701
1553300988 14872331 2260
1553300988 13364035 507
1553300988 18195529 142
1553300988 22355743 158
1553300988 23850753 2076
1553300988 33602679 209
1553300991 232975 688
1553300991 39832339 2876
1553300993 12927489 3255
1553300994 4755306 2991
1553300997 18639817 3181
1553300997 23628542 2925
1553300998 12821179 450
1553300998 21209316 5534
1553300998 24576607 2225
1553300999 9145993 5367
1553300999 16382827 489
1553300999 18190368 1575
1553300999 21041551 4138
1553300999 25664744 2877
1553301001 13163388 714
1553301001 29815857 4179
1553301003 29778241 2375
1553301004 24783797 105
1553301004 30334462 685
1553301005 21166089 2979
1553301005 28570129 1802
1553301006 23916118 3804
1553301011 4943481 160
1553301013 28011838 2813
1553301014 28158308 4663
1553301015 8083893 5181
1553301016 14129464 1890
1553301016 20433507 7161
1553301017 11889061 409
1553301017 20589746 607
1553301018 25428991 7011
1553301019 37312651 6208
1553301022 7697124 1479
1553301022 23506726 223
1553301023 24959835 2228
1553301023 33032534 165
1553301023 39512689 428
1553301024 15412302 475
1553301024 27754478 3164
1553301025 11485032 263
1553301026 14639018 3322
1553301026 37670687 621
1553301027 23514255 740
1553301027 37698618 4433
1553301028 32803560 304
1553301033 25775789 457
1553301034 22222433 451
1553301037 2865480 398
1553301037 17320539 502
1553301038 3553755 2192
1553301038 25636820 531
1553301039 33960241 6452
1553301041 15817336 4921
1553301042 8661539 309
1553301042 13748285 7342
1553301042 30733916 2500
1553301043 16570513 5236
1553301043 21870757 938
1553301043 24186781 141
1553301046 31706977 101
1553301046 37301359 1236
1553301047 10989290 2416
1553301049 4278149 3300
1553301051 15318133 2017
1553301051 17505979 180
1553301053 15666701 485
1553301053 18888979 425
1553301054 15478672 603
1553301056 27901081 121
1553301056 37087341 4401
1553301059 15058275 986
1553301059 23181809 69
1553301059 34311175 191
1553301061 6114773 364
1553301061 38976488 2920
1553301062 18544691 156
1553301065 7000024 2797
1553301065 33775537 398
1553301066 4650426 627
1553301066 27754447 3245
1553301067 13162696 314
1553301067 25018019 427
1553301070 10885273 2715
1553301070 11883827 3162
1553301070 33221537 326
1553301072 36227273 3551
1553301073 5568205 3299
1553301074 32250802 4011
1553301075 2544859 4058
1553301075 27831178 370
1553301076 18172891 2303
1553301078 14796595 3382
1553301080 4012488 426
1553301082 24412731 930
1553301082 36946878 2976
1553301083 19317372 348
1553301085 15041290 271
1553301085 36620527 1213
1553301087 26000652 3821
1553301087 27774735 3437
1553301087 33815548 3396
1553301088 2902113 1348
1553301088 5802141 1560
1553301089 7355280 350
1553301092 9496067 446
1553301093 21498492 377
1553301093 29235353 271
1553301093 29758032 255
1553301094 4811365 224
1553301094 23465545 1275
1553301096 20499911 2938
1553301096 32944593 5243
1553301097 7386426 520
1553301097 21008013 168
1553301098 11393764 3721
1553301099 34344911 3914
1553301100 39800644 1131
1553301101 24952481 181
1553301101 28681021 123
1553301107 27374746 246
1553301111 28192213 484
1553301114 22067123 835
1553301115 21945029 2741
1553301115 9787315 669
1553301117 17253578 3939
1553301117 34835038 560
1553301118 37853754 2748
1553301119 16848692 1707
1553301119 31787812 256
1553301120 30703920 4214
1553301121 38918024 3803
1553301124 11507862 279
1553301124 17307933 192
1553301125 8232093 3458
1553301125 38788930 2155
1553301126 16097513 3998
1553301126 38127488 3318
1553301129 26040889 114
1553301130 18656757 6636
1553301131 16840682 457
1553301133 3594216 167
1553301133 39224833 3339
1553301135 8475869 1468
1553301137 33340522 1179
1553301138 3148006 148
1553301138 13590031 376
1553301139 24433560 336
1553301139 27217211 447
1553301139 30923285 78
1553301140 35007198 3503
1553301143 26451073 3239
1553301144 35021119 278
1553301147 33146921 2125
1553301147 35852799 419
1553301148 31145519 3876
1553301148 31951563 3309
1553301150 1613231 3864
1553301150 17030141 3204
1553301151 30018737 4250
1553301152 22855562 307
1553301153 21018102 3238
1553301154 19039794 3836
1553301154 29497123 276
1553301154 10311741 2195
1553301156 10410523 604
1553301157 39895017 119
1553301158 3698311 237
1553301158 12323150 192
1553301158 18149936 2200
1553301158 19893982 3239
1553301159 407398 4307
1553301159 13629506 114
1553301161 18876213 282
1553301166 12209808 209
1553301167 10592833 651
1553301170 26665211 627
1553301171 21347934 2763
1553301173 34876388 788
1553301176 20675838 1169
1553301176 31529599 2690
1553301176 35416734 4442
1553301177 18174767 909
1553301180 19168794 347
1553301181 29743130 3066
1553301183 24800998 4029
1553301183 39880664 145
1553301184 24416036 1336
1553301187 12830083 962
1553301187 30124346 3674
1553301190 37937330 7552
1553301191 27918061 332
1553301192 31799327 7027
1553301193 2146449 2693
1553301195 9718245 392
1553301197 528032 899
1553301197 25408946 2278
1553301197 31500508 2377
1553301198 24133308 666
1553301199 17287242 3433
1553301201 2423868 2281
1553301201 5794702 2355
1553301201 28750771 5731
1553301203 19138916 359
1553301205 2874329 770
1553301205 35676030 2417
1553301208 31833320 4267
1553301211 18956952 179
1553301214 8872180 2426
1553301217 23437340 739
1553301218 6905714 617
1553301221 14813774 3244
1553301221 16234084 938
1553301223 314129 556
1553301223 19610616 2976
1553301225 1467133 3815
1553301226 35315103 2020
1553301228 23484342 4750
1553301228 34446919 2374
1553301229 2206847 3552
1553301229 26284798 165
1553301229 32847014 704
1553301230 17010387 135
1553301234 30902053 327
1553301235 31637544 3968
1553301237 11576515 3233
1553301237 29228802 2070
1553301238 25853223 1347
1553301239 9617540 2674
1553301240 35621496 2192
1553301241 7261832 321
1553301242 10369340 7409
1553301244 14856864 2188
1553301246 16465769 149
1553301247 35845187 379
1553301248 26197126 3749
1553301250 19495640 3360
1553301251 13459233 1135
1553301252 8418921 3250
1553301252 9985848 3310
1553301254 24989188 348
1553301256 22371568 358
1553301257 16686434 253
1553301258 23100376 2957
1553301260 17040426 2449
1553301260 25861618 1195
1553301261 13150495 1066
1553301261 26439244 1692
1553301262 6721269 232
1553301263 14062524 3249
1553301265 25246416 202
1553301265 31539887 1049
1553301266 2934855 1672
1553301266 10070652 7205
1553301266 32033521 2653
1553301269 16256181 218
1553301269 26941704 3510
1553301271 4980584 3313
1553301271 38931369 561
1553301272 360159 225
1553301274 14114860 2420
1553301275 27309160 146
1553301280 22037819 533
1553301281 30802100 321
1553301283 27677011 394
1553301287 11846791 2394
1553301288 3591963 310
1553301288 21026857 1129
1553301289 30440804 469
1553301290 20487843 3369
1553301290 24235292 2710
1553301291 32530820 441
1553301293 879898 370
1553301295 12748239 4584
1553301296 10959438 2748
1553301296 33010613 5975
1553301298 31725240 2710
1553301303 29043826 3907
1553301303 31543844 3481
1553301304 11751308 3383
1553301305 32856442 4612
1553301307 23009658 3886
1553301308 14898878 224
1553301308 39941861 3322
1553301310 5979650 1287
1553301310 6667322 593
1553301312 39291675 319
1553301316 8149868 325
1553301318 11895507 3322
1553301318 18311935 6784
1553301319 3513889 280
1553301319 12221126 605
1553301321 26421773 3244
1553301321 31328580 2727
1553301322 14671309 413
1553301322 20688018 436
1553301323 9823919 137
1553301326 3288896 493
1553301326 16942855 2575
1553301328 5432186 2221
1553301329 9922874 475
1553301331 9945844 380
1553301332 16267377 118
1553301332 6159211 4077
1553301334 23350465 647
1553301334 24866776 2519
1553301337 15140854 128
1553301337 16807215 5158
1553301337 32564212 2119
1553301338 36396853 259
1553301339 36131339 2793
1553301340 11295346 3436
1553301340 25910739 6929
1553301342 23596770 132
1553301342 28921603 3759
1553301343 11114654 4382
1553301344 35479118 2873
1553301345 18175063 602
1553301345 30142242 1693
1553301345 34947522 95
1553301345 38817613 2250
1553301348 35175730 800
1553301349 37380092 4599
1553301354 15941279 3651
1553301355 703530 5689
1553301355 1496683 2825
1553301355 19046525 516
1553301355 21536597 259
1553301355 39483983 5134
1553301356 12074203 3633
1553301359 28543147 2176
1553301361 13442478 3356
1553301361 33868431 2448
1553301362 13117829 244
1553301363 12655292 4319
1553301364 1681624 385
1553301364 11508853 234
1553301366 13142598 135
1553301366 23723258 521
1553301366 25295564 395
1553301368 10115392 5043
1553301368 17747920 2906
1553301369 15416194 876
1553301369 35016442 7444
1553301371 30814405 1256
1553301372 31051129 580
1553301375 10948158 2282
1553301376 11303964 117
1553301377 6287297 2936
1553301377 16502201 475
1553301377 37789364 364
1553301377 7708349 1023
1553301377 14711700 2490
1553301379 15875493 618
1553301385 19524420 4855
1553301387 6341886 3549
1553301387 9442799 2728
1553301387 20103721 246
1553301388 6729215 149
1553301388 11630928 297
1553301391 5122173 549
1553301391 30195080 4407
1553301392 17776116 1523
1553301392 21707216 508
1553301392 27735768 133
1553301395 3012949 6235
1553301396 27488274 2934
1553301396 32723376 3190
1553301397 26710856 1300
1553301397 36650375 335
1553301401 9631423 426
1553301401 23637770 3033
1553301401 27142572 2994
1553301401 29505474 3267
1553301401 33196360 3872
1553301404 27142409 387
1553301404 28360207 290
1553301404 37546893 2796
1553301405 772224 823
1553301406 16194525 3224
1553301406 32510913 157
1553301408 15022264 3337
1553301408 18930980 3225
1553301408 23935245 2329
1553301410 8953480 2762
1553301411 18237979 3177
1553301411 34519663 3412
1553301412 35885642 4279
1553301413 25116387 1888
1553301413 25486008 250
1553301413 25552380 219
1553301413 25662593 136
1553301413 25668760 428
1553301413 25713445 284
1553301413 25844715 111
1553301413 26025327 214
1553301413 26402435 449
1553301413 26619058 169
1553301413 27015455 282
1553301417 12614922 689
1553301418 7130842 3071
1553301419 14803596 2773
1553301420 12221041 470
1553301420 38457121 1125
1553301420 24952248 2771
1553301422 24108360 3389
1553301422 27765404 3385
1553301424 27660218 7275
1553301425 26495685 294
1553301427 14548084 470
1553301427 24611519 2449
1553301427 33478941 90
1553301428 3237733 3401
1553301428 4167802 2766
1553301428 9706410 2324
1553301429 2752450 906
1553301429 16025418 3744
1553301430 15930473 1354
1553301431 21026165 3395
1553301431 39451469 150
1553301434 28831778 1921
1553301435 22982339 1868
1553301435 23939742 334
1553301435 24501130 433
1553301435 31276843 365
1553301436 28073567 536
1553301437 21218937 2703
1553301437 25528669 4028
1553301438 8801644 373
1553301440 2924413 572
1553301440 20577405 738
1553301442 35462770 3364
1553301444 14061747 3421
1553301445 1173327 1757
1553301445 5999307 298
1553301445 10577050 125
1553301446 2411996 4683
1553301447 12480391 95
1553301447 34753155 257
1553301450 11855528 792
1553301450 28900388 3891
1553301452 19240312 2675
1553301453 24775070 629
1553301454 39944452 370
1553301455 1821096 192
1553301455 10682274 572
1553301455 16428895 178
1553301455 22632901 125
1553301456 2360521 3691
1553301457 6309178 199
1553301461 27541281 359
1553301461 5896282 1460
1553301461 11828979 4235
1553301461 26856527 4265
1553301465 16256082 4108
1553301465 30882874 1949
1553301467 32108259 229
1553301467 34326730 468
1553301468 12093705 3640
1553301469 13093121 381
1553301471 20557461 285
1553301473 3942412 1737
1553301475 8297213 3008
1553301476 20573134 139
1553301478 6403647 570
1553301479 22067279 2893
1553301483 6664659 366
1553301483 9603450 220
1553301485 17878941 2378
1553301485 19582473 3327
1553301485 25884984 1407
1553301485 31266917 4312
1553301485 38505621 2889
1553301485 17941596 764
1553301485 37053955 3083
1553301488 20000162 114
1553301488 25833294 6764
1553301490 7241081 1306
1553301492 37580376 641
1553301493 30215538 4049
1553301493 33503390 3292
1553301494 25372367 246
1553301495 16645725 4370
1553301496 17166538 252
1553301496 34393064 389
1553301496 17222154 2075
1553301498 37334467 2226
1553301499 13894613 3235
1553301500 21494233 3051
1553301501 5646985 196
1553301501 13636441 342
1553301502 18964879 4651
1553301502 36297083 433
1553301504 7122408 3204
1553301506 13946538 626
1553301506 30591697 987
1553301507 27905169 2894
1553301508 25247499 3947
1553301508 31712456 3164
1553301511 26477282 873
1553301513 27240493 2910
1553301514 25758243 580
1553301514 38925518 2846
1553301515 17058209 1777
1553301515 29362361 2451
1553301515 38538062 5433
1553301516 14927990 443
1553301517 16592625 2181
1553301517 23579560 3158
1553301518 23170277 3272
1553301519 11854423 214
1553301521 39081243 2173
1553301526 16095343 123
1553301526 18979364 446
1553301526 34506893 3641
1553301527 17995508 2675
1553301528 39271371 3369
1553301531 31524830 2263
1553301533 22743730 3801
1553301535 1800623 3785
1553301535 26295789 2802
1553301537 35735533 105
1553301537 38150490 85
1553301538 22911469 2358
1553301538 25147959 2837
1553301539 22887706 471
1553301541 5736690 1073
1553301541 25530823 3933
1553301541 36256011 3196
1553301542 26412816 7296
1553301545 20434945 103
1553301550 21488061 268
1553301551 36948685 1344
1553301552 35645497 1709
1553301552 38855211 4763
1553301553 21417069 2261
1553301554 7489122 792
1553301554 21560346 1166
1553301555 10173202 2896
1553301555 14547837 223
1553301555 36821078 889
1553301555 38965884 362
1553301560 5979294 1006
1553301560 39734053 408
1553301561 6421476 3072
1553301564 11307291 2668
1553301564 12361379 237
1553301565 424616 1803
1553301565 31539056 90
1553301567 17167835 107
1553301567 26987513 447
1553301568 15302395 2988
1553301569 24809041 3163
1553301570 7141869 2785
1553301571 21455076 4156
1553301574 4221170 636
1553301574 39864568 3467
1553301576 15576825 3770
1553301580 7353772 1913
1553301580 13831422 237
1553301581 27056926 2009
1553301583 25049473 1772
1553301584 17321278 2770
1553301588 5704446 3166
1553301591 7805021 1455
1553301592 17263602 1370
1553301593 24515735 577
1553301593 29443745 545
1553301594 39504531 6140
1553301595 5815105 997
1553301596 33913630 2464
1553301597 9531568 390
1553301599 18435916 2713
1553301600 24902265 406
1553301600 31871514 447
1553301601 10748811 3383
1553301602 4173280 1676
1553301602 20671386 598
1553301603 21913368 2134
1553301604 949671 700
1553301604 13098913 1340
1553301605 12433664 1027
1553301605 32098423 741
1553301606 30848146 2426
1553301607 29771696 3716
1553301608 28639255 765
1553301616 16604775 1776
1553301616 27082717 2705
1553301616 35928546 412
1553301617 1544514 292
1553301617 18546248 386
1553301617 21345588 390
1553301617 34488150 4131
1553301617 37605009 2241
1553301618 641035 2192
1553301619 29096905 4134
1553301619 31014284 2183
1553301622 25807867 1902
1553301626 3799918 5874
1553301627 38951033 3465
1553301628 31988712 155
1553301630 18004475 201
1553301630 27156464 241
1553301630 38308133 3164
1553301630 38806358 3697
1553301633 23604047 3984
1553301633 33083364 701
1553301635 31481741 426
1553301636 27262153 1781
1553301636 31749724 664
1553301638 3139982 2870
1553301639 7051989 443
1553301639 15227277 1985
1553301639 36634450 2656
1553301641 25416870 3290
1553301642 31268667 2757
1553301643 30622738 159
1553301644 4889735 231
1553301644 740620 3915
1553301644 11525708 2188
1553301646 3162452 6492
1553301648 2321623 4449
1553301649 21238727 5012
1553301649 21798884 4981
1553301652 11345697 265
1553301653 833900 2756
1553301653 1636861 3799
1553301653 7563450 907
1553301656 11447465 3664
1553301656 29458284 1469
1553301656 31518771 125
1553301658 10411458 518
1553301658 19782068 352
1553301659 28908249 4257
1553301659 35719698 5447
1553301661 3404919 4475
1553301662 21441354 3206
1553301665 22986334 1445
1553301665 34582032 3158
1553301667 18386505 3302
1553301670 16644472 1488
1553301671 19052021 2041
1553301671 19955603 411
1553301672 18158063 1601
1553301672 37678903 347
1553301673 7056404 1158
1553301673 11513769 1204
1553301676 7815198 170
1553301678 13536822 3214
1553301679 22985471 993
1553301679 4254477 2737
1553301681 14617831 507
1553301681 31639503 2178
1553301683 15173620 1066
1553301683 17710407 288
1553301683 20551776 345
1553301685 19339783 7412
1553301690 16392177 4272
1553301692 835126 3945
1553301694 4966970 318
1553301694 7232388 411
1553301694 20237307 464
1553301695 3964568 3551
1553301696 6049053 1686
1553301696 35573292 3008
1553301697 2863013 1644
1553301697 20728490 387
1553301698 3200648 4807
1553301699 7652268 525
1553301699 30803069 3798
1553301700 16317610 2252
1553301700 17933483 5263
1553301700 19544381 1677
1553301702 13323438 251
1553301703 30476494 1176
1553301703 24300482 227
1553301703 30923839 1809
1553301706 1699747 633
1553301706 21994795 2910
1553301708 19979038 2557
1553301709 22666909 89
1553301709 28908607 2191
1553301709 31792835 1806
1553301711 12204586 854
1553301713 10735463 367
1553301713 13553633 487
1553301714 22853989 287
1553301718 39145160 4246
1553301718 18329436 292
1553301720 34899268 342
1553301721 22066138 656
1553301723 3692888 248
1553301723 35885629 2744
1553301724 10248108 402
1553301724 29915615 158
1553301724 34540460 601
1553301725 5109946 6082
1553301725 20455407 1711
1553301725 38088140 470
1553301725 39545284 157
1553301727 2018995 4046
1553301728 34426494 927
1553301728 38280637 3197
1553301729 11222352 218
1553301729 25008793 374
1553301731 23703444 550
1553301732 13191306 2371
1553301733 11636869 4290
1553301733 27429759 1472
1553301734 1517518 333
1553301734 27908358 846
1553301735 3480383 3809
1553301735 30777828 290
1553301735 34253580 5033
1553301735 34731649 285
1553301736 12792544 3488
1553301736 18941725 2921
1553301737 20798249 421
1553301738 24462984 5983
1553301738 36235689 4233
1553301739 20295559 310
1553301740 14789422 2780
1553301741 14253656 2791
1553301741 31652921 2363
1553301742 5221426 816
1553301742 16066395 346
1553301742 17221088 589
1553301742 33704985 2595
1553301743 119969 3741
1553301743 28734912 381
1553301744 7401845 175
1553301744 19590062 4730
1553301745 16666516 85
1553301747 12267458 194
1553301747 18681404 789
1553301748 17661853 3784
1553301749 12115437 186
1553301749 17559407 3467
1553301749 27458239 3107
1553301749 39101260 3429
1553301750 27316407 129
1553301751 3586256 295
1553301751 16572158 801
1553301751 18472263 440
1553301753 30768630 371
1553301755 12282625 182
1553301757 192954 143
1553301757 33123683 3658
1553301759 1588322 174
1553301760 4737770 448
1553301760 15543903 186
1553301761 25735135 3341
1553301762 27639724 1515
1553301762 32247631 3889
1553301765 25714660 576
1553301767 33132494 2794
1553301770 21290727 501
1553301770 33262533 2360
1553301771 331936 3865
1553301771 23467544 771
1553301771 34236673 2474
1553301772 35071103 2905
1553301773 8096891 323
1553301775 2922781 130
1553301775 9997411 843
1553301775 26285229 2751
1553301775 31746284 2203
1553301776 39378727 651
1553301777 27716379 1932
1553301777 29458885 2564
1553301777 34745791 2932
1553301779 346511 4087
1553301779 29309866 385
1553301780 9842985 283
1553301784 23832821 406
1553301786 27514953 678
1553301789 19354423 2945
1553301789 23155599 361
1553301790 34576807 3489
1553301791 4624994 3294
1553301794 4219337 3372
1553301795 18844251 3355
1553301796 2503856 110
1553301798 23220713 2177
1553301799 35224014 219
1553301800 23619609 1621
1553301802 2985741 4164
1553301802 11021492 4311
1553301802 22866976 5125
1553301802 37070164 177
1553301803 21128707 3442
1553301804 11851231 242
1553301804 19259388 1436
1553301804 1173708 3364
1553301807 25743239 167
1553301807 38304123 1124
1553301808 26324175 2677
1553301809 21597392 506
1553301811 18207717 184
1553301811 18879238 231
1553301811 36236639 3683
1553301813 5097728 1323
1553301817 31424229 220
1553301819 5102684 386
1553301821 18753959 2968
1553301823 5559711 2410
1553301823 16023683 1642
1553301824 9524738 147
1553301824 36063210 2457
1553301825 3591678 2883
1553301827 2923759 3494
1553301827 9631372 387
1553301828 17144622 2289
1553301830 31070279 306
1553301831 25486296 130
1553301833 5676730 3375
1553301833 20343132 928
1553301835 35315313 149
1553301836 20408361 3946
1553301836 31481864 2501
1553301837 1214792 936
1553301837 6115255 224
1553301837 18307515 355
1553301837 19149176 664
1553301838 39471922 383
1553301839 29819998 4007
1553301839 39293018 2922
1553301840 15362566 562
1553301840 16587134 100
1553301842 15866386 489
1553301843 5420266 3294
1553301843 8447667 3276
1553301843 16533666 2758
1553301844 13389695 2996
1553301845 4160993 2935
1553301845 2988741 3203
1553301845 12528073 4012
1553301847 36757910 2840
1553301848 155649 2368
1553301850 1260686 1423
1553301851 781851 2863
1553301853 14111052 3635
1553301855 28055862 568
1553301856 3232955 3724
1553301856 12604862 2461
1553301857 12467562 390
1553301859 2257483 384
1553301859 7530213 306
1553301859 11134990 6026
1553301859 30477720 3506
1553301859 22180446 490
1553301862 20236377 1403
1553301866 9627898 3120
1553301866 26853297 4155
1553301866 31713220 564
1553301867 10532128 1406
1553301867 29416280 3575
1553301869 25182188 5405
1553301873 37301466 2241
1553301874 10370734 591
1553301874 22086576 344
1553301878 19794988 3151
1553301880 20921005 396
1553301880 23022934 1164
1553301884 11669234 1142
1553301890 2695078 402
1553301890 26729849 2779
1553301890 32514052 2949
1553301893 17444707 3345
1553301895 11496686 5669
1553301897 11723358 4443
1553301900 7925596 1283
1553301905 23641710 2231
1553301906 1552016 293
1553301906 2184374 1013
1553301908 2705677 247
1553301909 10880467 365
1553301910 38669841 917
1553301915 29149482 2870
1553301918 32547766 539
1553301919 6852476 248
1553301919 16866070 1293
1553301919 26942724 699
1553301921 8272500 215
1553301923 28089368 106
1553301924 5763531 586
1553301927 29750959 773
1553301929 29856397 3988
1553301934 21572712 2888
1553301939 487430 510
1553301939 13183561 405
1553301940 12856586 5301
1553301940 36766269 527
1553301941 17615871 3549
1553301941 22048251 2445
1553301942 38628550 1946
1553301943 33192409 156
1553301944 6471964 259
1553301944 39066882 2930
1553301945 11957195 681
1553301946 10026547 389
1553301947 3693439 4234
1553301948 18656284 3828
1553301948 21945933 2396
1553301950 7891775 2859
1553301951 16350146 2708
1553301952 27973826 715
1553301952 30787885 1503
1553301953 8642918 4398
1553301953 19197825 3384
1553301955 12196188 4374
1553301955 38337528 330
1553301956 1386718 484
1553301956 10279963 1204
1553301956 17917590 3078
1553301961 7694241 3337
1553301963 4303385 2148
1553301964 7784750 158
1553301966 3721591 384
1553301966 37678511 3774
1553301966 39791129 2218
1553301968 3262248 2465
1553301968 5921721 2167
1553301968 9025743 3964
1553301969 8132931 2130
1553301969 39460728 1714
1553301970 14680165 170
1553301974 3466209 643
1553301976 21404712 1914
1553301977 31647085 1749
1553301978 32800463 329
1553301979 2452077 151
1553301980 2009380 2727
1553301981 5368938 827
1553301981 28446659 1473
1553301983 15490372 1508
1553301984 10778440 5039
1553301987 37559693 3006
1553301989 15859273 4411
1553301989 35902112 4580
1553301990 34295501 2648
1553301990 39664526 2559
1553301991 908661 4385
1553301993 6954579 3381
1553301994 23200568 2107
1553301996 22356374 2694
1553301997 27311212 2689
1553301998 18700937 185
1553301999 6225343 768
1553301999 25701773 445
1553302002 26541402 3347
1553302004 14830567 3835
1553302005 764785 884
1553302005 17914572 198
1553302011 1258764 6654
1553302011 9675225 631
1553302015 26366717 2222
1553302018 7456150 2792
1553302020 19951791 270
1553302021 8261267 6686
1553302022 11941496 5820
1553302022 8268511 607
1553302027 16288621 2733
1553302027 24759858 3326
1553302031 35963811 135
1553302032 5742476 3775
1553302035 35626897 3395
1553302036 33085839 1094
1553302036 35569252 344
1553302037 34204879 198
1553302038 17369542 629
1553302039 6262691 4008
1553302040 26037426 1897
1553302041 4970733 3479
1553302041 7716057 3294
1553302041 36330627 180
1553302043 435846 491
1553302045 24828646 2503
1553302046 11200565 768
1553302048 7063799 334
1553302048 9441999 459
1553302048 13887892 764
1553302049 4966792 2400
1553302051 13131132 93
1553302053 20383049 672
1553302053 34147171 2926
1553302061 34323276 248
1553302061 24930970 5966
1553302063 2206505 482
1553302063 12809457 516
1553302064 30812467 354
1553302064 39361207 2664
1553302065 1485969 238
1553302068 35658173 1652
1553302068 38541852 3046
1553302069 16067857 2157
1553302071 12549773 1455
1553302071 23944770 1941
1553302072 7245364 626
1553302073 24813567 394
1553302074 6738262 4567
1553302075 9190412 101
1553302075 36705032 1941
1553302076 10469117 4447
1553302076 17827562 988
1553302076 33759132 416
1553302077 765196 1433
1553302078 33918496 4577
1553302080 4853674 701
1553302082 13003139 308
1553302084 17324991 2170
1553302084 22092491 2400
1553302085 21781387 3216
1553302085 34720735 3946
1553302086 23131754 894
1553302089 14446202 4198
1553302089 22296224 2213
1553302090 30022419 1118
1553302092 24926988 2330
1553302092 37530973 2401
1553302096 17817140 327
1553302097 30523473 3356
1553302098 15129486 378
1553302099 27447399 2651
1553302100 23343155 320
1553302100 35551669 7931
1553302101 39948865 1072
1553302102 11234206 2879
1553302102 28133820 1667
1553302102 9091085 5870
1553302102 14655170 1287
1553302104 1318394 3293
1553302104 14057434 2227
1553302105 8500032 738
1553302106 25120726 1210
1553302108 6386449 143
1553302108 16035510 119
1553302110 12966387 326
1553302110 24033916 2739
1553302111 27705833 914
1553302112 5036800 227
1553302112 29948315 837
1553302114 10189519 4729
1553302115 37145308 4103
1553302117 19366018 2656
1553302118 7845759 412
1553302122 21891917 2933
1553302128 21548090 2656
1553302128 26605902 1822
1553302129 24676355 296
1553302130 32304275 5180
1553302131 19472379 328
1553302132 30661075 146
1553302134 3212380 2389
1553302134 9228151 1064
1553302134 28008318 1619
1553302134 38636885 429
1553302135 24366099 4013
1553302135 30900330 584
1553302136 5680475 672
1553302136 12604187 756
1553302136 14974370 280
1553302136 29841913 3462
1553302137 26741754 289
1553302137 29616550 894
1553302137 30174076 75
1553302137 31617111 1645
1553302138 32879075 3210
1553302138 36877179 3990
1553302139 38386700 373
1553302141 24310594 4891
1553302142 8027167 2998
1553302143 33377188 5310
1553302143 8228594 227
1553302146 32373733 4417
1553302148 4185869 585
1553302148 4892848 149
1553302148 10116464 3760
1553302149 6337089 817
1553302149 18888038 422
1553302151 25429131 1879
1553302152 38989647 2368
1553302154 1781570 526
1553302154 36857234 3889
1553302155 32184689 352
1553302157 2536715 653
1553302160 80573 3731
1553302160 5559247 1842
1553302161 2898087 126
1553302163 29729591 2471
1553302163 34825402 3885
1553302163 8551241 697
1553302165 19165934 3964
1553302166 18860726 314
1553302166 25844031 2988
1553302167 23447659 532
1553302168 1458211 413
1553302168 17920644 3484
1553302171 16497499 293
1553302171 17000124 1489
1553302172 22801223 466
1553302173 23972718 2260
1553302174 3898591 305
1553302175 33720713 291
1553302176 70764 345
1553302176 1981237 181
1553302176 11201129 498
1553302176 31665658 4561
1553302179 769649 539
1553302180 174428 1313
1553302184 34754111 389
1553302185 23329641 3154
1553302189 6739811 643
1553302193 27921553 3440
1553302193 34097649 1459
1553302196 37277331 1304
1553302197 13928290 403
1553302197 24194276 775
1553302198 3821090 3849
1553302200 3510029 2184
1553302200 39489122 160
1553302202 13076893 1773
1553302202 21152174 386
1553302203 23331985 305
1553302204 36448541 1704
1553302206 29869029 4393
1553302209 16755012 1471
1553302209 30953329 1321
1553302209 35379606 2124
1553302210 17664663 3746
1553302210 30579088 394
1553302211 25942559 3861
1553302212 870504 3474
1553302214 1545627 172
1553302216 23251724 180
1553302216 34171658 4645
1553302217 30268002 893
1553302217 36310065 743
1553302218 20827659 2866
1553302218 25372172 4000
1553302219 14618590 4562
1553302219 21130912 3750
1553302222 7832640 3677
1553302222 11013307 6036
1553302224 34118650 305
1553302225 37978630 1486
1553302225 39050139 1677
1553302238 223709 310
1553302239 24558457 418
1553302243 30671871 3032
1553302245 28390968 2505
1553302245 35703850 2357
1553302246 1210377 1652
1553302246 18902414 119
1553302247 17816462 2758
1553302248 29269494 2954
1553302248 38798416 1128
1553302251 21266112 113
1553302252 39644950 4037
1553302253 26563898 577
1553302254 2879263 7093
1553302255 2817711 231
1553302255 12259022 3530
1553302255 34303450 1905
1553302258 32275771 3199
1553302259 26885067 109
1553302259 18113546 3216
1553302263 20819256 1461
1553302264 22556065 207
1553302265 9704221 2472
1553302265 27354922 2724
1553302266 9964685 685
1553302267 28545909 1555
1553302269 16357578 2504
1553302271 10746917 767
1553302271 23608466 156
1553302272 13531599 1983
1553302273 5592005 1282
1553302273 21661803 3015
1553302274 1294226 6389
1553302275 2119334 464
1553302275 9866890 3222
1553302276 14526669 186
1553302276 35199100 1604
1553302277 13887881 2183
1553302277 36292906 374
1553302278 8640633 154
1553302278 14159087 132
1553302278 22131039 1363
1553302279 27823055 400
1553302280 27646428 3398
1553302282 8313774 5044
1553302282 25366322 610
1553302282 32842356 248
1553302286 12711691 124
1553302286 18577502 538
1553302287 16932640 88
1553302288 6567089 4216
1553302288 15231082 1193
1553302290 28697509 3531
1553302293 27143193 3170
1553302294 1203313 1462
1553302294 24303475 349
1553302296 4823625 341
1553302297 1977786 5712
1553302297 18799183 1444
1553302300 14297273 3912
1553302300 19115614 4284
1553302301 38241593 2802
1553302306 2804263 246
1553302306 37322172 4462
1553302309 8126369 3053
1553302309 36428731 1144
1553302310 6020722 2074
1553302312 10709342 339
1553302312 29523226 209
1553302312 17563219 1410
1553302312 35282680 398
1553302314 28945022 3893
1553302315 10250624 2651
1553302315 11998256 1928
1553302316 801849 188
1553302316 14953149 3435
1553302317 25453861 1460
1553302318 16091324 3409
1553302318 20471306 3435
1553302318 23475365 1015
1553302320 24743799 848
1553302322 6781310 6258
1553302322 18713435 258
1553302322 34776805 358
1553302322 39918091 3201
1553302323 5674896 2463
1553302324 10210015 121
1553302327 24643883 1112
1553302329 39148933 3249
1553302332 797669 374
1553302332 6080862 3899
1553302332 39305794 724
1553302335 24446166 500
1553302335 39967098 182
1553302336 7433039 3286
1553302336 20394993 2376
1553302337 30588300 4005
1553302338 22438248 348
1553302338 28751552 162
1553302340 16472339 216
1553302341 183021 394
1553302341 16974339 1681
1553302342 35240394 1742
1553302344 31178616 3033
1553302346 26555044 2462
1553302347 34144128 7207
1553302348 2742555 1880
1553302348 7941730 3911
1553302348 39854771 196
1553302349 15362145 175
1553302351 29150047 3266
1553302355 24698203 3768
1553302357 12300222 949
1553302359 31863322 3759
1553302362 4415936 3595
1553302363 31875190 2461
1553302364 32439875 4386
1553302366 10815105 260
1553302367 30322391 209
1553302368 9309666 1591
1553302368 38845003 199
1553302370 18297072 1663
1553302370 25103593 275
1553302371 6796939 1059
1553302371 9267722 858
1553302371 18039501 1365
1553302371 19675486 3298
1553302371 32856558 3260
1553302371 34870918 3586
1553302373 15460807 2403
1553302373 38268778 2133
1553302374 12077720 368
1553302375 5138520 3670
1553302376 37394651 3252
1553302380 21597572 741
1553302382 39815940 7943
1553302383 24002107 136
1553302384 12185146 1736
1553302384 26021096 3383
1553302384 39618880 1401
1553302385 3131765 685
1553302385 18632596 741
1553302385 30534823 706
1553302385 32529976 565
1553302385 36138042 157
1553302388 5691919 3399
1553302389 21560204 2939
1553302389 26419636 2561
1553302389 33792842 907
1553302390 38333632 347
1553302391 16439643 1233
1553302391 19537309 3477
1553302396 9305588 4126
1553302396 12684782 1554
1553302396 37898203 78
1553302398 15608376 820
1553302399 2669427 2440
1553302399 17903580 1137
1553302402 3395122 1125
1553302403 4848782 3268
1553302403 5942063 2848
1553302404 13782863 2668
1553302404 27491064 1416
1553302408 38216171 956
1553302409 3576321 4247
1553302409 13524912 4205
1553302409 36457885 116
1553302410 31981505 3008
1553302411 891844 2873
1553302415 2955568 677
1553302416 12778399 849
1553302416 32315642 200
1553302417 26799772 1587
1553302418 22375859 586
1553302419 2113000 201
1553302419 16833196 2889
1553302419 26205146 3300
1553302420 39586323 3288
1553302422 5636086 93
1553302423 7158428 2195
1553302423 33041107 120
1553302423 39244909 524
1553302424 16406603 5525
1553302424 27445293 692
1553302424 35889805 3381
1553302426 32781173 96
1553302427 33156365 3530
1553302427 37304455 1442
1553302428 36907808 276
1553302429 289623 379
1553302429 14689526 2698
1553302429 15321801 2157
1553302431 22879944 2930
1553302432 37301824 1627
1553302434 13922003 3590
1553302436 14003630 3681
1553302437 604427 323
1553302437 31972701 2884
1553302438 30575475 1310
1553302438 32008516 447
1553302439 8693483 295
1553302441 19017857 4466
1553302443 16167710 232
1553302443 20671153 747
1553302445 18856408 400
1553302445 30235350 3828
1553302445 37244336 1722
1553302446 33470603 660
1553302447 16231532 5386
1553302447 32378828 4384
1553302447 33582659 1376
1553302450 14613765 410
1553302450 27512159 1237
1553302453 7208191 598
1553302453 34780978 3002
1553302454 20348146 2934
1553302455 18291809 288
1553302456 13666486 1568
1553302456 36322977 342
1553302458 25494263 170
1553302462 20684736 2753
1553302464 21506328 455
1553302464 25057713 2011
1553302469 8042808 3653
1553302469 20949355 4298
1553302471 16628372 6864
1553302471 17252528 3825
1553302476 5969940 3788
1553302476 15280748 4469
1553302478 21233865 452
1553302479 31103380 2739
1553302480 30828671 521
1553302483 38747206 495
1553302485 18467013 168
1553302485 26440621 6573
1553302485 27806961 4584
1553302485 28501176 4085
1553302485 37350009 2752
1553302486 39632105 495
1553302487 19713708 199
1553302487 25435356 389
1553302491 9423577 1639
1553302491 28960966 179
1553302491 30426283 426
1553302492 28154199 2530
1553302496 25107880 339
1553302499 22605584 4899
1553302499 30921734 420
1553302499 33815461 157
1553302502 25577297 3382
1553302502 25352391 1207
1553302502 35021642 300
1553302504 10231515 4006
1553302504 27908231 100
1553302505 2543639 338
1553302505 28244938 2418
1553302506 18463800 4112
1553302507 14879338 2929
1553302510 237116 400
1553302510 10911772 130
1553302510 30346826 5198
1553302514 9626796 3258
1553302516 12637519 4941
1553302518 7418327 187
1553302520 22949789 356
1553302523 16060376 1077
1553302524 2204580 388
1553302524 39767569 2410
1553302526 24126125 3760
1553302526 27031898 3233
1553302527 20386322 1973
1553302527 33827946 1726
1553302528 22563638 418
1553302528 27950857 244
1553302529 15490288 4813
1553302530 1890692 173
1553302532 14934251 1325
1553302536 1168049 1661
1553302536 28105932 315
1553302537 27530803 6661
1553302537 2747335 262
1553302540 24862666 2294
1553302541 20736106 350
1553302541 23364203 2482
1553302545 20116516 3332
1553302546 35630477 817
1553302546 39632413 1578
1553302546 10329121 2916
1553302548 16826137 686
1553302549 37621096 1379
1553302549 38521411 207
1553302552 1533652 116
1553302553 31414383 702
1553302554 37484691 192
1553302557 19435042 3365
1553302558 29002243 2478
1553302561 4566416 1129
1553302561 22965090 496
1553302561 30948854 104
1553302563 4832089 472
1553302563 28122016 127
1553302565 15815603 659
1553302565 18545692 1876
1553302566 21185936 195
1553302569 10692952 4764
1553302569 13301769 3198
1553302569 19977174 3311
1553302571 16687012 563
1553302572 20436832 3802
1553302572 4413167 811
1553302572 21870893 112
1553302574 22625022 3322
1553302574 26922157 3767
1553302575 10645575 167
1553302575 16939759 1111
1553302576 16802923 868
1553302578 7998416 1008
1553302578 15273381 317
1553302578 35985303 2047
1553302580 25246491 4218
1553302581 206131 2533
1553302581 11720400 708
1553302581 31914911 393
1553302582 4115149 3891
1553302584 22006266 2497
1553302585 20264561 2992
1553302587 10889339 2730
1553302588 5560374 208
1553302588 7844686 139
1553302589 6330881 2252
1553302589 6888303 3096
1553302590 19459523 3594
1553302592 6273303 1293
1553302593 334371 447
1553302595 25433308 3378
1553302596 27634864 126
1553302597 35425535 5924
1553302598 5443585 83
1553302599 14589757 3554
1553302601 15403523 547
1553302603 29149839 4029
1553302603 21059731 265
1553302603 24486941 544
1553302605 39888053 527
1553302606 16334347 4302
1553302607 8347226 294
1553302607 25440645 196
1553302607 30453393 685
1553302608 15176298 3460
1553302608 27573374 2988
1553302609 15698262 314
1553302611 28389778 2814
1553302613 21194924 3374
1553302617 5814869 241
1553302617 8822356 372
1553302617 20218475 5316
1553302618 1548509 3887
1553302619 33520690 3005
1553302620 34433393 227
1553302620 37765107 303
1553302622 2792838 122
1553302623 15856255 112
1553302624 28250077 2411
1553302626 6036172 3452
1553302626 10496751 3366
1553302626 11880282 4970
1553302627 39033241 4306
1553302629 25009992 1287
1553302629 5950666 470
1553302629 32104008 926
1553302631 12905631 5230
1553302631 24005503 3585
1553302632 7290031 742
1553302632 10078484 610
1553302632 21561006 1939
1553302633 7744399 7862
1553302633 24086670 391
1553302634 3262062 331
1553302635 22867629 426
1553302636 27900526 654
1553302637 5422028 447
1553302637 29533905 4267
1553302640 14737216 493
1553302641 5514998 3924
1553302641 25346620 309
1553302642 31888959 6310
1553302643 33300170 287
1553302644 13152105 2237
1553302644 38921391 1375
1553302645 19982209 2967
1553302647 38182892 2702
1553302647 6798475 215
1553302650 7767494 471
1553302653 16607826 1326
1553302654 35945226 300
1553302657 18714289 2933
1553302658 1653009 250
1553302658 17525358 523
1553302659 27387700 630
1553302660 20555797 3972
1553302660 29268005 7267
1553302662 8310689 2658
1553302662 39040768 249
1553302664 11448256 5665
1553302664 810041 1514
1553302664 4328798 1816
1553302666 15265145 2093
1553302667 14095711 3693
1553302667 16354549 2864
1553302667 34380903 178
1553302668 9145587 1020
1553302668 27529040 3557
1553302672 16000897 2901
1553302672 18454874 2799
1553302676 22122705 614
1553302678 32378147 7633
1553302681 7888512 368
1553302681 30112042 3745
1553302681 30709983 4054
1553302683 12360890 1711
1553302685 1525772 3185
1553302686 12618429 516
1553302686 24815876 331
1553302687 31784875 416
1553302688 2734699 436
1553302688 11678622 4008
1553302688 15163938 3711
1553302689 3700990 388
1553302689 10842670 385
1553302690 32320576 125
1553302691 9263367 755
1553302691 38784998 3447
1553302692 19321501 423
1553302693 10180619 3229
1553302695 5790778 2431
1553302695 30828324 330
1553302699 17911322 226
1553302700 15827731 1743
1553302702 38042219 197
1553302703 7219798 217
1553302704 31127711 5221
1553302705 29260093 2745
1553302705 39501778 427
1553302706 34938185 1921
1553302708 8489633 211
1553302708 38947986 2698
1553302711 3220778 1801
1553302711 4567087 560
1553302713 10903404 3730
1553302713 35463109 3169
1553302714 2645500 1490
1553302714 15329902 406
1553302714 33246702 289
1553302715 17271009 3803
1553302716 36268872 2403
1553302717 11950636 2148
1553302717 35857414 864
1553302720 8059309 1855
1553302721 34208989 3569
1553302721 39940333 2416
1553302724 16453540 191
1553302727 7329882 5448
1553302728 2668987 2669
1553302729 35125233 2857
1553302731 26301767 1412
1553302732 15188409 148
1553302733 3541080 2780
1553302733 29072693 721
1553302734 26466137 2873
1553302735 20630358 488
1553302735 37534669 2015
1553302737 26466035 2196
1553302737 30873763 2768
1553302737 35589935 4016
1553302738 13670727 2917
1553302738 18390759 1651
1553302740 20623012 217
1553302740 15567668 3382
1553302740 17967571 1950
1553302742 17114002 636
1553302744 5208130 397
1553302744 11736212 4535
1553302748 14980595 2642
1553302748 17637121 1311
1553302748 19350275 2151
1553302748 32551918 162
1553302750 16731958 566
1553302755 29993295 2628
1553302757 1743672 290
1553302757 19687437 1606
1553302759 27646334 963
1553302760 17278294 582
1553302766 4782638 4019
1553302767 17004699 2880
1553302767 28958681 4493
1553302768 1071103 2535
1553302768 23818136 536
1553302769 37125749 270
1553302772 16744300 3927
1553302773 16170886 578
1553302774 5816074 3195
1553302775 31621352 3049
1553302776 5204093 2456
1553302778 37867371 1883
1553302781 18920502 198
1553302782 15306079 2510
1553302782 18538399 2314
1553302782 33192297 2213
1553302783 19295718 424
1553302783 23556071 401
1553302785 10891771 337
1553302785 25742826 1321
1553302787 14232617 4210
1553302787 20540731 1325
1553302788 6633209 1095
1553302792 7818775 245
1553302793 10341804 472
1553302793 34212278 1909
1553302793 38235027 2196
1553302794 32223088 449
1553302795 14045873 340
1553302795 27033150 942
1553302799 18276908 2680
