1553299200 1 
1553299201 1
1553299202 3
1553299203 1
1553299205 3
1553299208 1
1553299212 1
1553299217 1
1553299217 2
1553299219 1
1553299221 1
1553299224 1
1553299225 1
1553299226 1
1553299231 1
1553299232 3
1553299234 2
1553299236 1
1553299237 2
1553299239 1
1553299240 1
1553299241 1
1553299242 1
1553299243 2
1553299246 1
1553299249 1
1553299251 1
1553299252 1
1553299254 2
1553299259 1
1553299262 1
1553299264 1
1553299265 1
1553299267 1
1553299268 3
1553299274 1
1553299277 1
1553299278 4
1553299279 2
1553299280 2
1553299281 3
1553299281 1
1553299283 2
1553299284 1
1553299285 1
1553299287 1
1553299295 1
1553299297 1
1553299298 1
1553299304 1
1553299307 1
1553299308 2
1553299310 1
1553299311 1
1553299313 1
1553299315 2
1553299316 2
1553299318 1
1553299319 1
1553299322 1
1553299323 5
1553299325 2
1553299326 2
1553299327 1
1553299327 1
1553299329 1
1553299331 3
1553299332 2
1553299332 2
1553299335 3
1553299338 2
1553299339 1
1553299343 1
1553299345 2
1553299346 1
1553299347 1
1553299349 3
1553299350 1
1553299351 3
1553299352 2
1553299353 1
1553299356 1
1553299357 1
1553299358 1
1553299359 2
1553299360 1
1553299364 2
1553299366 2
1553299367 2
1553299368 2
1553299369 1
1553299371 1
1553299374 1
1553299376 2
1553299377 2
1553299379 1
1553299383 1
1553299385 1
1553299385 2
1553299387 3
1553299390 2
1553299391 1
1553299392 2
1553299393 1
1553299395 2
1553299396 2
1553299399 2
1553299402 2
1553299403 3
1553299405 2
1553299408 2
1553299409 1
1553299410 1
1553299412 1
1553299416 2
1553299420 1
1553299421 1
1553299422 1
1553299423 1
1553299426 2
1553299427 2
1553299429 1
1553299431 2
1553299433 1
1553299435 1
1553299437 2
1553299438 2
1553299440 3
1553299443 1
1553299444 2
1553299445 2
1553299446 1
1553299450 3
1553299451 1
1553299452 2
1553299454 1
1553299456 2
1553299458 1
1553299459 1
1553299460 1
1553299462 2
1553299464 3
1553299465 1
1553299466 1
1553299467 1
1553299469 1
1553299471 1
1553299472 1
1553299473 3
1553299475 1
1553299476 2
1553299477 1
1553299479 2
1553299481 2
1553299483 1
1553299486 1
1553299487 3
1553299488 2
1553299489 1
1553299489 1
1553299492 1
1553299498 2
1553299499 1
1553299503 1
1553299506 3
1553299508 1
1553299509 1
1553299510 1
1553299511 2
1553299512 2
1553299513 1
1553299515 1
1553299517 1
1553299518 1
1553299519 1
1553299520 1
1553299521 2
1553299523 3
1553299524 1
1553299527 2
1553299529 1
1553299530 1
1553299533 1
1553299534 2
1553299535 3
1553299536 1
1553299538 4
1553299539 2
1553299541 1
1553299544 1
1553299544 2
1553299548 5
1553299549 1
1553299551 1
1553299554 2
1553299556 1
1553299559 1
1553299560 1
1553299561 3
1553299568 1
1553299569 1
1553299570 2
1553299572 2
1553299573 2
1553299574 2
1553299577 1
1553299578 2
1553299582 2
1553299583 8
1553299584 72
1553299585 1
1553299586 1
1553299589 1
1553299591 2
1553299593 2
1553299597 1
1553299598 1
1553299599 1
1553299601 1
1553299602 1
1553299604 1
1553299606 1
1553299607 1
1553299608 1
1553299609 2
1553299610 1
1553299611 1
1553299613 2
1553299615 1
1553299616 1
1553299618 1
1553299619 21
1553299620 1
1553299621 1
1553299622 3
1553299623 2
1553299625 1
1553299626 1
1553299628 1
1553299629 1
1553299631 1
1553299632 2
1553299634 1
1553299637 1
1553299638 2
1553299640 1
1553299641 1
1553299642 3
1553299648 2
1553299649 3
1553299649 2
1553299655 1
1553299656 1
1553299657 1
1553299658 2
1553299660 1
1553299662 2
1553299665 1
1553299667 1
1553299669 1
1553299670 2
1553299671 1
1553299672 1
1553299674 3
1553299675 1
1553299676 1
1553299679 1
1553299680 1
1553299683 1
1553299684 1
1553299690 1
1553299691 2
1553299691 2
1553299694 1
1553299695 1
1553299696 1
1553299697 1
1553299699 2
1553299700 1
1553299701 2
1553299702 1
1553299703 1
1553299707 2
1553299709 1
1553299710 2
1553299713 1
1553299715 1
1553299716 1
1553299717 2
1553299722 2
1553299724 2
1553299726 1
1553299728 2
1553299729 2
1553299731 2
1553299732 1
1553299735 3
1553299737 1
1553299738 1
1553299739 2
1553299740 1
1553299743 3
1553299744 1
1553299745 3
1553299750 3
1553299751 1
1553299752 1
1553299753 1
1553299754 2
1553299755 2
1553299757 1
1553299758 1
1553299760 1
1553299761 1
1553299762 1
1553299763 1
1553299763 1
1553299765 1
1553299766 2
1553299767 2
1553299768 1
1553299769 1
1553299770 1
1553299771 2
1553299776 2
1553299778 3
1553299781 1
1553299782 1
1553299783 1
1553299791 1
1553299792 2
1553299794 1
1553299795 1
1553299797 2
1553299798 1
1553299802 1
1553299803 3
1553299805 1
1553299806 1
1553299807 1
1553299808 1
1553299809 1
1553299810 3
1553299811 1
1553299812 3
1553299813 2
1553299814 1
1553299817 2
1553299819 3
1553299820 3
1553299821 1
1553299823 1
1553299824 3
1553299825 2
1553299826 3
1553299827 2
1553299829 1
1553299830 2
1553299833 1
1553299834 1
1553299836 1
1553299837 2
1553299838 5
1553299839 2
1553299839 2
1553299842 2
1553299844 2
1553299845 4
1553299846 3
1553299847 1
1553299848 3
1553299849 1
1553299850 1
1553299853 1
1553299858 1
1553299859 1
1553299863 1
1553299864 2
1553299865 1
1553299866 2
1553299868 1
1553299870 1
1553299873 3
1553299874 2
1553299877 1
1553299879 1
1553299880 2
1553299880 2
1553299882 2
1553299883 1
1553299884 1
1553299885 1
1553299886 1
1553299887 2
1553299889 1
1553299891 1
1553299893 1
1553299894 1
1553299895 1
1553299895 2
1553299897 1
1553299899 3
1553299900 1
1553299900 2
1553299905 3
1553299906 1
1553299908 1
1553299911 1
1553299912 2
1553299915 1
1553299916 1
1553299917 2
1553299920 1
1553299921 2
1553299924 2
1553299925 3
1553299925 1
1553299927 1
1553299928 1
1553299929 1
1553299930 2
1553299931 3
1553299932 1
1553299934 2
1553299936 1
1553299938 2
1553299940 1
1553299942 1
1553299946 2
1553299949 1
1553299950 1
1553299952 1
1553299955 2
1553299956 3
1553299957 1
1553299958 1
1553299959 2
1553299960 2
1553299961 3
1553299962 1
1553299963 2
1553299966 2
1553299966 3
1553299968 1
1553299969 1
1553299971 1
1553299972 3
1553299973 1
1553299974 1
1553299979 1
1553299983 2
1553299985 1
1553299986 1
1553299988 1
1553299992 1
1553299994 1
1553299999 1
1553300001 1
1553300003 2
1553300007 1
1553300008 1
1553300009 1
1553300011 1
1553300013 2
1553300014 1
1553300016 1
1553300018 2
1553300021 1
1553300022 3
1553300026 2
1553300028 1
1553300029 2
1553300032 1
1553300033 1
1553300034 1
1553300035 1
1553300036 2
1553300038 1
1553300039 1
1553300042 2
1553300043 1
1553300047 2
1553300048 1
1553300048 1
1553300050 2
1553300052 2
1553300053 2
1553300054 2
1553300056 1
1553300057 1
1553300059 1
1553300061 2
1553300063 1
1553300065 2
1553300066 1
1553300067 1
1553300069 1
1553300072 1
1553300072 1
1553300074 1
1553300076 4
1553300080 1
1553300081 1
1553300082 2
1553300084 1
1553300087 1
1553300088 2
1553300092 1
1553300093 2
1553300094 1
1553300096 1
1553300097 1
1553300101 2
1553300103 1
1553300104 1
1553300110 1
1553300111 2
1553300115 1
1553300116 1
1553300119 1
1553300120 2
1553300123 2
1553300126 1
1553300128 1
1553300129 2
1553300130 1
1553300131 1
1553300135 1
1553300138 1
1553300139 1
1553300140 1
1553300145 1
1553300146 2
1553300149 1
1553300150 1
1553300153 1
1553300157 2
1553300159 1
1553300161 1
1553300163 2
1553300165 1
1553300167 1
1553300168 1
1553300170 1
1553300171 1
1553300174 1
1553300175 1
1553300178 1
1553300179 2
1553300180 1
1553300181 1
1553300183 1
1553300185 1
1553300186 1
1553300188 1
1553300189 2
1553300190 1
1553300191 2
1553300192 1
1553300193 1
1553300194 1
1553300196 1
1553300197 3
1553300198 2
1553300201 2
1553300202 2
1553300203 2
1553300206 2
1553300212 1
1553300215 1
1553300216 1
1553300218 2
1553300219 1
1553300220 1
1553300221 1
1553300223 1
1553300224 1
1553300225 10
1553300226 1
1553300228 2
1553300229 1
1553300230 2
1553300231 2
1553300232 1
1553300233 2
1553300235 1
1553300236 2
1553300238 1
1553300241 1
1553300243 1
1553300244 1
1553300245 2
1553300248 2
1553300250 1
1553300253 8
1553300254 1
1553300255 2
1553300257 2
1553300258 3
1553300259 3
1553300261 2
1553300263 1
1553300264 2
1553300267 1
1553300269 1
1553300271 2
1553300272 2
1553300274 1
1553300276 2
1553300278 1
1553300279 2
1553300281 1
1553300283 1
1553300283 1
1553300287 1
1553300288 2
1553300289 1
1553300290 1
1553300291 2
1553300292 1
1553300294 1
1553300296 1
1553300296 1
1553300298 1
1553300299 1
1553300300 2
1553300303 1
1553300306 1
1553300308 2
1553300311 1
1553300312 1
1553300313 2
1553300314 3
1553300315 1
1553300315 2
1553300317 1
1553300318 1
1553300320 1
1553300323 3
1553300324 1
1553300326 1
1553300327 2
1553300329 2
1553300330 1
1553300331 4
1553300332 2
1553300333 2
1553300338 3
1553300340 1
1553300342 1
1553300343 2
1553300344 4
1553300345 1
1553300347 1
1553300348 2
1553300349 1
1553300349 2
1553300354 1
1553300355 1
1553300358 2
1553300360 2
1553300361 1
1553300362 1
1553300363 1
1553300365 2
1553300366 1
1553300369 1
1553300370 1
1553300374 1
1553300378 1
1553300380 2
1553300382 1
1553300383 2
1553300388 1
1553300392 1
1553300393 2
1553300393 1
1553300395 3
1553300396 1
1553300397 1
1553300398 1
1553300398 1
1553300400 1
1553300401 2
1553300405 1
1553300406 1
1553300407 1
1553300410 1
1553300411 2
1553300415 1
1553300416 1
1553300421 1
1553300423 2
1553300424 2
1553300425 2
1553300427 2
1553300428 4
1553300429 3
1553300430 2
1553300430 1
1553300433 2
1553300436 2
1553300437 1
1553300438 1
1553300439 1
1553300441 1
1553300442 1
1553300444 1
1553300445 2
1553300446 3
1553300447 1
1553300448 2
1553300449 1
1553300450 2
1553300451 1
1553300451 2
1553300454 3
1553300455 1
1553300457 1
1553300458 2
1553300459 2
1553300461 2
1553300462 1
1553300463 2
1553300465 1
1553300466 1
1553300469 1
1553300470 3
1553300471 1
1553300473 4
1553300474 1
1553300476 2
1553300477 4
1553300479 1
1553300480 1
1553300482 5
1553300484 1
1553300485 1
1553300486 3
1553300487 1
1553300488 2
1553300492 2
1553300494 1
1553300497 1
1553300499 1
1553300501 1
1553300502 2
1553300503 1
1553300508 1
1553300510 3
1553300512 2
1553300513 1
1553300513 1
1553300515 3
1553300516 1
1553300521 1
1553300522 1
1553300523 1
1553300525 2
1553300526 1
1553300527 1
1553300528 1
1553300530 2
1553300532 1
1553300534 1
1553300535 1
1553300536 2
1553300537 1
1553300538 1
1553300541 2
1553300542 1
1553300543 2
1553300545 2
1553300546 1
1553300547 3
1553300550 1
1553300551 2
1553300552 1
1553300553 1
1553300555 1
1553300556 1
1553300559 2
1553300562 2
1553300562 1
1553300564 2
1553300566 1
1553300567 1
1553300567 1
1553300569 1
1553300571 2
1553300571 1
1553300575 1
1553300576 1
1553300577 1
1553300581 1
1553300583 3
1553300584 2
1553300585 2
1553300586 1
1553300587 1
1553300588 5
1553300589 4
1553300590 1
1553300592 1
1553300598 1
1553300599 3
1553300600 2
1553300602 2
1553300603 1
1553300604 2
1553300605 2
1553300606 1
1553300607 1
1553300608 1
1553300610 2
1553300611 3
1553300612 2
1553300615 1
1553300616 1
1553300616 2
1553300618 3
1553300619 2
1553300620 2
1553300621 1
1553300622 1
1553300624 2
1553300625 2
1553300626 1
1553300627 2
1553300629 1
1553300630 1
1553300631 2
1553300633 3
1553300634 3
1553300637 1
1553300640 4
1553300641 1
1553300642 1
1553300643 3
1553300644 1
1553300646 1
1553300647 2
1553300648 1
1553300650 1
1553300650 2
1553300652 1
1553300653 1
1553300654 2
1553300655 1
1553300655 1
1553300657 3
1553300658 1
1553300659 1
1553300660 3
1553300665 1
1553300667 2
1553300668 1
1553300670 1
1553300671 1
1553300673 1
1553300674 1
1553300675 3
1553300678 4
1553300679 3
1553300680 1
1553300682 2
1553300684 1
1553300686 1
1553300687 1
1553300688 1
1553300689 1
1553300690 1
1553300691 2
1553300692 2
1553300693 1
1553300694 1
1553300696 2
1553300699 2
1553300700 1
1553300701 1
1553300702 1
1553300704 1
1553300704 1
1553300708 2
1553300709 2
1553300709 2
1553300711 2
1553300714 1
1553300716 2
1553300718 1
1553300720 1
1553300721 3
1553300722 2
1553300723 1
1553300724 2
1553300725 1
1553300726 1
1553300727 1
1553300729 1
1553300730 2
1553300731 1
1553300732 1
1553300733 1
1553300734 2
1553300736 1
1553300737 2
1553300743 1
1553300744 1
1553300745 1
1553300747 3
1553300750 2
1553300752 3
1553300753 1
1553300755 1
1553300757 4
1553300759 2
1553300761 2
1553300764 1
1553300766 1
1553300767 3
1553300770 1
1553300772 1
1553300773 1
1553300777 1
1553300778 2
1553300779 2
1553300781 1
1553300783 1
1553300785 2
1553300788 1
1553300791 1
1553300792 1
1553300795 2
1553300796 1
1553300797 2
1553300798 1
1553300800 1
1553300801 2
1553300802 1
1553300803 4
1553300804 1
1553300806 3
1553300808 2
1553300810 4
1553300812 1
1553300813 1
1553300814 1
1553300816 1
1553300819 1
1553300821 1
1553300823 1
1553300826 1
1553300828 1
1553300830 1
1553300831 2
1553300832 2
1553300833 1
1553300835 1
1553300836 1
1553300840 1
1553300840 1
1553300843 1
1553300845 2
1553300846 2
1553300847 1
1553300848 3
1553300849 2
1553300850 2
1553300852 2
1553300853 1
1553300855 3
1553300858 2
1553300859 2
1553300860 1
1553300862 1
1553300863 3
1553300866 2
1553300867 2
1553300869 5
1553300870 1
1553300873 1
1553300877 2
1553300878 1
1553300880 1
1553300882 1
1553300885 2
1553300889 1
1553300890 2
1553300891 1
1553300892 2
1553300893 3
1553300894 2
1553300895 1
1553300896 1
1553300900 5
1553300901 2
1553300903 1
1553300904 1
1553300907 1
1553300908 2
1553300912 2
1553300915 3
1553300923 1
1553300924 3
1553300924 2
1553300926 1
1553300928 2
1553300929 1
1553300931 1
1553300932 1
1553300933 2
1553300934 1
1553300936 1
1553300938 3
1553300939 1
1553300941 1
1553300944 1
1553300947 2
1553300948 1
1553300949 1
1553300950 2
1553300951 1
1553300954 2
1553300957 1
1553300958 2
1553300959 1
1553300962 2
1553300964 1
1553300969 1
1553300970 2
1553300971 1
1553300973 2
1553300975 1
1553300977 2
1553300979 1
1553300980 1
1553300982 1
1553300984 1
1553300985 1
1553300986 2
1553300988 1
1553300990 5
1553300992 2
1553300994 1
1553300995 1
1553300998 2
1553300999 3
1553300999 1
1553301001 4
1553301002 2
1553301004 1
1553301005 2
1553301006 2
1553301007 1
1553301012 1
1553301014 1
1553301015 1
1553301016 1
1553301017 2
1553301018 2
1553301019 1
1553301020 1
1553301023 2
1553301024 3
1553301025 2
1553301026 1
1553301027 2
1553301028 2
1553301029 1
1553301034 1
1553301036 1
1553301038 2
1553301039 2
1553301040 1
1553301042 1
1553301043 3
1553301044 3
1553301047 2
1553301048 1
1553301050 1
1553301052 2
1553301054 2
1553301055 1
1553301057 2
1553301060 3
1553301062 2
1553301063 1
1553301066 2
1553301067 2
1553301068 2
1553301071 3
1553301073 1
1553301074 1
1553301075 1
1553301076 2
1553301077 1
1553301079 1
1553301081 1
1553301083 2
1553301084 1
1553301085 1
1553301087 1
1553301088 3
1553301089 2
1553301091 1
1553301093 1
1553301094 3
1553301094 1
1553301096 1
1553301097 2
1553301098 2
1553301099 1
1553301100 1
1553301101 1
1553301102 2
1553301109 1
1553301111 1
1553301115 1
1553301115 1
1553301117 1
1553301118 2
1553301119 1
1553301120 2
1553301121 1
1553301122 1
1553301125 2
1553301126 2
1553301127 2
1553301130 1
1553301131 1
1553301132 1
1553301134 2
1553301136 1
1553301138 1
1553301139 2
1553301140 3
1553301141 1
1553301144 1
1553301146 1
1553301148 2
1553301149 2
1553301151 2
1553301152 1
1553301153 1
1553301154 1
1553301154 2
1553301156 1
1553301157 1
1553301158 1
1553301159 4
1553301160 2
1553301162 1
1553301167 1
1553301168 1
1553301171 1
1553301172 1
1553301174 1
1553301177 3
1553301178 1
1553301181 1
1553301182 1
1553301184 2
1553301185 1
1553301188 2
1553301191 1
1553301192 1
1553301193 1
1553301194 1
1553301196 1
1553301198 3
1553301199 1
1553301200 1
1553301202 3
1553301204 1
1553301206 2
1553301209 1
1553301212 1
1553301215 1
1553301218 1
1553301219 1
1553301222 2
1553301224 2
1553301226 1
1553301227 1
1553301229 2
1553301230 3
1553301232 1
1553301235 1
1553301235 1
1553301238 2
1553301239 1
1553301240 1
1553301241 1
1553301242 1
1553301243 1
1553301246 1
1553301247 1
1553301248 1
1553301249 1
1553301251 1
1553301252 1
1553301253 2
1553301255 1
1553301257 1
1553301258 1
1553301259 1
1553301261 2
1553301262 2
1553301263 1
1553301264 1
1553301266 2
1553301267 3
1553301270 2
1553301272 2
1553301273 1
1553301275 1
1553301275 1
1553301281 1
1553301282 1
1553301283 1
1553301288 1
1553301289 2
1553301290 1
1553301291 2
1553301292 1
1553301294 1
1553301296 1
1553301298 2
1553301299 1
1553301304 2
1553301305 1
1553301305 1
1553301308 1
1553301309 2
1553301312 2
1553301313 1
1553301317 1
1553301319 2
1553301320 2
1553301322 2
1553301323 2
1553301325 1
1553301327 2
1553301329 1
1553301330 1
1553301332 1
1553301332 1
1553301334 1
1553301335 2
1553301338 3
1553301339 1
1553301340 1
1553301342 2
1553301343 2
1553301344 1
1553301345 1
1553301346 4
1553301349 1
1553301350 1
1553301355 1
1553301356 5
1553301357 1
1553301360 1
1553301362 2
1553301363 1
1553301364 1
1553301365 2
1553301368 3
1553301369 2
1553301370 2
1553301372 1
1553301373 1
1553301376 1
1553301377 1
1553301377 3
1553301379 2
1553301380 1
1553301386 1
1553301388 3
1553301390 2
1553301392 2
1553301393 3
1553301396 1
1553301397 2
1553301398 2
1553301402 5
1553301405 3
1553301406 1
1553301406 1
1553301408 1
1553301409 3
1553301411 1
1553301412 2
1553301413 1
1553301414 11
1553301418 1
1553301419 1
1553301420 1
1553301420 2
1553301422 1
1553301423 2
1553301425 1
1553301426 1
1553301428 3
1553301429 3
1553301430 2
1553301431 1
1553301432 2
1553301435 1
1553301436 4
1553301437 1
1553301438 2
1553301439 1
1553301441 2
1553301444 1
1553301445 1
1553301446 3
1553301447 1
1553301449 2
1553301451 2
1553301453 1
1553301454 1
1553301455 1
1553301456 4
1553301457 1
1553301459 1
1553301461 1
1553301463 3
1553301466 2
1553301468 2
1553301469 1
1553301470 1
1553301472 1
1553301474 1
1553301476 1
1553301477 1
1553301479 1
1553301481 1
1553301484 2
1553301485 5
1553301487 2
1553301489 2
1553301491 1
1553301493 1
1553301494 2
1553301495 1
1553301496 1
1553301496 2
1553301498 1
1553301499 1
1553301500 1
1553301501 1
1553301502 2
1553301503 2
1553301505 1
1553301507 2
1553301508 1
1553301509 2
1553301512 1
1553301514 1
1553301515 2
1553301516 3
1553301517 1
1553301518 2
1553301519 1
1553301519 1
1553301522 1
1553301527 3
1553301528 1
1553301529 1
1553301532 1
1553301534 1
1553301536 2
1553301538 2
1553301539 2
1553301540 1
1553301542 3
1553301544 1
1553301546 1
1553301551 1
1553301551 1
1553301553 2
1553301554 1
1553301555 2
1553301556 4
1553301561 2
1553301562 1
1553301565 2
1553301566 2
1553301568 2
1553301569 1
1553301570 1
1553301571 1
1553301572 1
1553301575 2
1553301577 1
1553301581 2
1553301582 1
1553301584 1
1553301585 1
1553301589 1
1553301592 1
1553301593 1
1553301594 2
1553301595 1
1553301596 1
1553301597 1
1553301598 1
1553301600 1
1553301601 2
1553301602 1
1553301603 2
1553301604 1
1553301605 2
1553301606 2
1553301607 1
1553301608 1
1553301609 1
1553301617 3
1553301618 5
1553301619 1
1553301620 2
1553301623 1
1553301627 1
1553301628 1
1553301629 1
1553301631 4
1553301634 2
1553301636 1
1553301637 2
1553301639 1
1553301640 3
1553301642 1
1553301643 1
1553301644 1
1553301644 1
1553301646 2
1553301647 1
1553301649 1
1553301649 2
1553301653 1
1553301654 3
1553301657 3
1553301659 2
1553301660 2
1553301662 1
1553301663 1
1553301665 1
1553301667 1
1553301668 1
1553301671 1
1553301672 2
1553301673 2
1553301674 2
1553301677 1
1553301679 1
1553301679 1
1553301681 1
1553301682 2
1553301685 3
1553301686 1
1553301691 1
1553301693 1
1553301695 3
1553301696 1
1553301697 2
1553301698 2
1553301699 1
1553301700 2
1553301701 3
1553301703 1
1553301703 1
1553301705 2
1553301707 2
1553301709 1
1553301709 1
1553301711 2
1553301712 1
1553301714 2
1553301714 1
1553301718 1
1553301720 1
1553301721 1
1553301722 1
1553301724 2
1553301725 3
1553301726 4
1553301728 1
1553301729 2
1553301730 2
1553301732 1
1553301733 1
1553301734 2
1553301735 2
1553301736 4
1553301737 2
1553301738 1
1553301739 2
1553301740 1
1553301741 1
1553301742 2
1553301743 4
1553301744 2
1553301745 2
1553301746 1
1553301748 2
1553301749 1
1553301750 4
1553301751 1
1553301753 3
1553301754 1
1553301756 1
1553301758 2
1553301760 1
1553301761 2
1553301762 1
1553301763 2
1553301766 1
1553301768 1
1553301771 2
1553301772 3
1553301773 1
1553301774 1
1553301776 4
1553301777 1
1553301778 3
1553301780 2
1553301781 1
1553301785 1
1553301787 1
1553301790 2
1553301791 1
1553301793 1
1553301795 1
1553301796 1
1553301797 1
1553301799 1
1553301800 1
1553301801 1
1553301803 4
1553301804 1
1553301804 2
1553301806 1
1553301808 2
1553301809 1
1553301810 1
1553301812 3
1553301814 1
1553301817 1
1553301820 1
1553301822 1
1553301824 2
1553301825 2
1553301826 1
1553301828 2
1553301829 1
1553301831 1
1553301833 1
1553301834 2
1553301836 1
1553301837 2
1553301838 4
1553301839 1
1553301840 2
1553301841 2
1553301843 1
1553301844 3
1553301845 1
1553301845 1
1553301847 2
1553301848 1
1553301849 1
1553301851 1
1553301852 1
1553301854 1
1553301856 1
1553301857 2
1553301858 1
1553301859 4
1553301861 1
1553301863 1
1553301867 3
1553301868 2
1553301870 1
1553301874 1
1553301876 2
1553301880 1
1553301881 2
1553301885 1
1553301891 3
1553301894 1
1553301896 1
1553301898 1
1553301901 1
1553301906 1
1553301907 2
1553301909 1
1553301910 1
1553301911 1
1553301916 1
1553301919 1
1553301920 3
1553301922 1
1553301924 1
1553301925 1
1553301928 1
1553301930 1
1553301935 1
1553301940 2
1553301941 2
1553301942 2
1553301943 1
1553301944 1
1553301945 2
1553301946 1
1553301947 1
1553301948 1
1553301949 2
1553301951 1
1553301952 1
1553301953 2
1553301954 2
1553301956 2
1553301957 3
1553301962 1
1553301964 1
1553301965 1
1553301968 3
1553301969 3
1553301970 2
1553301971 1
1553301975 1
1553301977 1
1553301978 1
1553301979 1
1553301980 1
1553301981 1
1553301982 2
1553301984 1
1553301985 1
1553301988 1
1553301990 2
1553301991 2
1553301992 1
1553301994 1
1553301995 1
1553301997 1
1553301998 1
1553301999 1
1553301999 1
1553302001 1
1553302003 1
1553302005 1
1553302006 2
1553302012 2
1553302016 1
1553302019 1
1553302021 1
1553302022 1
1553302022 1
1553302024 1
1553302028 2
1553302032 1
1553302033 1
1553302036 1
1553302037 2
1553302038 1
1553302039 1
1553302040 1
1553302041 1
1553302043 3
1553302044 1
1553302046 1
1553302046 1
1553302049 3
1553302050 1
1553302051 1
1553302054 2
1553302061 1
1553302063 1
1553302064 2
1553302065 2
1553302066 1
1553302069 2
1553302070 1
1553302072 2
1553302073 1
1553302074 1
1553302075 1
1553302076 2
1553302077 3
1553302078 1
1553302079 1
1553302081 1
1553302084 1
1553302085 2
1553302086 2
1553302087 1
1553302090 2
1553302091 1
1553302093 2
1553302097 1
1553302098 1
1553302099 1
1553302100 1
1553302101 2
1553302102 1
1553302102 2
1553302104 2
1553302105 2
1553302106 1
1553302107 1
1553302109 2
1553302111 2
1553302112 1
1553302114 2
1553302115 1
1553302116 1
1553302118 1
1553302119 1
1553302123 1
1553302129 2
1553302130 1
1553302131 1
1553302132 1
1553302133 1
1553302135 4
1553302136 2
1553302137 4
1553302138 4
1553302139 2
1553302140 1
1553302142 1
1553302143 1
1553302143 1
1553302145 1
1553302147 1
1553302149 3
1553302150 2
1553302152 1
1553302153 1
1553302155 2
1553302156 1
1553302158 1
1553302161 2
1553302162 1
1553302163 2
1553302165 1
1553302166 1
1553302167 2
1553302168 1
1553302168 2
1553302172 2
1553302173 1
1553302174 1
1553302175 1
1553302176 1
1553302177 4
1553302180 1
1553302181 1
1553302185 1
1553302186 1
1553302190 1
1553302194 2
1553302197 1
1553302198 2
1553302199 1
1553302201 2
1553302203 2
1553302204 1
1553302205 1
1553302207 1
1553302210 3
1553302211 2
1553302212 1
1553302213 1
1553302215 1
1553302217 2
1553302218 2
1553302219 2
1553302221 2
1553302223 2
1553302225 1
1553302226 2
1553302239 1
1553302240 1
1553302244 1
1553302246 2
1553302247 2
1553302248 1
1553302249 2
1553302252 1
1553302253 1
1553302254 1
1553302255 1
1553302255 3
1553302259 1
1553302259 1
1553302261 1
1553302264 1
1553302265 1
1553302266 2
1553302267 1
1553302268 1
1553302271 1
1553302272 2
1553302273 1
1553302274 2
1553302275 1
1553302276 2
1553302277 2
1553302278 2
1553302279 3
1553302280 1
1553302281 1
1553302283 3
1553302287 2
1553302288 1
1553302289 2
1553302291 1
1553302294 1
1553302295 2
1553302297 1
1553302298 2
1553302301 2
1553302302 1
1553302307 2
1553302310 2
1553302311 1
1553302312 2
1553302314 2
1553302315 1
1553302316 2
1553302317 2
1553302318 1
1553302319 3
1553302321 1
1553302323 4
1553302324 1
1553302325 1
1553302328 1
1553302330 1
1553302334 3
1553302336 2
1553302337 2
1553302338 1
1553302339 2
1553302341 1
1553302342 2
1553302343 1
1553302345 1
1553302347 1
1553302348 1
1553302349 3
1553302350 1
1553302351 1
1553302356 1
1553302358 1
1553302360 1
1553302363 1
1553302364 1
1553302365 1
1553302367 1
1553302368 1
1553302369 2
1553302371 2
1553302372 6
1553302374 2
1553302375 1
1553302376 1
1553302378 1
1553302381 1
1553302383 1
1553302384 1
1553302385 3
1553302386 5
1553302389 1
1553302390 3
1553302391 1
1553302392 2
1553302397 3
1553302399 1
1553302400 2
1553302403 1
1553302404 2
1553302405 2
1553302409 1
1553302410 3
1553302411 1
1553302412 1
1553302416 1
1553302417 2
1553302418 1
1553302419 1
1553302420 3
1553302421 1
1553302423 1
1553302424 3
1553302426 3
1553302427 1
1553302428 2
1553302429 1
1553302429 3
1553302432 1
1553302433 1
1553302434 1
1553302437 1
1553302438 2
1553302439 2
1553302441 1
1553302442 1
1553302444 2
1553302446 3
1553302447 1
1553302448 3
1553302451 2
1553302454 2
1553302455 1
1553302456 1
1553302457 2
1553302459 1
1553302462 1
1553302465 2
1553302470 2
1553302472 2
1553302477 2
1553302479 1
1553302480 1
1553302481 1
1553302485 1
1553302486 5
1553302487 1
1553302489 2
1553302492 3
1553302493 1
1553302497 1
1553302500 3
1553302502 1
1553302504 2
1553302505 2
1553302506 2
1553302507 1
1553302508 1
1553302511 3
1553302515 1
1553302517 1
1553302518 1
1553302521 1
1553302524 1
1553302525 2
1553302527 2
1553302528 2
1553302529 2
1553302530 1
1553302531 1
1553302533 1
1553302537 2
1553302537 1
1553302539 1
1553302541 1
1553302542 2
1553302546 1
1553302546 2
1553302548 1
1553302549 1
1553302550 2
1553302553 1
1553302554 1
1553302555 1
1553302558 1
1553302559 1
1553302562 3
1553302564 2
1553302566 2
1553302567 1
1553302570 3
1553302572 1
1553302572 1
1553302574 2
1553302575 2
1553302576 2
1553302577 1
1553302579 3
1553302581 1
1553302582 3
1553302583 1
1553302585 1
1553302586 1
1553302588 1
1553302589 2
1553302590 2
1553302591 1
1553302593 1
1553302594 1
1553302596 1
1553302597 1
1553302598 1
1553302599 1
1553302600 1
1553302602 1
1553302603 1
1553302605 2
1553302606 1
1553302607 1
1553302608 3
1553302609 2
1553302610 1
1553302612 1
1553302614 1
1553302618 3
1553302619 1
1553302620 1
1553302620 2
1553302623 1
1553302624 1
1553302625 1
1553302627 3
1553302628 1
1553302629 1
1553302631 2
1553302632 2
1553302633 3
1553302634 2
1553302635 1
1553302636 1
1553302637 1
1553302638 2
1553302641 1
1553302642 2
1553302643 1
1553302644 1
1553302645 2
1553302646 1
1553302647 1
1553302649 1
1553302651 1
1553302654 1
1553302655 1
1553302658 1
1553302659 2
1553302660 1
1553302660 2
1553302663 2
1553302664 1
1553302666 2
1553302667 1
1553302668 3
1553302669 2
1553302673 2
1553302677 1
1553302679 1
1553302682 3
1553302683 1
1553302686 1
1553302687 2
1553302688 1
1553302689 3
1553302690 2
1553302691 1
1553302692 2
1553302693 1
1553302693 1
1553302696 2
1553302700 1
1553302701 1
1553302703 1
1553302704 1
1553302705 1
1553302706 2
1553302707 1
1553302709 2
1553302712 2
1553302714 2
1553302715 3
1553302716 1
1553302717 1
1553302718 2
1553302721 1
1553302722 2
1553302725 1
1553302728 1
1553302729 1
1553302730 1
1553302732 1
1553302733 1
1553302734 2
1553302735 1
1553302736 2
1553302738 3
1553302739 2
1553302740 1
1553302742 2
1553302743 1
1553302745 2
1553302749 4
1553302751 1
1553302756 1
1553302758 2
1553302760 1
1553302761 1
1553302767 1
1553302768 2
1553302769 2
1553302770 1
1553302773 1
1553302774 1
1553302775 1
1553302776 1
1553302777 1
1553302779 1
1553302782 1
1553302783 3
1553302784 2
1553302786 2
1553302788 2
1553302789 1
1553302793 1
1553302794 3
1553302795 1
1553302796 2
