1553299201 3
1553299202 3
1553299203 4
1553299204 2
1553299205 4
1553299206 21
1553299207 65
1553299208 66
1553299209 65
1553299210 65
1553299211 62
1553299212 58
1553299213 4
1553299214 1
1553299215 1
1553299216 4
1553299217 1
1553299218 5
1553299219 1
1553299220 2
1553299221 4
1553299222 3
1553299223 1
1553299224 4
1553299225 1
1553299226 2
1553299227 2
1553299228 2
1553299229 1
1553299230 2
1553299231 2
1553299232 6
1553299233 2
1553299234 3
1553299235 1
1553299236 1
1553299237 2
1553299238 0
1553299239 2
1553299240 5
1553299241 3
1553299242 2
1553299243 4
1553299244 3
1553299245 2
1553299246 2
1553299247 1
1553299248 3
1553299249 2
1553299250 2
1553299251 2
1553299252 5
1553299253 1
1553299254 4
1553299255 2
1553299256 2
1553299257 3
1553299258 1
1553299259 4
1553299260 1
1553299261 3
1553299262 2
1553299263 2
1553299264 2
1553299265 0
1553299266 4
1553299267 4
1553299268 4
1553299269 8
1553299270 60
1553299271 65
1553299272 67
1553299273 67
1553299274 63
1553299275 67
1553299276 63
1553299277 36
1553299278 6
1553299279 4
1553299280 4
1553299281 4
1553299282 3
1553299283 4
1553299284 4
1553299285 2
1553299286 4
1553299287 3
1553299288 0
1553299289 3
1553299290 41
1553299291 54
1553299292 65
1553299293 57
1553299294 63
1553299295 58
1553299296 61
1553299297 65
1553299298 70
1553299299 65
1553299300 67
1553299301 65
1553299302 68
1553299303 56
1553299304 1
1553299305 1
1553299306 1
1553299307 4
1553299308 56
1553299309 60
1553299310 36
1553299311 2
1553299312 2
1553299313 3
1553299314 4
1553299315 3
1553299316 6
1553299317 1
1553299318 2
1553299319 3
1553299320 2
1553299321 2
1553299322 2
1553299323 11
1553299324 1
1553299325 4
1553299326 6
1553299327 3
1553299328 2
1553299329 3
1553299330 3
1553299331 3
1553299332 3
1553299333 4
1553299334 2
1553299335 4
1553299336 1
1553299337 5
1553299338 4
1553299339 3
1553299340 3
1553299341 2
1553299342 1
1553299343 2
1553299344 3
1553299345 2
1553299346 3
1553299347 2
1553299348 1
1553299349 4
1553299350 4
1553299351 4
1553299352 4
1553299353 5
1553299354 0
1553299355 2
1553299356 5
1553299357 3
1553299358 3
1553299359 3
1553299360 4
1553299361 1
1553299362 5
1553299363 2
1553299364 2
1553299365 4
1553299366 4
1553299367 4
1553299368 2
1553299369 5
1553299370 62
1553299371 61
1553299372 14
1553299373 1
1553299374 4
1553299375 2
1553299376 5
1553299377 4
1553299378 2
1553299379 2
1553299380 3
1553299381 2
1553299382 3
1553299383 3
1553299384 0
1553299385 4
1553299386 3
1553299387 3
1553299388 2
1553299389 1
1553299390 4
1553299391 3
1553299392 3
1553299393 5
1553299394 1
1553299395 4
1553299396 5
1553299397 1
1553299398 3
1553299399 2
1553299400 2
1553299401 0
1553299402 2
1553299403 4
1553299404 1
1553299405 5
1553299406 2
1553299407 5
1553299408 3
1553299409 2
1553299410 2
1553299411 4
1553299412 4
1553299413 2
1553299414 0
1553299415 60
1553299416 17
1553299417 3
1553299418 1
1553299419 2
1553299420 3
1553299421 1
1553299422 5
1553299423 2
1553299424 5
1553299425 1
1553299426 2
1553299427 4
1553299428 53
1553299429 5
1553299430 1
1553299431 3
1553299432 0
1553299433 3
1553299434 2
1553299435 4
1553299436 2
1553299437 6
1553299438 2
1553299439 3
1553299440 6
1553299441 2
1553299442 5
1553299443 4
1553299444 36
1553299445 58
1553299446 2
1553299447 38
1553299448 60
1553299449 4
1553299450 4
1553299451 4
1553299452 4
1553299453 3
1553299454 4
1553299455 2
1553299456 5
1553299457 3
1553299458 5
1553299459 7
1553299460 4
1553299461 3
1553299462 1
1553299463 5
1553299464 6
1553299465 2
1553299466 2
1553299467 3
1553299468 2
1553299469 3
1553299470 2
1553299471 3
1553299472 2
1553299473 8
1553299474 3
1553299475 1
1553299476 2
1553299477 2
1553299478 1
1553299479 3
1553299480 2
1553299481 2
1553299482 0
1553299483 28
1553299484 66
1553299485 66
1553299486 24
1553299487 5
1553299488 29
1553299489 70
1553299490 23
1553299491 0
1553299492 1
1553299493 3
1553299494 2
1553299495 2
1553299496 3
1553299497 4
1553299498 3
1553299499 3
1553299500 1
1553299501 1
1553299502 4
1553299503 3
1553299504 1
1553299505 6
1553299506 3
1553299507 3
1553299508 5
1553299509 2
1553299510 3
1553299511 6
1553299512 2
1553299513 3
1553299514 1
1553299515 2
1553299516 1
1553299517 1
1553299518 3
1553299519 0
1553299520 3
1553299521 3
1553299522 1
1553299523 4
1553299524 3
1553299525 3
1553299526 0
1553299527 6
1553299528 3
1553299529 4
1553299530 2
1553299531 1
1553299532 2
1553299533 4
1553299534 2
1553299535 4
1553299536 1
1553299537 0
1553299538 4
1553299539 5
1553299540 2
1553299541 2
1553299542 4
1553299543 3
1553299544 4
1553299545 2
1553299546 5
1553299547 1
1553299548 6
1553299549 4
1553299550 1
1553299551 4
1553299552 1
1553299553 2
1553299554 6
1553299555 0
1553299556 2
1553299557 4
1553299558 2
1553299559 4
1553299560 5
1553299561 7
1553299562 2
1553299563 2
1553299564 2
1553299565 1
1553299566 2
1553299567 3
1553299568 5
1553299569 1
1553299570 1
1553299571 6
1553299572 4
1553299573 6
1553299574 4
1553299575 0
1553299576 2
1553299577 2
1553299578 4
1553299579 4
1553299580 0
1553299581 2
1553299582 4
1553299583 22
1553299584 28
1553299585 69
1553299586 27
1553299587 2
1553299588 2
1553299589 2
1553299590 4
1553299591 3
1553299592 2
1553299593 4
1553299594 3
1553299595 34
1553299596 65
1553299597 59
1553299598 38
1553299599 3
1553299600 4
1553299601 5
1553299602 2
1553299603 0
1553299604 2
1553299605 2
1553299606 3
1553299607 2
1553299608 3
1553299609 5
1553299610 3
1553299611 3
1553299612 4
1553299613 1
1553299614 2
1553299615 1
1553299616 3
1553299617 3
1553299618 1
1553299619 21
1553299620 75
1553299621 66
1553299622 31
1553299623 3
1553299624 0
1553299625 3
1553299626 2
1553299627 0
1553299628 3
1553299629 3
1553299630 6
1553299631 2
1553299632 2
1553299633 2
1553299634 1
1553299635 2
1553299636 3
1553299637 4
1553299638 3
1553299639 1
1553299640 2
1553299641 2
1553299642 6
1553299643 2
1553299644 0
1553299645 1
1553299646 4
1553299647 4
1553299648 5
1553299649 8
1553299650 2
1553299651 2
1553299652 1
1553299653 1
1553299654 7
1553299655 3
1553299656 3
1553299657 2
1553299658 4
1553299659 4
1553299660 2
1553299661 2
1553299662 4
1553299663 3
1553299664 0
1553299665 2
1553299666 2
1553299667 1
1553299668 1
1553299669 4
1553299670 2
1553299671 1
1553299672 2
1553299673 4
1553299674 5
1553299675 3
1553299676 1
1553299677 3
1553299678 1
1553299679 2
1553299680 2
1553299681 3
1553299682 2
1553299683 2
1553299684 2
1553299685 2
1553299686 3
1553299687 2
1553299688 3
1553299689 2
1553299690 4
1553299691 6
1553299692 5
1553299693 1
1553299694 3
1553299695 5
1553299696 2
1553299697 4
1553299698 0
1553299699 3
1553299700 4
1553299701 4
1553299702 4
1553299703 1
1553299704 3
1553299705 1
1553299706 3
1553299707 3
1553299708 0
1553299709 1
1553299710 5
1553299711 2
1553299712 1
1553299713 2
1553299714 2
1553299715 4
1553299716 2
1553299717 1
1553299718 4
1553299719 5
1553299720 3
1553299721 1
1553299722 6
1553299723 0
1553299724 4
1553299725 3
1553299726 2
1553299727 2
1553299728 4
1553299729 4
1553299730 0
1553299731 3
1553299732 1
1553299733 2
1553299734 2
1553299735 3
1553299736 2
1553299737 2
1553299738 3
1553299739 5
1553299740 3
1553299741 2
1553299742 2
1553299743 5
1553299744 3
1553299745 4
1553299746 1
1553299747 0
1553299748 2
1553299749 3
1553299750 4
1553299751 2
1553299752 15
1553299753 63
1553299754 62
1553299755 12
1553299756 3
1553299757 4
1553299758 2
1553299759 2
1553299760 1
1553299761 2
1553299762 2
1553299763 4
1553299764 5
1553299765 4
1553299766 5
1553299767 2
1553299768 3
1553299769 5
1553299770 2
1553299771 2
1553299772 2
1553299773 1
1553299774 1
1553299775 3
1553299776 6
1553299777 1
1553299778 7
1553299779 2
1553299780 1
1553299781 2
1553299782 4
1553299783 31
1553299784 62
1553299785 64
1553299786 46
1553299787 5
1553299788 1
1553299789 3
1553299790 1
1553299791 3
1553299792 4
1553299793 2
1553299794 1
1553299795 5
1553299796 0
1553299797 4
1553299798 3
1553299799 2
1553299800 1
1553299801 2
1553299802 3
1553299803 3
1553299804 2
1553299805 3
1553299806 2
1553299807 2
1553299808 3
1553299809 2
1553299810 8
1553299811 1
1553299812 4
1553299813 5
1553299814 2
1553299815 1
1553299816 0
1553299817 4
1553299818 2
1553299819 5
1553299820 5
1553299821 3
1553299822 2
1553299823 5
1553299824 5
1553299825 2
1553299826 3
1553299827 2
1553299828 3
1553299829 5
1553299830 4
1553299831 43
1553299832 3
1553299833 3
1553299834 3
1553299835 4
1553299836 4
1553299837 4
1553299838 8
1553299839 4
1553299840 3
1553299841 1
1553299842 3
1553299843 0
1553299844 5
1553299845 56
1553299846 6
1553299847 5
1553299848 5
1553299849 2
1553299850 3
1553299851 1
1553299852 2
1553299853 1
1553299854 2
1553299855 2
1553299856 3
1553299857 9
1553299858 69
1553299859 63
1553299860 65
1553299861 66
1553299862 66
1553299863 67
1553299864 14
1553299865 4
1553299866 3
1553299867 2
1553299868 0
1553299869 41
1553299870 63
1553299871 64
1553299872 66
1553299873 26
1553299874 4
1553299875 2
1553299876 3
1553299877 5
1553299878 0
1553299879 1
1553299880 4
1553299881 5
1553299882 3
1553299883 4
1553299884 2
1553299885 1
1553299886 1
1553299887 3
1553299888 1
1553299889 1
1553299890 0
1553299891 3
1553299892 1
1553299893 3
1553299894 5
1553299895 3
1553299896 6
1553299897 2
1553299898 1
1553299899 6
1553299900 2
1553299901 2
1553299902 2
1553299903 1
1553299904 2
1553299905 19
1553299906 54
1553299907 0
1553299908 2
1553299909 2
1553299910 3
1553299911 3
1553299912 4
1553299913 0
1553299914 2
1553299915 3
1553299916 2
1553299917 3
1553299918 0
1553299919 1
1553299920 2
1553299921 2
1553299922 0
1553299923 3
1553299924 4
1553299925 3
1553299926 6
1553299927 3
1553299928 5
1553299929 3
1553299930 3
1553299931 6
1553299932 3
1553299933 3
1553299934 5
1553299935 4
1553299936 39
1553299937 33
1553299938 3
1553299939 2
1553299940 3
1553299941 0
1553299942 3
1553299943 2
1553299944 1
1553299945 2
1553299946 3
1553299947 2
1553299948 2
1553299949 2
1553299950 5
1553299951 4
1553299952 2
1553299953 2
1553299954 1
1553299955 5
1553299956 48
1553299957 20
1553299958 1
1553299959 4
1553299960 2
1553299961 5
1553299962 3
1553299963 5
1553299964 3
1553299965 3
1553299966 3
1553299967 5
1553299968 2
1553299969 2
1553299970 1
1553299971 5
1553299972 5
1553299973 3
1553299974 2
1553299975 28
1553299976 64
1553299977 59
1553299978 55
1553299979 68
1553299980 22
1553299981 4
1553299982 3
1553299983 31
1553299984 2
1553299985 6
1553299986 5
1553299987 0
1553299988 2
1553299989 4
1553299990 2
1553299991 3
1553299992 5
1553299993 2
1553299994 5
1553299995 34
1553299996 0
1553299997 0
1553299998 1
1553299999 4
1553300000 0
1553300001 1
1553300002 2
1553300003 3
1553300004 3
1553300005 3
1553300006 2
1553300007 2
1553300008 3
1553300009 2
1553300010 4
1553300011 3
1553300012 1
1553300013 5
1553300014 4
1553300015 3
1553300016 4
1553300017 2
1553300018 5
1553300019 0
1553300020 2
1553300021 3
1553300022 4
1553300023 1
1553300024 1
1553300025 2
1553300026 7
1553300027 1
1553300028 3
1553300029 8
1553300030 2
1553300031 1
1553300032 4
1553300033 4
1553300034 5
1553300035 4
1553300036 2
1553300037 4
1553300038 4
1553300039 2
1553300040 3
1553300041 3
1553300042 2
1553300043 6
1553300044 4
1553300045 4
1553300046 1
1553300047 4
1553300048 2
1553300049 4
1553300050 4
1553300051 2
1553300052 5
1553300053 4
1553300054 3
1553300055 2
1553300056 2
1553300057 1
1553300058 0
1553300059 3
1553300060 0
1553300061 3
1553300062 1
1553300063 3
1553300064 0
1553300065 3
1553300066 3
1553300067 1
1553300068 1
1553300069 1
1553300070 2
1553300071 3
1553300072 3
1553300073 4
1553300074 4
1553300075 2
1553300076 5
1553300077 0
1553300078 1
1553300079 1
1553300080 3
1553300081 1
1553300082 8
1553300083 5
1553300084 3
1553300085 3
1553300086 3
1553300087 3
1553300088 18
1553300089 67
1553300090 64
1553300091 50
1553300092 5
1553300093 4
1553300094 3
1553300095 1
1553300096 2
1553300097 2
1553300098 0
1553300099 0
1553300100 2
1553300101 6
1553300102 2
1553300103 5
1553300104 3
1553300105 1
1553300106 3
1553300107 3
1553300108 2
1553300109 2
1553300110 2
1553300111 4
1553300112 2
1553300113 1
1553300114 39
1553300115 67
1553300116 63
1553300117 66
1553300118 65
1553300119 20
1553300120 5
1553300121 2
1553300122 0
1553300133 0
1553300134 2
1553300135 4
1553300136 0
1553300137 4
1553300138 4
1553300139 3
1553300140 2
1553300141 2
1553300142 1
1553300143 0
1553300144 1
1553300145 4
1553300146 3
1553300147 1
1553300148 1
1553300149 2
1553300150 3
1553300151 0
1553300152 1
1553300153 2
1553300154 3
1553300155 1
1553300156 4
1553300157 2
1553300158 1
1553300159 4
1553300160 3
1553300161 3
1553300162 2
1553300163 9
1553300164 4
1553300165 2
1553300166 4
1553300167 1
1553300168 5
1553300169 1
1553300170 1
1553300171 3
1553300172 3
1553300173 5
1553300174 2
1553300175 2
1553300176 2
1553300177 0
1553300178 2
1553300179 2
1553300180 2
1553300181 5
1553300182 63
1553300183 4
1553300184 2
1553300185 8
1553300186 2
1553300187 2
1553300188 3
1553300189 3
1553300190 3
1553300191 8
1553300192 2
1553300193 2
1553300194 3
1553300195 2
1553300196 4
1553300197 5
1553300198 3
1553300199 2
1553300200 2
1553300201 4
1553300202 3
1553300203 3
1553300204 4
1553300205 2
1553300206 7
1553300207 3
1553300208 1
1553300209 0
1553300210 0
1553300211 3
1553300212 2
1553300213 2
1553300214 2
1553300215 3
1553300216 3
1553300217 2
1553300218 2
1553300219 1
1553300220 4
1553300221 6
1553300222 2
1553300223 2
1553300224 4
1553300225 33
1553300226 13
1553300227 2
1553300228 3
1553300229 3
1553300230 4
1553300231 9
1553300232 3
1553300233 4
1553300234 2
1553300235 3
1553300236 4
1553300237 2
1553300238 5
1553300239 0
1553300240 0
1553300241 4
1553300242 3
1553300243 3
1553300244 1
1553300245 3
1553300246 1
1553300247 26
1553300248 63
1553300249 58
1553300250 65
1553300251 66
1553300252 56
1553300253 65
1553300254 64
1553300255 3
1553300256 4
1553300257 7
1553300258 7
1553300259 4
1553300260 3
1553300261 3
1553300262 2
1553300263 2
1553300264 5
1553300265 1
1553300266 6
1553300267 2
1553300268 2
1553300269 4
1553300270 0
1553300271 3
1553300272 4
1553300273 1
1553300274 1
1553300275 1
1553300276 3
1553300277 3
1553300278 3
1553300279 6
1553300280 5
1553300281 3
1553300282 4
1553300283 3
1553300284 2
1553300285 2
1553300286 2
1553300287 2
1553300288 3
1553300289 4
1553300290 2
1553300291 2
1553300292 4
1553300293 3
1553300294 7
1553300295 2
1553300296 3
1553300297 6
1553300298 7
1553300299 2
1553300300 7
1553300301 2
1553300302 4
1553300303 2
1553300304 1
1553300305 3
1553300306 1
1553300307 3
1553300308 4
1553300309 3
1553300310 4
1553300311 4
1553300312 2
1553300313 5
1553300314 7
1553300315 1
1553300316 7
1553300317 1
1553300318 2
1553300319 0
1553300320 4
1553300321 2
1553300322 3
1553300323 4
1553300324 1
1553300325 4
1553300326 2
1553300327 3
1553300328 3
1553300329 4
1553300330 2
1553300331 4
1553300332 6
1553300333 3
1553300334 2
1553300335 1
1553300336 1
1553300337 2
1553300338 3
1553300339 2
1553300340 1
1553300341 20
1553300342 5
1553300343 4
1553300344 6
1553300345 4
1553300346 1
1553300347 5
1553300348 3
1553300349 3
1553300350 4
1553300351 3
1553300352 3
1553300353 4
1553300354 1
1553300355 3
1553300356 1
1553300357 7
1553300358 4
1553300359 5
1553300360 2
1553300361 7
1553300362 3
1553300363 2
1553300364 1
1553300365 3
1553300366 3
1553300367 3
1553300368 2
1553300369 2
1553300370 4
1553300371 1
1553300372 1
1553300373 4
1553300374 2
1553300375 4
1553300376 1
1553300377 0
1553300378 3
1553300379 1
1553300380 2
1553300381 3
1553300382 3
1553300383 4
1553300384 4
1553300385 12
1553300386 66
1553300387 58
1553300388 4
1553300389 1
1553300390 3
1553300391 2
1553300392 1
1553300393 4
1553300394 3
1553300395 5
1553300396 2
1553300397 1
1553300398 3
1553300399 2
1553300400 2
1553300401 3
1553300402 2
1553300403 2
1553300404 2
1553300405 2
1553300406 2
1553300407 2
1553300408 1
1553300409 1
1553300410 3
1553300411 5
1553300412 1
1553300413 4
1553300414 1
1553300415 3
1553300416 2
1553300417 3
1553300418 0
1553300419 3
1553300420 1
1553300421 2
1553300422 1
1553300423 5
1553300424 2
1553300425 4
1553300426 2
1553300427 7
1553300428 5
1553300429 5
1553300430 4
1553300431 5
1553300432 2
1553300433 3
1553300434 3
1553300435 3
1553300436 4
1553300437 5
1553300438 4
1553300439 5
1553300440 1
1553300441 1
1553300442 3
1553300443 36
1553300444 45
1553300445 3
1553300446 4
1553300447 4
1553300448 2
1553300449 2
1553300450 3
1553300451 3
1553300452 4
1553300453 1
1553300454 4
1553300455 2
1553300456 4
1553300457 1
1553300458 3
1553300459 5
1553300460 1
1553300461 2
1553300462 3
1553300463 2
1553300464 2
1553300465 3
1553300466 4
1553300467 4
1553300468 3
1553300469 3
1553300470 3
1553300471 2
1553300472 4
1553300473 5
1553300474 5
1553300475 2
1553300476 4
1553300477 3
1553300478 9
1553300479 3
1553300480 2
1553300481 0
1553300482 8
1553300483 3
1553300484 2
1553300485 2
1553300486 5
1553300487 5
1553300488 3
1553300489 1
1553300490 0
1553300491 2
1553300492 2
1553300493 1
1553300494 4
1553300495 2
1553300496 2
1553300497 2
1553300498 2
1553300499 1
1553300500 2
1553300501 3
1553300502 7
1553300503 4
1553300504 0
1553300505 5
1553300506 5
1553300507 1
1553300508 4
1553300509 0
1553300510 5
1553300511 3
1553300512 4
1553300513 2
1553300514 2
1553300515 6
1553300516 4
1553300517 2
1553300518 3
1553300519 15
1553300520 6
1553300521 4
1553300522 3
1553300523 5
1553300524 52
1553300525 2
1553300526 4
1553300527 1
1553300528 4
1553300529 1
1553300530 4
1553300531 2
1553300532 2
1553300533 2
1553300534 2
1553300535 4
1553300536 3
1553300537 1
1553300538 2
1553300539 0
1553300540 2
1553300541 4
1553300542 3
1553300543 4
1553300544 4
1553300545 4
1553300546 4
1553300547 6
1553300548 2
1553300549 6
1553300550 2
1553300551 5
1553300552 4
1553300553 2
1553300554 1
1553300555 2
1553300556 3
1553300557 3
1553300558 1
1553300559 6
1553300560 3
1553300561 2
1553300562 4
1553300563 4
1553300564 2
1553300565 2
1553300566 1
1553300567 2
1553300568 3
1553300569 6
1553300570 3
1553300571 6
1553300572 3
1553300573 0
1553300574 1
1553300575 3
1553300576 2
1553300577 5
1553300578 1
1553300579 2
1553300580 1
1553300581 1
1553300582 0
1553300583 5
1553300584 3
1553300585 3
1553300586 4
1553300587 1
1553300588 8
1553300589 6
1553300590 2
1553300591 3
1553300592 2
1553300593 0
1553300594 0
1553300595 4
1553300596 2
1553300597 1
1553300598 3
1553300599 3
1553300600 3
1553300601 1
1553300602 5
1553300603 2
1553300604 3
1553300605 2
1553300606 3
1553300607 3
1553300608 2
1553300609 0
1553300610 5
1553300611 5
1553300612 6
1553300613 14
1553300614 3
1553300615 4
1553300616 6
1553300617 3
1553300618 4
1553300619 4
1553300620 6
1553300621 4
1553300622 3
1553300623 2
1553300624 2
1553300625 8
1553300626 3
1553300627 3
1553300628 1
1553300629 2
1553300630 4
1553300631 4
1553300632 1
1553300633 3
1553300634 3
1553300635 3
1553300636 3
1553300637 5
1553300638 2
1553300639 1
1553300640 4
1553300641 4
1553300642 1
1553300643 9
1553300644 4
1553300645 1
1553300646 2
1553300647 4
1553300648 2
1553300649 4
1553300650 3
1553300651 5
1553300652 1
1553300653 2
1553300654 3
1553300655 1
1553300656 2
1553300657 5
1553300658 1
1553300659 3
1553300660 2
1553300661 6
1553300662 5
1553300663 2
1553300664 1
1553300665 7
1553300666 1
1553300667 5
1553300668 3
1553300669 1
1553300670 1
1553300671 3
1553300672 2
1553300673 2
1553300674 3
1553300675 0
1553300676 3
1553300677 6
1553300678 4
1553300679 4
1553300680 3
1553300681 1
1553300682 3
1553300683 3
1553300684 3
1553300685 4
1553300686 3
1553300687 4
1553300688 3
1553300689 3
1553300690 3
1553300691 4
1553300692 6
1553300693 1
1553300694 2
1553300695 1
1553300696 3
1553300697 2
1553300698 3
1553300699 3
1553300700 2
1553300701 4
1553300702 4
1553300703 0
1553300704 4
1553300705 2
1553300706 6
1553300707 1
1553300708 3
1553300709 4
1553300710 2
1553300711 3
1553300712 2
1553300713 3
1553300714 2
1553300715 2
1553300716 4
1553300717 1
1553300718 4
1553300719 2
1553300720 3
1553300721 5
1553300722 5
1553300723 2
1553300724 6
1553300725 7
1553300726 4
1553300727 3
1553300728 3
1553300729 1
1553300730 5
1553300731 3
1553300732 3
1553300733 4
1553300734 5
1553300735 5
1553300736 3
1553300737 4
1553300738 3
1553300739 2
1553300740 2
1553300741 4
1553300742 3
1553300743 5
1553300744 2
1553300745 6
1553300746 3
1553300747 14
1553300748 64
1553300749 22
1553300750 2
1553300751 3
1553300752 3
1553300753 1
1553300754 2
1553300755 4
1553300756 6
1553300757 9
1553300758 14
1553300759 64
1553300760 50
1553300761 4
1553300762 2
1553300763 1
1553300764 4
1553300765 1
1553300766 4
1553300767 4
1553300768 2
1553300769 1
1553300770 4
1553300771 3
1553300772 3
1553300773 2
1553300774 2
1553300775 0
1553300776 2
1553300777 3
1553300778 4
1553300779 4
1553300780 3
1553300781 2
1553300782 5
1553300783 1
1553300784 4
1553300785 2
1553300786 6
1553300787 0
1553300788 2
1553300789 11
1553300790 36
1553300791 1
1553300792 3
1553300793 5
1553300794 0
1553300795 23
1553300796 3
1553300797 5
1553300798 2
1553300799 1
1553300800 2
1553300801 3
1553300802 3
1553300803 7
1553300804 2
1553300805 2
1553300806 5
1553300807 2
1553300808 3
1553300809 0
1553300810 5
1553300811 1
1553300812 2
1553300813 3
1553300814 3
1553300815 2
1553300816 2
1553300817 4
1553300818 2
1553300819 2
1553300820 3
1553300821 3
1553300822 1
1553300823 5
1553300824 3
1553300825 4
1553300826 3
1553300827 1
1553300828 2
1553300829 4
1553300830 4
1553300831 4
1553300832 2
1553300833 5
1553300834 3
1553300835 2
1553300836 3
1553300837 0
1553300838 4
1553300839 6
1553300840 3
1553300841 3
1553300842 0
1553300843 1
1553300844 1
1553300845 3
1553300846 2
1553300847 6
1553300848 5
1553300849 3
1553300850 4
1553300851 3
1553300852 4
1553300853 3
1553300854 5
1553300855 0
1553300856 3
1553300857 1
1553300858 5
1553300859 5
1553300860 3
1553300861 5
1553300862 4
1553300863 8
1553300864 3
1553300865 4
1553300866 3
1553300867 3
1553300868 0
1553300869 5
1553300870 4
1553300871 1
1553300872 1
1553300873 2
1553300874 3
1553300875 3
1553300876 1
1553300877 4
1553300878 4
1553300879 0
1553300880 3
1553300881 1
1553300882 3
1553300883 2
1553300884 2
1553300885 3
1553300886 2
1553300887 3
1553300888 0
1553300889 1
1553300890 12
1553300891 13
1553300892 5
1553300893 6
1553300894 4
1553300895 4
1553300896 2
1553300897 1
1553300898 1
1553300899 2
1553300900 7
1553300901 2
1553300902 4
1553300903 2
1553300904 1
1553300905 0
1553300906 2
1553300907 2
1553300908 3
1553300909 3
1553300910 1
1553300911 2
1553300912 3
1553300913 0
1553300914 2
1553300915 4
1553300916 1
1553300917 2
1553300918 5
1553300919 63
1553300920 66
1553300921 44
1553300922 1
1553300923 4
1553300924 6
1553300925 5
1553300926 1
1553300927 2
1553300928 2
1553300929 3
1553300930 3
1553300931 4
1553300932 1
1553300933 4
1553300934 3
1553300935 2
1553300936 3
1553300937 1
1553300938 6
1553300939 2
1553300940 1
1553300941 4
1553300942 2
1553300943 1
1553300944 34
1553300945 45
1553300946 1
1553300947 4
1553300948 2
1553300949 1
1553300950 3
1553300951 2
1553300952 5
1553300953 2
1553300954 4
1553300955 1
1553300956 5
1553300957 4
1553300958 8
1553300959 4
1553300960 40
1553300961 58
1553300962 5
1553300963 0
1553300964 4
1553300965 4
1553300966 4
1553300967 0
1553300968 2
1553300969 3
1553300970 4
1553300971 2
1553300972 3
1553300973 5
1553300974 5
1553300975 5
1553300976 2
1553300977 4
1553300978 1
1553300979 4
1553300980 2
1553300981 60
1553300982 61
1553300983 68
1553300984 65
1553300985 8
1553300986 3
1553300987 2
1553300988 2
1553300989 30
1553300990 24
1553300991 5
1553300992 3
1553300993 1
1553300994 3
1553300995 5
1553300996 2
1553300997 3
1553300998 4
1553300999 4
1553301000 4
1553301001 5
1553301002 6
1553301003 3
1553301004 2
1553301005 6
1553301006 4
1553301007 4
1553301008 3
1553301009 0
1553301010 0
1553301011 4
1553301012 4
1553301013 3
1553301014 2
1553301015 2
1553301016 3
1553301017 4
1553301018 4
1553301019 3
1553301020 2
1553301021 3
1553301022 2
1553301023 4
1553301024 5
1553301025 5
1553301026 2
1553301027 4
1553301028 5
1553301029 2
1553301030 3
1553301031 0
1553301032 0
1553301033 10
1553301034 3
1553301035 1
1553301036 3
1553301037 1
1553301038 4
1553301039 5
1553301040 4
1553301041 11
1553301042 4
1553301043 6
1553301044 3
1553301045 2
1553301046 3
1553301047 3
1553301048 2
1553301049 1
1553301050 2
1553301051 3
1553301052 5
1553301053 2
1553301054 2
1553301055 1
1553301056 1
1553301057 4
1553301058 1
1553301059 1
1553301060 6
1553301061 1
1553301062 3
1553301063 1
1553301064 29
1553301065 69
1553301066 15
1553301067 2
1553301068 6
1553301069 1
1553301070 3
1553301071 5
1553301072 3
1553301073 4
1553301074 2
1553301075 3
1553301076 4
1553301077 5
1553301078 2
1553301079 1
1553301080 2
1553301081 1
1553301082 1
1553301083 3
1553301084 2
1553301085 2
1553301086 2
1553301087 3
1553301088 5
1553301089 5
1553301090 3
1553301091 4
1553301092 2
1553301093 2
1553301094 7
1553301095 2
1553301096 4
1553301097 4
1553301098 2
1553301099 2
1553301100 2
1553301101 2
1553301102 4
1553301103 1
1553301104 2
1553301105 1
1553301106 1
1553301107 3
1553301108 2
1553301109 2
1553301110 1
1553301111 3
1553301112 4
1553301113 3
1553301114 4
1553301115 3
1553301116 5
1553301117 2
1553301118 5
1553301119 1
1553301120 3
1553301121 4
1553301122 1
1553301123 1
1553301124 5
1553301125 7
1553301126 4
1553301127 2
1553301128 2
1553301129 56
1553301130 25
1553301131 2
1553301132 2
1553301133 1
1553301134 3
1553301135 1
1553301136 3
1553301137 28
1553301138 65
1553301139 64
1553301140 64
1553301141 52
1553301142 68
1553301143 67
1553301144 66
1553301145 65
1553301146 66
1553301147 28
1553301148 7
1553301149 2
1553301150 2
1553301151 4
1553301152 2
1553301153 2
1553301154 4
1553301155 3
1553301156 3
1553301157 6
1553301158 17
1553301159 71
1553301160 2
1553301161 3
1553301162 3
1553301163 2
1553301164 1
1553301165 2
1553301166 0
1553301167 1
1553301168 3
1553301169 6
1553301170 1
1553301171 2
1553301172 2
1553301173 2
1553301174 2
1553301175 2
1553301176 4
1553301177 3
1553301178 2
1553301179 3
1553301180 0
1553301181 4
1553301182 3
1553301183 1
1553301184 2
1553301185 5
1553301186 15
1553301187 83
1553301188 29
1553301189 3
1553301190 1
1553301191 3
1553301192 2
1553301193 1
1553301194 1
1553301195 5
1553301196 3
1553301197 0
1553301198 3
1553301199 2
1553301200 2
1553301201 1
1553301202 6
1553301203 1
1553301204 3
1553301205 5
1553301206 5
1553301207 29
1553301208 90
1553301209 6
1553301210 2
1553301211 3
1553301212 5
1553301213 0
1553301214 0
1553301215 2
1553301216 1
1553301217 4
1553301218 5
1553301219 2
1553301220 2
1553301221 5
1553301222 2
1553301223 3
1553301224 3
1553301225 5
1553301226 1
1553301227 3
1553301228 5
1553301229 6
1553301230 6
1553301231 3
1553301232 2
1553301233 4
1553301234 0
1553301235 1
1553301236 3
1553301237 2
1553301238 5
1553301239 3
1553301240 1
1553301241 3
1553301242 2
1553301243 2
1553301244 4
1553301245 2
1553301246 3
1553301247 4
1553301248 2
1553301249 1
1553301250 2
1553301251 6
1553301252 3
1553301253 4
1553301254 3
1553301255 4
1553301256 3
1553301257 2
1553301258 2
1553301259 3
1553301260 1
1553301261 5
1553301262 5
1553301263 2
1553301264 2
1553301265 5
1553301266 4
1553301267 5
1553301268 3
1553301269 2
1553301270 3
1553301271 2
1553301272 2
1553301273 6
1553301274 3
1553301275 3
1553301276 2
1553301277 54
1553301278 63
1553301279 55
1553301280 1
1553301281 2
1553301282 4
1553301283 4
1553301284 1
1553301285 5
1553301286 2
1553301287 1
1553301288 2
1553301289 5
1553301290 3
1553301291 4
1553301292 4
1553301293 0
1553301294 3
1553301295 4
1553301296 6
1553301297 3
1553301298 3
1553301299 2
1553301300 1
1553301301 4
1553301302 3
1553301303 4
1553301304 2
1553301305 3
1553301306 2
1553301307 3
1553301308 3
1553301309 1
1553301310 2
1553301311 1
1553301312 4
1553301313 3
1553301314 5
1553301315 3
1553301316 0
1553301317 3
1553301318 2
1553301319 3
1553301320 3
1553301321 5
1553301322 6
1553301323 5
1553301324 1
1553301325 4
1553301326 2
1553301327 4
1553301328 2
1553301329 6
1553301330 4
1553301331 1
1553301332 2
1553301333 5
1553301334 5
1553301335 3
1553301336 1
1553301337 5
1553301338 5
1553301339 1
1553301340 3
1553301341 1
1553301342 3
1553301343 4
1553301344 1
1553301345 4
1553301346 8
1553301347 3
1553301348 2
1553301349 2
1553301350 4
1553301351 2
1553301352 2
1553301353 1
1553301354 5
1553301355 4
1553301356 6
1553301357 4
1553301358 3
1553301359 2
1553301360 3
1553301361 2
1553301362 2
1553301363 4
1553301364 1
1553301365 5
1553301366 4
1553301367 0
1553301368 4
1553301369 2
1553301370 7
1553301371 2
1553301372 1
1553301373 1
1553301374 4
1553301375 33
1553301376 63
1553301377 48
1553301378 4
1553301379 5
1553301380 3
1553301381 1
1553301382 2
1553301383 2
1553301384 2
1553301385 6
1553301386 2
1553301387 0
1553301388 4
1553301389 0
1553301390 4
1553301391 2
1553301392 6
1553301393 3
1553301394 3
1553301395 2
1553301396 3
1553301397 3
1553301398 6
1553301399 0
1553301400 1
1553301401 0
1553301402 10
1553301403 3
1553301404 1
1553301405 6
1553301406 3
1553301407 2
1553301408 6
1553301409 6
1553301410 4
1553301411 2
1553301412 3
1553301413 3
1553301414 19
1553301415 67
1553301416 60
1553301417 2
1553301418 6
1553301419 2
1553301420 4
1553301421 4
1553301422 3
1553301423 4
1553301424 2
1553301425 5
1553301426 2
1553301427 0
1553301428 4
1553301429 5
1553301430 5
1553301431 2
1553301432 3
1553301433 1
1553301434 2
1553301435 1
1553301436 6
1553301437 3
1553301438 4
1553301439 67
1553301440 65
1553301441 64
1553301442 63
1553301443 44
1553301444 4
1553301445 2
1553301446 5
1553301447 2
1553301448 3
1553301449 3
1553301450 6
1553301451 3
1553301452 3
1553301453 2
1553301454 1
1553301455 2
1553301456 47
1553301457 3
1553301458 2
1553301459 1
1553301460 3
1553301461 0
1553301462 3
1553301463 3
1553301464 3
1553301465 3
1553301466 3
1553301467 0
1553301468 3
1553301469 3
1553301470 4
1553301471 4
1553301472 2
1553301473 1
1553301474 1
1553301475 5
1553301476 1
1553301477 3
1553301478 0
1553301479 3
1553301480 0
1553301481 1
1553301482 2
1553301483 6
1553301484 4
1553301485 3
1553301486 7
1553301487 4
1553301488 2
1553301489 3
1553301490 1
1553301491 4
1553301492 0
1553301493 1
1553301494 5
1553301495 4
1553301496 5
1553301497 6
1553301498 3
1553301499 5
1553301500 5
1553301501 4
1553301502 5
1553301503 3
1553301504 1
1553301505 2
1553301506 0
1553301507 3
1553301508 1
1553301509 2
1553301510 2
1553301511 2
1553301512 4
1553301513 2
1553301514 3
1553301515 3
1553301516 5
1553301517 9
1553301518 5
1553301519 4
1553301520 47
1553301521 66
1553301522 66
1553301523 65
1553301524 61
1553301525 67
1553301526 66
1553301527 47
1553301528 4
1553301529 7
1553301530 1
1553301531 1
1553301532 4
1553301533 0
1553301534 4
1553301535 3
1553301536 6
1553301537 1
1553301538 3
1553301539 3
1553301540 2
1553301541 2
1553301542 5
1553301543 4
1553301544 26
1553301545 68
1553301546 65
1553301547 69
1553301548 67
1553301549 66
1553301550 66
1553301551 68
1553301552 54
1553301553 3
1553301554 2
1553301555 7
1553301556 6
1553301557 2
1553301558 3
1553301559 3
1553301560 1
1553301561 3
1553301562 4
1553301563 4
1553301564 1
1553301565 22
1553301566 4
1553301567 3
1553301568 6
1553301569 5
1553301570 2
1553301571 3
1553301572 4
1553301573 0
1553301574 4
1553301575 3
1553301576 5
1553301577 4
1553301578 1
1553301579 2
1553301580 2
1553301581 5
1553301582 5
1553301583 4
1553301584 3
1553301585 2
1553301586 1
1553301587 3
1553301588 1
1553301589 1
1553301590 2
1553301591 1
1553301592 4
1553301593 2
1553301594 2
1553301595 4
1553301596 1
1553301597 1
1553301598 3
1553301599 0
1553301600 1
1553301601 6
1553301602 2
1553301603 3
1553301604 2
1553301605 6
1553301606 6
1553301607 3
1553301608 5
1553301609 5
1553301610 1
1553301611 6
1553301612 2
1553301613 3
1553301614 1
1553301615 1
1553301616 2
1553301617 5
1553301618 7
1553301619 3
1553301620 5
1553301621 3
1553301622 1
1553301623 2
1553301624 2
1553301625 1
1553301626 0
1553301627 3
1553301628 3
1553301629 4
1553301630 3
1553301631 5
1553301632 3
1553301633 3
1553301634 2
1553301635 1
1553301636 2
1553301637 3
1553301638 2
1553301639 3
1553301640 7
1553301641 2
1553301642 5
1553301643 1
1553301644 4
1553301645 2
1553301646 2
1553301647 1
1553301648 1
1553301649 2
1553301650 2
1553301651 3
1553301652 2
1553301653 5
1553301654 4
1553301655 53
1553301656 66
1553301657 42
1553301658 1
1553301659 5
1553301660 5
1553301661 2
1553301662 3
1553301663 2
1553301664 1
1553301665 4
1553301666 2
1553301667 3
1553301668 3
1553301669 1
1553301670 2
1553301671 1
1553301672 3
1553301673 6
1553301674 6
1553301675 1
1553301676 2
1553301677 1
1553301678 1
1553301679 4
1553301680 3
1553301681 2
1553301682 4
1553301683 3
1553301684 2
1553301685 4
1553301686 1
1553301687 0
1553301688 1
1553301689 1
1553301690 0
1553301691 3
1553301692 2
1553301693 2
1553301694 4
1553301695 8
1553301696 2
1553301697 3
1553301698 4
1553301699 1
1553301700 3
1553301701 4
1553301702 2
1553301703 2
1553301704 4
1553301705 4
1553301706 1
1553301707 30
1553301708 66
1553301709 65
1553301710 14
1553301711 3
1553301712 3
1553301713 3
1553301714 3
1553301715 3
1553301716 0
1553301717 2
1553301718 3
1553301719 2
1553301720 6
1553301721 6
1553301722 4
1553301723 2
1553301724 2
1553301725 4
1553301726 8
1553301727 1
1553301728 4
1553301729 4
1553301730 4
1553301731 1
1553301732 3
1553301733 3
1553301734 3
1553301735 6
1553301736 4
1553301737 7
1553301738 3
1553301739 2
1553301740 7
1553301741 1
1553301742 5
1553301743 4
1553301744 4
1553301745 2
1553301746 3
1553301747 4
1553301748 5
1553301749 2
1553301750 22
1553301751 2
1553301752 1
1553301753 5
1553301754 7
1553301755 2
1553301756 2
1553301757 4
1553301758 7
1553301759 3
1553301760 1
1553301761 5
1553301762 2
1553301763 3
1553301764 3
1553301765 1
1553301766 1
1553301767 2
1553301768 3
1553301769 2
1553301770 4
1553301771 6
1553301772 4
1553301773 3
1553301774 3
1553301775 4
1553301776 6
1553301777 3
1553301778 4
1553301779 0
1553301780 4
1553301781 2
1553301782 0
1553301783 3
1553301784 2
1553301785 1
1553301786 0
1553301787 2
1553301788 1
1553301789 3
1553301790 3
1553301791 1
1553301792 2
1553301793 2
1553301794 2
1553301795 1
1553301796 2
1553301797 2
1553301798 4
1553301799 4
1553301800 3
1553301801 4
1553301802 4
1553301803 7
1553301804 1
1553301805 4
1553301806 3
1553301807 2
1553301808 5
1553301809 4
1553301810 3
1553301811 2
1553301812 5
1553301813 1
1553301814 2
1553301815 0
1553301816 1
1553301817 1
1553301818 6
1553301819 4
1553301820 4
1553301821 0
1553301822 4
1553301823 0
1553301824 3
1553301825 4
1553301826 1
1553301827 1
1553301828 3
1553301829 4
1553301830 1
1553301831 3
1553301832 2
1553301833 6
1553301834 5
1553301835 1
1553301836 2
1553301837 4
1553301838 7
1553301839 2
1553301840 5
1553301841 3
1553301842 0
1553301843 6
1553301844 5
1553301845 3
1553301846 2
1553301847 5
1553301848 6
1553301849 3
1553301850 1
1553301851 3
1553301852 3
1553301853 2
1553301854 3
1553301855 2
1553301856 4
1553301857 4
1553301858 1
1553301859 2
1553301860 6
1553301861 2
1553301862 2
1553301863 2
1553301864 3
1553301865 0
1553301866 3
1553301867 9
1553301868 4
1553301869 3
1553301870 1
1553301871 3
1553301872 2
1553301873 3
1553301874 1
1553301875 0
1553301876 2
1553301877 4
1553301878 5
1553301879 1
1553301880 3
1553301881 5
1553301882 3
1553301883 3
1553301884 2
1553301885 2
1553301886 1
1553301887 2
1553301888 1
1553301889 3
1553301890 2
1553301891 4
1553301892 4
1553301893 3
1553301894 2
1553301895 1
1553301896 3
1553301897 0
1553301898 3
1553301899 2
1553301900 2
1553301901 5
1553301902 0
1553301903 2
1553301904 0
1553301905 1
1553301906 3
1553301907 3
1553301908 1
1553301909 3
1553301910 3
1553301911 5
1553301912 24
1553301913 64
1553301914 67
1553301915 63
1553301916 63
1553301917 62
1553301918 67
1553301919 66
1553301920 40
1553301921 3
1553301922 5
1553301923 1
1553301924 3
1553301925 1
1553301926 0
1553301927 3
1553301928 4
1553301929 3
1553301930 3
1553301931 2
1553301932 1
1553301933 3
1553301934 2
1553301935 2
1553301936 1
1553301937 2
1553301938 2
1553301939 4
1553301940 6
1553301941 4
1553301942 5
1553301943 1
1553301944 4
1553301945 6
1553301946 2
1553301947 4
1553301948 3
1553301949 5
1553301950 2
1553301951 2
1553301952 2
1553301953 4
1553301954 37
1553301955 67
1553301956 32
1553301957 5
1553301958 1
1553301959 5
1553301960 3
1553301961 3
1553301962 1
1553301963 1
1553301964 1
1553301965 3
1553301966 3
1553301967 2
1553301968 4
1553301969 6
1553301970 10
1553301971 4
1553301972 1
1553301973 1
1553301974 0
1553301975 2
1553301976 2
1553301977 6
1553301978 2
1553301979 5
1553301980 1
1553301981 3
1553301982 4
1553301983 5
1553301984 6
1553301985 2
1553301986 1
1553301987 0
1553301988 4
1553301989 2
1553301990 2
1553301991 2
1553301992 5
1553301993 2
1553301994 4
1553301995 1
1553301996 1
1553301997 3
1553301998 2
1553301999 2
1553302000 3
1553302001 2
1553302002 1
1553302003 2
1553302004 2
1553302005 2
1553302006 5
1553302007 3
1553302008 56
1553302009 62
1553302010 69
1553302011 65
1553302012 64
1553302013 69
1553302014 66
1553302015 67
1553302016 66
1553302017 67
1553302018 40
1553302019 2
1553302020 2
1553302021 3
1553302022 3
1553302023 3
1553302024 2
1553302025 1
1553302026 3
1553302027 1
1553302028 4
1553302029 4
1553302030 2
1553302031 2
1553302032 4
1553302033 3
1553302034 2
1553302035 3
1553302036 2
1553302037 4
1553302038 2
1553302039 1
1553302040 4
1553302041 2
1553302042 3
1553302043 5
1553302044 3
1553302045 3
1553302046 4
1553302047 3
1553302048 1
1553302049 3
1553302050 4
1553302051 0
1553302052 2
1553302053 3
1553302054 3
1553302055 1
1553302056 2
1553302057 4
1553302058 4
1553302059 2
1553302060 2
1553302061 2
1553302062 5
1553302063 1
1553302064 2
1553302065 3
1553302066 1
1553302067 1
1553302068 4
1553302069 6
1553302070 4
1553302071 0
1553302072 2
1553302073 5
1553302074 6
1553302075 3
1553302076 5
1553302077 6
1553302078 1
1553302079 3
1553302080 1
1553302081 3
1553302082 3
1553302083 0
1553302084 2
1553302085 3
1553302086 4
1553302087 5
1553302088 2
1553302089 4
1553302090 5
1553302091 2
1553302092 2
1553302093 2
1553302094 0
1553302095 2
1553302096 1
1553302097 6
1553302098 1
1553302099 4
1553302100 5
1553302101 6
1553302102 1
1553302103 5
1553302104 3
1553302105 4
1553302106 7
1553302107 23
1553302108 1
1553302109 6
1553302110 4
1553302111 6
1553302112 5
1553302113 3
1553302114 5
1553302115 5
1553302116 3
1553302117 3
1553302118 3
1553302119 3
1553302120 2
1553302121 1
1553302122 1
1553302123 3
1553302124 1
1553302125 2
1553302126 3
1553302127 10
1553302128 2
1553302129 3
1553302130 4
1553302131 2
1553302132 3
1553302133 2
1553302134 0
1553302135 6
1553302136 3
1553302137 4
1553302138 5
1553302139 4
1553302140 3
1553302141 3
1553302142 5
1553302143 3
1553302144 4
1553302145 2
1553302146 2
1553302147 3
1553302148 3
1553302149 6
1553302150 2
1553302151 5
1553302152 5
1553302153 5
1553302154 1
1553302155 5
1553302156 2
1553302157 3
1553302158 1
1553302159 5
1553302160 3
1553302161 2
1553302162 5
1553302163 2
1553302164 3
1553302165 3
1553302166 6
1553302167 3
1553302168 4
1553302169 3
1553302170 5
1553302171 2
1553302172 5
1553302173 6
1553302174 1
1553302175 1
1553302176 4
1553302177 5
1553302178 1
1553302179 3
1553302180 4
1553302181 3
1553302182 2
1553302183 4
1553302184 2
1553302185 4
1553302186 3
1553302187 3
1553302188 2
1553302189 1
1553302190 4
1553302191 0
1553302192 2
1553302193 0
1553302194 4
1553302195 2
1553302196 4
1553302197 3
1553302198 4
1553302199 4
1553302200 1
1553302201 3
1553302202 2
1553302203 6
1553302204 2
1553302205 2
1553302206 3
1553302207 2
1553302208 4
1553302209 0
1553302210 6
1553302211 3
1553302212 4
1553302213 2
1553302214 5
1553302215 5
1553302216 5
1553302217 3
1553302218 4
1553302219 6
1553302220 0
1553302221 3
1553302222 2
1553302223 10
1553302224 1
1553302225 2
1553302226 4
1553302227 2
1553302228 43
1553302229 67
1553302230 55
1553302231 64
1553302233 57
1553302234 63
1553302235 0
1553302236 1
1553302237 2
1553302238 3
1553302239 5
1553302240 2
1553302241 4
1553302242 3
1553302243 2
1553302244 2
1553302245 2
1553302246 3
1553302247 3
1553302248 7
1553302249 3
1553302250 3
1553302251 3
1553302252 3
1553302253 3
1553302254 4
1553302255 3
1553302256 6
1553302257 6
1553302258 4
1553302259 2
1553302260 2
1553302261 2
1553302262 2
1553302263 0
1553302264 1
1553302265 3
1553302266 5
1553302267 2
1553302268 2
1553302269 3
1553302270 6
1553302271 7
1553302272 3
1553302273 2
1553302274 4
1553302275 5
1553302276 5
1553302277 2
1553302278 4
1553302279 6
1553302280 3
1553302281 2
1553302282 2
1553302283 5
1553302284 4
1553302285 1
1553302286 3
1553302287 4
1553302288 2
1553302289 3
1553302290 3
1553302291 3
1553302292 2
1553302293 1
1553302294 1
1553302295 3
1553302296 1
1553302297 2
1553302298 3
1553302299 2
1553302300 4
1553302301 5
1553302302 1
1553302303 2
1553302304 2
1553302305 4
1553302306 1
1553302307 2
1553302308 3
1553302309 3
1553302310 3
1553302311 1
1553302312 0
1553302313 4
1553302314 6
1553302315 3
1553302316 8
1553302317 4
1553302318 5
1553302319 13
1553302320 79
1553302321 5
1553302322 5
1553302323 5
1553302324 5
1553302325 3
1553302326 0
1553302327 2
1553302328 2
1553302329 4
1553302330 4
1553302331 2
1553302332 3
1553302333 2
1553302334 7
1553302335 2
1553302336 3
1553302337 4
1553302338 2
1553302339 4
1553302340 2
1553302341 3
1553302342 3
1553302343 2
1553302344 1
1553302345 3
1553302346 2
1553302347 6
1553302348 3
1553302349 7
1553302350 4
1553302351 2
1553302352 1
1553302353 2
1553302354 3
1553302355 1
1553302356 4
1553302357 5
1553302358 6
1553302359 0
1553302360 5
1553302361 0
1553302362 2
1553302363 3
1553302364 4
1553302365 1
1553302366 2
1553302367 2
1553302368 3
1553302369 2
1553302370 4
1553302371 5
1553302372 7
1553302373 2
1553302374 4
1553302375 1
1553302376 3
1553302377 4
1553302378 4
1553302379 35
1553302380 57
1553302381 4
1553302382 2
1553302383 0
1553302384 6
1553302385 4
1553302386 8
1553302387 3
1553302388 3
1553302389 2
1553302390 5
1553302391 5
1553302392 2
1553302393 0
1553302394 3
1553302395 1
1553302396 2
1553302397 5
1553302398 24
1553302399 3
1553302400 4
1553302401 0
1553302402 2
1553302403 2
1553302404 6
1553302405 4
1553302406 1
1553302407 2
1553302408 2
1553302409 4
1553302410 5
1553302411 3
1553302412 1
1553302413 0
1553302414 4
1553302415 3
1553302416 2
1553302417 3
1553302418 2
1553302419 2
1553302420 5
1553302421 1
1553302422 2
1553302423 4
1553302424 5
1553302425 2
1553302426 5
1553302427 5
1553302428 4
1553302429 1
1553302430 4
1553302431 1
1553302432 2
1553302433 3
1553302434 2
1553302435 3
1553302436 2
1553302437 5
1553302438 5
1553302439 6
1553302440 1
1553302441 1
1553302442 2
1553302443 3
1553302444 4
1553302445 6
1553302446 6
1553302447 2
1553302448 4
1553302449 3
1553302450 1
1553302451 2
1553302452 2
1553302453 1
1553302454 5
1553302455 2
1553302456 4
1553302457 8
1553302458 4
1553302459 5
1553302460 2
1553302461 2
1553302462 1
1553302463 3
1553302464 1
1553302465 5
1553302466 2
1553302467 0
1553302468 0
1553302469 2
1553302470 18
1553302471 33
1553302472 3
1553302473 1
1553302474 4
1553302475 1
1553302476 3
1553302477 6
1553302478 2
1553302479 1
1553302480 2
1553302481 3
1553302482 2
1553302483 2
1553302484 2
1553302485 1
1553302486 6
1553302487 2
1553302488 5
1553302489 8
1553302490 1
1553302491 3
1553302492 6
1553302493 6
1553302494 1
1553302495 1
1553302496 4
1553302497 4
1553302498 2
1553302499 1
1553302500 5
1553302501 1
1553302502 27
1553302503 2
1553302504 3
1553302505 2
1553302506 5
1553302507 2
1553302508 3
1553302509 3
1553302510 2
1553302511 6
1553302512 5
1553302513 1
1553302514 3
1553302515 4
1553302516 0
1553302517 1
1553302518 3
1553302519 2
1553302520 2
1553302521 2
1553302522 2
1553302523 1
1553302524 5
1553302525 5
1553302526 4
1553302527 3
1553302528 2
1553302529 3
1553302530 5
1553302531 2
1553302532 1
1553302533 2
1553302534 6
1553302535 4
1553302536 1
1553302537 3
1553302538 2
1553302539 5
1553302540 1
1553302541 2
1553302542 4
1553302543 61
1553302544 69
1553302545 45
1553302546 2
1553302547 1
1553302548 6
1553302549 4
1553302550 3
1553302551 2
1553302552 3
1553302553 3
1553302554 3
1553302555 2
1553302556 2
1553302557 2
1553302558 2
1553302559 8
1553302560 64
1553302561 59
1553302562 34
1553302563 2
1553302564 2
1553302565 2
1553302566 5
1553302567 3
1553302568 3
1553302569 1
1553302570 3
1553302571 2
1553302572 5
1553302573 3
1553302574 4
1553302575 21
1553302576 71
1553302577 65
1553302578 56
1553302579 4
1553302580 2
1553302581 2
1553302582 6
1553302583 4
1553302584 5
1553302585 27
1553302586 1
1553302587 1
1553302588 2
1553302589 2
1553302590 5
1553302591 3
1553302592 1
1553302593 2
1553302594 1
1553302595 2
1553302596 2
1553302597 3
1553302598 3
1553302599 1
1553302600 4
1553302601 3
1553302602 2
1553302603 2
1553302604 1
1553302605 3
1553302606 0
1553302607 4
1553302608 5
1553302609 4
1553302610 2
1553302611 1
1553302612 2
1553302613 2
1553302614 1
1553302615 1
1553302616 4
1553302617 15
1553302618 3
1553302619 3
1553302620 1
1553302621 5
1553302622 1
1553302623 5
1553302624 2
1553302625 3
1553302626 4
1553302627 5
1553302628 4
1553302629 2
1553302630 6
1553302631 3
1553302632 4
1553302633 5
1553302634 4
1553302635 2
1553302636 2
1553302637 2
1553302638 5
1553302639 1
1553302640 2
1553302641 3
1553302642 3
1553302643 3
1553302644 4
1553302645 4
1553302646 6
1553302647 2
1553302648 6
1553302649 2
1553302650 3
1553302651 5
1553302652 2
1553302653 1
1553302654 1
1553302655 3
1553302656 0
1553302657 3
1553302658 1
1553302659 3
1553302660 4
1553302661 3
1553302662 2
1553302663 6
1553302664 8
1553302665 1
1553302666 4
1553302667 1
1553302668 7
1553302669 2
1553302670 2
1553302671 3
1553302672 1
1553302673 3
1553302674 1
1553302675 2
1553302676 1
1553302677 4
1553302678 1
1553302679 2
1553302680 3
1553302681 2
1553302682 4
1553302683 1
1553302684 5
1553302685 2
1553302686 1
1553302687 5
1553302688 3
1553302689 3
1553302690 3
1553302691 5
1553302692 4
1553302693 5
1553302694 6
1553302695 4
1553302696 4
1553302697 0
1553302698 4
1553302699 1
1553302700 5
1553302701 3
1553302702 4
1553302703 4
1553302704 2
1553302705 5
1553302706 3
1553302707 3
1553302708 6
1553302709 3
1553302710 2
1553302711 0
1553302712 7
1553302713 0
1553302714 5
1553302715 5
1553302716 3
1553302717 2
1553302718 4
1553302719 1
1553302720 0
1553302721 5
1553302722 4
1553302723 4
1553302724 3
1553302725 3
1553302726 2
1553302727 0
1553302728 3
1553302729 4
1553302730 5
1553302731 4
1553302732 5
1553302733 5
1553302734 3
1553302735 2
1553302736 3
1553302737 0
1553302738 4
1553302739 2
1553302740 1
1553302741 3
1553302742 4
1553302743 4
1553302744 1
1553302745 2
1553302746 3
1553302747 5
1553302748 2
1553302749 6
1553302750 2
1553302751 13
1553302752 2
1553302753 3
1553302754 1
1553302755 0
1553302756 4
1553302757 3
1553302758 2
1553302759 2
1553302760 4
1553302761 3
1553302762 3
1553302763 2
1553302764 3
1553302765 2
1553302766 0
1553302767 3
1553302768 4
1553302769 5
1553302770 3
1553302771 3
1553302772 2
1553302773 4
1553302774 3
1553302775 3
1553302776 2
1553302777 1
1553302778 2
1553302779 1
1553302780 3
1553302781 1
1553302782 2
1553302783 4
1553302784 6
1553302785 1
1553302786 2
1553302787 3
1553302788 4
1553302789 2
1553302790 4
1553302791 2
1553302792 2
1553302793 2
1553302794 4
1553302795 2
1553302796 5
1553302797 2
1553302798 1
1553302799 3
1553302800 1
