1553302801 22512825 2206
1553302801 43415610 2676
1553302804 3.09041e+07 1154
1553302804 69435960 114
1553302806 1.16921e+07 2695
1553302806 38868155 2710
1553302808 3.64306e+07 301
1553302809 16202870 3587
1553302810 6361990 442
1553302811 1.71291e+07 2221
1553302811 3.69753e+07 2951
1553302813 8.30731e+06 776
1553302814 1.15114e+07 421
1553302816 35436150 4116
1553302816 7.34641e+07 207
1553302817 68535315 4067
1553302818 9.3069e+07 228
1553302819 62593020 2458
1553302819 9.60399e+07 461
1553302821 5.73024e+07 279
1553302825 9010925 382
1553302827 3.35519e+07 2212
1553302827 69397450 2185
1553302828 8.06761e+07 300
1553302829 2.97251e+07 3883
1553302829 6.96394e+07 2057
1553302832 79804645 3373
1553302832 9682895 132
1553302836 3.94238e+07 1348
1553302836 7.40272e+07 878
1553302836 1.60947e+07 3010
1553302836 96416945 305
1553302838 2.39326e+06 389
1553302838 1.8902e+07 319
1553302838 70194415 2801
1553302840 9.45668e+07 3764
1553302841 7.59044e+07 2673
1553302842 6.56051e+07 123
1553302843 2728380 510
1553302843 83348905 3539
1553302844 5.31419e+06 1641
1553302846 7054550 670
1553302847 57848595 1126
1553302848 2.89999e+07 3270
1553302849 7.98372e+07 2978
1553302849 83897195 2346
1553302853 37638195 6135
1553302854 1.90159e+06 201
1553302855 1.95167e+07 2145
1553302856 1.18456e+07 2196
1553302856 27728675 3523
1553302857 4.88941e+07 970
1553302857 56942315 186
1553302857 6.83733e+07 1205
1553302857 7.98405e+07 2101
1553302857 97336385 1916
1553302860 1.22794e+06 1586
1553302866 36726765 3979
1553302866 5.14924e+07 2803
1553302867 8978295 603
1553302868 82280 3468
1553302868 28548145 2452
1553302868 41274785 3303
1553302868 8.71524e+07 814
1553302868 93406915 628
1553302870 56140820 328
1553302871 6.1264e+07 461
1553302873 35025000 675
1553302873 8.38428e+07 1182
1553302874 3.8808e+07 3733
1553302874 75373230 492
1553302875 4.94316e+06 187
1553302875 2.34254e+07 452
1553302875 56075510 3038
1553302876 58548840 443
1553302877 24303315 3672
1553302877 4.53329e+07 2671
1553302877 78875835 2766
1553302878 43263795 357
1553302880 1.30333e+07 142
1553302882 5.22325e+07 3199
1553302882 6.313e+07 3511
1553302884 46762195 7209
1553302886 50414880 2652
1553302887 85707725 448
1553302889 4.06602e+07 252
1553302890 9295885 3740
1553302892 8.22133e+07 580
1553302895 99313495 374
1553302898 19147995 2054
1553302898 58219845 2777
1553302901 3.30427e+07 724
1553302901 6.42063e+07 2868
1553302902 78739940 330
1553302903 3.80595e+07 2767
1553302904 25771415 893
1553302906 5.33517e+07 3348
1553302907 2555045 4415
1553302908 1.37974e+07 3525
1553302908 7.46653e+07 200
1553302909 37935180 305
1553302909 7.10861e+07 3540
1553302909 7.74015e+07 1875
1553302910 75119905 807
1553302911 42108440 1265
1553302912 96867740 3622
1553302913 771645 3818
1553302913 42942705 3017
1553302914 59818840 2665
1553302914 6.80828e+07 2666
1553302915 26025505 489
1553302915 34375605 5256
1553302915 8.41879e+06 4700
1553302915 31464865 1174
1553302915 6.22385e+07 3185
1553302918 2.89644e+07 4521
1553302918 63143670 607
1553302918 7.13482e+07 620
1553302919 2.06946e+07 326
1553302921 51373725 483
1553302922 8.62774e+07 3769
1553302923 31466795 2461
1553302924 9.48262e+07 4228
1553302925 71215075 268
1553302926 1.8268e+07 1791
1553302926 2.18836e+07 2768
1553302926 74542380 2361
1553302928 58858465 2462
1553302930 2.18785e+07 2864
1553302930 89837390 133
1553302931 9.18258e+06 277
1553302931 38108885 2659
1553302934 3.15437e+07 1532
1553302934 93316005 3311
1553302935 53218660 357
1553302938 8.10386e+07 606
1553302940 66629810 307
1553302941 1.45773e+07 3910
1553302941 3.21246e+07 1744
1553302942 23631995 2559
1553302942 73994705 3400
1553302943 4.27586e+06 2871
1553302945 68539085 226
1553302945 7.5548e+07 230
1553302946 6.52051e+07 3741
1553302947 24480245 240
1553302949 3.11353e+07 3053
1553302949 6.62151e+07 2345
1553302949 43371970 118
1553302949 4.4991e+07 4997
1553302952 2.05606e+07 235
1553302953 2.12742e+07 2690
1553302953 8.77306e+07 158
1553302954 6.56727e+07 2583
1553302955 12941955 649
1553302955 65359385 494
1553302956 4.52832e+07 3414
1553302958 42935975 195
1553302959 1.16684e+07 4084
1553302961 4770220 3113
1553302962 9870090 137
1553302962 17058410 440
1553302962 9.14519e+07 3473
1553302963 80013440 113
1553302965 69098075 637
1553302967 5.17106e+07 2736
1553302967 58458465 3312
1553302968 20334905 340
1553302969 7.51806e+07 1391
1553302969 8.48276e+07 321
1553302971 3.95007e+07 554
1553302971 6.71024e+07 509
1553302971 99613730 6438
1553302973 23527715 148
1553302973 49724985 3355
1553302973 54176845 98
1553302975 4.18362e+07 3972
1553302975 7.34261e+07 3688
1553302975 79376985 2974
1553302976 5.07466e+07 199
1553302977 95916035 663
1553302978 1593930 209
1553302979 10307835 1224
1553302981 72025595 2579
1553302982 7.19189e+07 449
1553302984 2.12601e+07 2961
1553302984 37073650 694
1553302984 58217340 341
1553302985 69883180 1108
1553302986 45087940 887
1553302987 85899940 299
1553302988 2.054e+07 6798
1553302988 9.88124e+07 3743
1553302989 8.39215e+06 225
1553302989 76020605 276
1553302990 6.16008e+07 4412
1553302992 40246415 130
1553302992 75077240 178
1553302993 5.46196e+06 359
1553302993 9.34091e+07 544
1553302994 62153840 502
1553302995 42721605 3242
1553302996 53204515 2553
1553302996 57300515 4934
1553302997 51148405 261
1553302999 11805155 340
1553302999 50493710 94
1553303002 4.69575e+07 505
1553303002 7.20261e+07 619
1553303002 9.94775e+07 3061
1553303004 60598085 182
1553303005 4604290 2155
1553303005 4.14605e+07 398
1553303005 6.58026e+07 748
1553303006 2.05205e+07 137
1553303007 1.36771e+06 2747
1553303007 1.5995e+07 657
1553303008 3.54487e+07 1028
1553303008 90765475 487
1553303009 3.26846e+07 2022
1553303010 6.62021e+07 6044
1553303011 66359215 2390
1553303012 87068475 4775
1553303020 7.13974e+07 5043
1553303026 7.40798e+07 3246
1553303026 99658550 1632
1553303027 9.48958e+07 3161
1553303028 47793890 3137
1553303028 94956740 2040
1553303029 1657495 437
1553303029 6.09877e+07 5511
1553303032 2.50569e+07 477
1553303032 4.63857e+07 380
1553303032 5.19061e+07 427
1553303033 60848400 1348
1553303034 80747705 2753
1553303035 3.28098e+06 1217
1553303035 85912520 472
1553303036 4.34978e+07 3895
1553303037 3397690 4282
1553303038 3.92897e+07 4103
1553303038 48370275 596
1553303039 6.79209e+07 4500
1553303040 2.52603e+07 583
1553303045 38694640 1019
1553303046 2.64774e+07 1455
1553303046 32572095 1748
1553303046 42991870 3198
1553303047 11966075 758
1553303047 2.5075e+07 145
1553303051 5.3989e+06 1843
1553303051 21757890 3214
1553303051 3.87438e+07 3604
1553303051 53318515 1124
1553303052 1.64135e+07 143
1553303054 9.45689e+07 3484
1553303056 4.97618e+07 4387
1553303057 37155865 403
1553303058 24602025 2825
1553303058 76187215 446
1553303059 2.30338e+06 946
1553303059 4.5138e+07 2705
1553303060 16422730 409
1553303060 4.45119e+07 333
1553303063 7.10307e+07 107
1553303063 98587720 2609
1553303065 48790850 4751
1553303066 5.40771e+07 753
1553303066 75006540 125
1553303067 92632140 3799
1553303070 2466560 896
1553303071 9829825 3727
1553303072 4.39269e+07 5760
1553303072 65715165 4190
1553303073 61259605 667
1553303077 44243025 93
1553303077 7.61729e+07 1007
1553303082 27893750 2682
1553303082 43775365 448
1553303082 5.6832e+07 2436
1553303082 73816065 543
1553303084 8715665 3967
1553303085 43730745 2660
1553303085 72608455 5395
1553303086 80997320 308
1553303086 31433230 2331
1553303088 6.94674e+07 3546
1553303088 9.42775e+07 1685
1553303090 6.02793e+07 2402
1553303090 9.53532e+07 2495
1553303091 9.00329e+06 1908
1553303091 9.19931e+07 2918
1553303092 71651820 94
1553303093 39555905 209
1553303093 6.89705e+07 2952
1553303094 51727785 322
1553303095 9624275 211
1553303095 2.16562e+07 1648
1553303097 29547830 1507
1553303097 9.4347e+07 5265
1553303098 26209695 217
1553303098 3.7341e+07 312
1553303098 6.27886e+07 3851
1553303100 3.32443e+07 2285
1553303100 9.01816e+07 2939
1553303100 99751945 4139
1553303103 8.43502e+06 443
1553303104 86415065 413
1553303106 2.77063e+07 841
1553303109 59921085 138
1553303116 6.48782e+07 4272
1553303119 28137890 3723
1553303119 38540550 1435
1553303119 68352020 4193
1553303119 91407685 1100
1553303122 4.0034e+06 3423
1553303122 7.74026e+07 660
1553303125 54432160 3110
1553303125 70430445 2402
1553303125 8.1729e+07 884
1553303126 42289160 923
1553303127 48597090 329
1553303128 17272605 2481
1553303128 2.02609e+07 3251
1553303129 1.27062e+07 193
1553303130 4459555 3353
1553303130 1.99879e+07 3684
1553303130 52396360 4281
1553303131 42231185 1959
1553303131 82069865 2337
1553303132 1.46306e+06 3959
1553303132 1.0779e+07 4016
1553303132 4.33355e+07 664
1553303133 63549745 1206
1553303134 77192810 1164
1553303135 1.65392e+07 3185
1553303137 53643085 333
1553303138 40987885 3690
1553303138 7.64669e+07 2534
1553303143 3.79567e+07 1438
1553303143 6.90497e+07 3283
1553303144 33890340 396
1553303144 7.0832e+07 3866
1553303146 9.70529e+06 286
1553303146 42717985 2324
1553303146 56176310 4277
1553303146 6.99755e+07 2367
1553303146 9.04553e+07 2686
1553303147 1.76999e+07 543
1553303151 35448595 3138
1553303151 85318705 2176
1553303151 9.29331e+07 2644
1553303153 4.03928e+07 3305
1553303154 8.66424e+07 1156
1553303155 4637515 7532
1553303155 3.01258e+07 4245
1553303156 7.34577e+07 4362
1553303156 95314810 3312
1553303158 1451495 2960
1553303158 4.88214e+07 4300
1553303161 5.45055e+07 2972
1553303161 7.29357e+07 2499
1553303161 93377435 2298
1553303163 6.08939e+07 2761
1553303163 9.05008e+07 292
1553303164 11533905 1216
1553303165 53626170 282
1553303165 8.08749e+07 615
1553303166 5909615 699
1553303169 6.55873e+07 3955
1553303170 17366340 1933
1553303170 32999995 2447
1553303171 9.44768e+07 850
1553303171 9.69714e+07 452
1553303172 15022040 828
1553303173 3.12635e+06 2939
1553303174 76516640 4685
1553303178 24292780 2721
1553303178 9.83402e+07 150
1553303181 6.36951e+07 2495
1553303181 8.66836e+07 7461
1553303182 8.61182e+07 198
1553303184 6868175 763
1553303185 4.59026e+07 1168
1553303187 4.28441e+07 1096
1553303188 2.7295e+07 2815
1553303189 43853600 295
1553303189 94276985 1860
1553303190 4.18199e+07 388
1553303191 7.57438e+07 3426
1553303191 9.58449e+07 3729
1553303192 26459705 353
1553303193 48962665 2655
1553303194 1.53292e+07 1131
1553303194 55970665 1507
1553303194 7.07253e+07 3819
1553303195 11322275 3315
1553303196 36388110 844
1553303196 7.24746e+07 2293
1553303196 8.35563e+07 2785
1553303196 84969710 2703
1553303197 737222 3572
1553303197 5.23351e+07 325
1553303198 6.38635e+07 3579
1553303198 70346590 3793
1553303201 4.34536e+07 1180
1553303203 40669110 1888
1553303204 22885990 513
1553303204 4.44402e+07 1688
1553303204 54628070 99
1553303206 7.66983e+07 5055
1553303207 23886975 424
1553303207 75004875 620
1553303207 98944915 3995
1553303208 7.73378e+07 310
1553303211 2232260 917
1553303211 8.09351e+07 2985
1553303213 3.86969e+07 3399
1553303213 4.45086e+07 3682
1553303214 62778700 2552
1553303215 12756605 4037
1553303215 4.64236e+07 722
1553303215 5.15847e+07 1532
1553303215 9.22849e+07 121
1553303218 7.61756e+07 363
1553303219 32910925 174
1553303222 5.63575e+07 356
1553303222 6.31536e+07 432
1553303223 3512545 1737
1553303224 4.63522e+07 3763
1553303227 46517730 2195
1553303229 8.59008e+07 3196
1553303231 73451085 205
1553303231 8.92466e+07 659
1553303232 28544140 1174
1553303232 57760700 3417
1553303234 2.77499e+07 2616
1553303234 52910350 1954
1553303234 73832150 1637
1553303235 806480 4451
1553303235 10044385 810
1553303237 45942465 2696
1553303237 5.97468e+07 1211
1553303237 64133445 6771
1553303239 93824470 2789
1553303243 1.23352e+07 514
1553303243 15235680 839
1553303243 65970445 1689
1553303244 67650995 2926
1553303248 88780780 1393
1553303251 9.60778e+07 1949
1553303252 7.06839e+07 432
1553303252 3.09e+07 2405
1553303252 8.66621e+07 1594
1553303255 59275675 448
1553303255 83184715 477
1553303256 41047620 3403
1553303257 7.04993e+07 2167
1553303257 23603260 2995
1553303259 14427835 144
1553303259 1.78172e+07 3360
1553303259 67633775 341
1553303259 81055445 2166
1553303261 93619875 1697
1553303264 6.50608e+07 368
1553303264 9.63067e+07 4454
1553303265 52521905 3098
1553303266 5.45884e+07 3673
1553303267 5.59864e+07 287
1553303268 7.99728e+07 5203
1553303272 80936235 2241
1553303275 36044295 2235
1553303275 6.59069e+07 541
1553303275 8.72656e+07 119
1553303275 9.57005e+07 638
1553303277 3.80163e+07 715
1553303278 1.63779e+07 2444
1553303279 36688390 315
1553303279 8.28606e+07 2735
1553303280 68248725 816
1553303280 74043410 259
1553303280 81885080 503
1553303281 4.14272e+07 2666
1553303282 68973770 143
1553303285 4.16255e+07 1911
1553303285 66330585 143
1553303287 18315425 339
1553303287 2.76752e+07 2083
1553303288 5219600 713
1553303288 72422450 3781
1553303289 3.44965e+07 1000
1553303289 45565985 1157
1553303290 92538935 185
1553303291 23159130 228
1553303291 26152180 730
1553303292 35747410 897
1553303292 9.63435e+07 538
1553303293 64642950 3904
1553303293 8.83872e+07 3545
1553303295 61333990 2881
1553303298 2793140 451
1553303298 6898260 355
1553303298 88287295 2839
1553303299 6.58494e+07 464
1553303300 9.74416e+07 601
1553303301 2.24858e+07 173
1553303301 9.25895e+07 2303
1553303304 68161800 2505
1553303307 7.26187e+07 330
1553303307 9.11153e+07 3484
1553303309 86412030 1823
1553303310 87501985 611
1553303311 3.57949e+07 1353
1553303315 5.05659e+06 2730
1553303316 42146380 2555
1553303316 9.33973e+07 3671
1553303318 80329560 409
1553303319 5.50967e+07 1356
1553303320 23068420 151
1553303322 9.05584e+07 3683
1553303325 3.33719e+07 404
1553303326 3.08269e+06 4191
1553303327 24995170 170
1553303327 7.98989e+07 5393
1553303327 89717575 3769
1553303329 2.48095e+07 1692
1553303331 88550775 209
1553303338 24971815 1951
1553303339 46936130 2991
1553303339 6.87161e+07 3175
1553303340 47975645 374
1553303340 8.59099e+07 3965
1553303341 16137745 3369
1553303343 8.53479e+07 149
1553303345 56161230 1209
1553303345 9.47786e+07 3014
1553303348 8474795 354
1553303349 6.79579e+07 204
1553303350 14898865 874
1553303350 88256110 2668
1553303350 80373190 476
1553303352 1.41134e+07 2710
1553303353 9.33943e+07 3177
1553303355 7.66926e+06 324
1553303355 24953425 3108
1553303355 37948460 3476
1553303356 11756855 2262
1553303358 5.54318e+06 334
1553303358 25114445 379
1553303358 3.59714e+07 378
1553303358 45178750 2041
1553303359 4.37715e+07 2994
1553303361 53800675 180
1553303362 1.69652e+07 3284
1553303363 7.21878e+07 3540
1553303363 78807970 5450
1553303366 66119975 3054
1553303367 1.8799e+07 2355
1553303368 2.89168e+07 1919
1553303368 6.86573e+07 2863
1553303370 39857450 3005
1553303370 90234070 227
1553303373 67476825 1991
1553303376 9860945 205
1553303376 99991110 1968
1553303377 61503790 3664
1553303378 1.43284e+07 2682
1553303379 7.45297e+07 648
1553303382 9.07847e+07 295
1553303383 13811985 321
1553303384 5.43216e+07 653
1553303384 93571735 834
1553303386 26411765 374
1553303386 65002940 3181
1553303387 5.60139e+07 199
1553303388 35900810 3170
1553303388 3.86316e+07 3681
1553303388 9.79939e+07 1638
1553303389 2.10853e+07 547
1553303391 9.00305e+07 3279
1553303392 6165460 1945
1553303394 83822120 1755
1553303397 51916395 229
1553303397 5.7948e+07 591
1553303398 725100 1070
1553303398 6517770 2926
1553303398 17353670 4500
1553303400 2.72904e+07 1665
1553303402 2.93063e+07 2069
1553303403 1.48556e+07 1582
1553303404 61276135 301
1553303405 2.13691e+07 3737
1553303405 91042030 620
1553303406 2423400 436
1553303406 80421750 3358
1553303410 2413645 3588
1553303410 6.05414e+06 3472
1553303412 44223280 132
1553303412 8.26546e+07 175
1553303414 5.28017e+07 2819
1553303415 1327280 4268
1553303417 3.97116e+07 1010
1553303417 45415980 394
1553303419 15007815 979
1553303419 26076875 134
1553303420 3.71238e+07 291
1553303422 66834255 235
1553303423 2.93434e+07 3354
1553303424 2733625 168
1553303426 1.47553e+07 3950
1553303426 26128910 3891
1553303427 94618630 3052
1553303428 8.03816e+06 4781
1553303428 5.95042e+07 2862
1553303429 3.48172e+07 283
1553303429 78760230 5440
1553303429 8.75225e+07 983
1553303430 13972600 4196
1553303430 4.45758e+07 137
1553303432 13232.5 763
1553303433 3437110 3268
1553303433 8.69929e+06 3217
1553303433 8.03075e+07 195
1553303434 1.73632e+07 204
1553303434 42860975 155
1553303435 1.00733e+07 2742
1553303436 1.02379e+07 3710
1553303436 1.64444e+07 3182
1553303440 54871060 911
1553303440 8.63708e+07 415
1553303441 72013295 2981
1553303445 3.89504e+07 96
1553303446 78323725 2329
1553303452 1.24805e+06 569
1553303452 7.60712e+06 634
1553303453 2.63914e+07 1677
1553303454 9.6255e+06 275
1553303454 1.14234e+07 505
1553303455 4.21651e+07 167
1553303457 47337600 5660
1553303457 7.04305e+07 3989
1553303458 7.91037e+07 811
1553303459 1.09855e+07 1709
1553303462 70848955 2702
1553303462 83074975 3279
1553303463 19718725 2724
1553303463 7.79854e+07 408
1553303465 6.34606e+07 450
1553303466 6592750 3289
1553303466 4.79501e+07 2000
1553303467 3.84366e+07 381
1553303468 1.93603e+07 2315
1553303468 27166660 247
1553303468 4.65299e+07 207
1553303468 4.84237e+07 4397
1553303478 6917765 597
1553303478 5.12277e+07 453
1553303478 9.63865e+07 5006
1553303479 5.80111e+07 605
1553303481 59602515 1048
1553303481 67747345 406
1553303482 6.42954e+07 4218
1553303482 81343575 1578
1553303483 9.093e+07 3671
1553303484 4.61473e+07 2877
1553303485 3.0667e+07 3604
1553303485 3.86211e+07 4336
1553303485 79053510 2721
1553303487 60937020 3189
1553303488 2.20329e+07 924
1553303489 9.89855e+06 2969
1553303490 5.22104e+07 3353
1553303492 21398900 3867
1553303493 49587255 3783
1553303494 59359350 1099
1553303494 6.2512e+07 747
1553303494 7.22107e+07 514
1553303500 3.97275e+07 2966
1553303500 85820110 294
1553303501 11755695 1038
1553303503 6210780 517
1553303504 67724680 648
1553303505 8.80319e+07 121
1553303505 95926110 172
1553303507 44482170 558
1553303507 5.7055e+07 385
1553303508 48624740 916
1553303508 5.94427e+07 369
1553303512 2.59749e+07 3968
1553303512 74100520 891
1553303517 22821765 2669
1553303517 5.27206e+07 640
1553303519 9.75122e+07 2834
1553303521 23384255 5363
1553303522 9.73927e+07 1615
1553303523 8.34516e+07 6740
1553303524 62502890 921
1553303524 8.2569e+07 3157
1553303526 4.24503e+06 524
1553303527 8.17962e+07 112
1553303528 5.55627e+07 2270
1553303533 40989695 2660
1553303534 9.04237e+07 420
1553303536 3.21021e+07 5043
1553303542 4.4827e+07 948
1553303544 7.93723e+06 2719
1553303545 562270 3131
1553303548 7.98693e+07 2311
1553303549 31248640 312
1553303549 6.29852e+06 113
1553303549 5.03636e+07 2293
1553303551 38170180 1248
1553303551 89638140 1672
1553303552 1.14987e+07 2264
1553303552 3.99716e+07 3303
1553303553 82298925 4419
1553303553 9.00721e+07 3292
1553303554 8.9881e+06 2925
1553303554 16287400 1168
1553303554 7.89526e+07 611
1553303554 9.77254e+07 3587
1553303555 55287540 3563
1553303556 43160185 127
1553303559 53239965 552
1553303559 8.43545e+07 4384
1553303560 23539385 2305
1553303560 86496090 783
1553303562 6.12649e+07 307
1553303562 7.65031e+07 172
1553303563 75279875 505
1553303565 2.31406e+07 2762
1553303566 28104295 201
1553303566 9.61429e+07 3473
1553303567 45298960 553
1553303567 9.20124e+07 805
1553303570 4.868e+07 3176
1553303571 5.85494e+07 1281
1553303572 3.71484e+07 380
1553303574 1.68023e+07 829
1553303574 1.8237e+07 387
1553303574 74161910 243
1553303576 9.50133e+07 4624
1553303577 733740 3792
1553303577 98894950 1899
1553303578 8.24519e+07 680
1553303579 51137785 379
1553303579 5.79808e+07 4208
1553303580 47304995 318
1553303581 80025010 2784
1553303581 84325560 3246
1553303581 30617270 223
1553303581 9.31382e+07 6037
1553303583 10870320 4831
1553303586 2.19229e+07 4021
1553303588 79228940 290
1553303589 3.28184e+07 699
1553303590 31555470 465
1553303590 9.13668e+07 1540
1553303592 2.23415e+07 788
1553303592 6.76426e+07 143
1553303592 71617720 598
1553303593 50212745 1996
1553303594 29430580 192
1553303594 9.70593e+07 2497
1553303595 54914270 435
1553303596 8.35555e+07 177
1553303597 44521015 83
1553303597 7.63855e+07 5128
1553303598 389832 4019
1553303599 3.6514e+07 3915
1553303600 97381465 4515
1553303602 1.80281e+07 486
1553303602 72395830 5405
1553303604 5.20147e+07 914
1553303605 66945110 5214
1553303605 9.70049e+07 1771
1553303608 4.9713e+07 578
1553303608 7.5362e+07 481
1553303608 3.37098e+07 5574
1553303611 28763080 2670
1553303611 4.80244e+07 2900
1553303611 7.08785e+07 562
1553303615 1232245 438
1553303615 9.9102e+07 2956
1553303617 45820995 2674
1553303617 9.25745e+07 3459
1553303619 10031030 4732
1553303619 25157265 1099
1553303619 4.92133e+07 3893
1553303621 5.49986e+07 469
1553303621 6.99681e+07 511
1553303625 17783690 1570
1553303627 52017365 7407
1553303627 7.35615e+07 2399
1553303627 7.98751e+07 2374
1553303631 50321275 2166
1553303631 81945235 1003
1553303632 36885735 4263
1553303634 2.7283e+07 2337
1553303634 8.9064e+07 92
1553303636 12256970 581
1553303636 9.6201e+07 2196
1553303638 48709015 246
1553303640 35372040 3870
1553303640 42392510 3205
1553303641 7.39984e+06 3389
1553303641 1.31915e+07 2536
1553303641 38918995 3333
1553303641 5.05593e+07 781
1553303641 6.21315e+07 4274
1553303644 22537360 3433
1553303645 54086685 5375
1553303645 7.84472e+07 2690
1553303645 82068450 2659
1553303646 4.37745e+07 171
1553303647 4.10904e+07 3855
1553303649 9168335 3762
1553303649 1.8352e+07 2230
1553303652 57537435 4198
1553303656 14193410 198
1553303656 5.54169e+07 1274
1553303660 64713075 3278
1553303660 9.308e+07 2930
1553303663 1.03687e+07 3221
1553303663 1.98943e+07 643
1553303665 30941565 3748
1553303666 2.57605e+07 1178
1553303666 3.11695e+07 327
1553303666 34628585 292
1553303666 8.55724e+07 2063
1553303668 1.41212e+07 952
1553303668 3.95092e+07 1786
1553303668 8.31988e+07 2009
1553303669 14256165 671
1553303669 5.79599e+07 1536
1553303671 93856345 3662
1553303673 31549160 1903
1553303673 6.10253e+07 2045
1553303674 7862640 5894
1553303674 57914005 130
1553303674 7.315e+07 397
1553303674 9.77044e+07 744
1553303677 84932510 181
1553303677 9.6549e+07 2151
1553303678 1.79069e+07 98
1553303678 66368435 5156
1553303679 1.94977e+07 100
1553303679 43989805 176
1553303679 6.62527e+07 1527
1553303680 72947925 2822
1553303681 74052395 6845
1553303683 16708295 1185
1553303684 65021275 541
1553303686 7.29795e+07 770
1553303688 4.00064e+07 3780
1553303688 5.26166e+07 1479
1553303689 1.73521e+07 3536
1553303689 82436470 1330
1553303690 17085540 1842
1553303691 32787595 277
1553303691 69566780 4477
1553303692 3.56025e+07 1824
1553303692 55560605 416
1553303693 55403050 1581
1553303694 88860500 628
1553303695 60553805 3277
1553303696 2.30769e+07 102
1553303697 3.42592e+07 3255
1553303697 8.27374e+07 112
1553303699 4.09251e+07 183
1553303701 1716080 339
1553303701 48104670 2960
1553303702 47027295 446
1553303705 3.47768e+07 3202
1553303705 46067570 467
1553303707 1.48338e+07 1902
1553303707 20692055 178
1553303707 9.08361e+07 267
1553303708 4.46809e+07 3782
1553303710 54947575 1102
1553303711 4615070 673
1553303711 7.61793e+07 6313
1553303712 2.00656e+07 4057
1553303714 2.14746e+06 220
1553303714 96654795 2930
1553303716 5.16998e+07 2261
1553303716 5.91534e+07 3692
1553303717 6.11734e+07 366
1553303718 36867670 2821
1553303719 4.69386e+07 4005
1553303720 7.91103e+07 489
1553303722 33657030 574
1553303722 7.88641e+07 3155
1553303728 12980145 3214
1553303729 34293775 172
1553303731 667780 2376
1553303731 29377230 4503
1553303733 5419005 2233
1553303739 6.21762e+07 4166
1553303739 8.00336e+07 3461
1553303740 68242440 129
1553303741 7634860 1333
1553303742 9.04805e+07 1993
1553303743 26182970 1924
1553303743 5.6378e+07 3243
1553303743 7.79736e+07 470
1553303745 77598610 130
1553303747 84670 185
1553303752 33699065 338
1553303752 4.40922e+07 123
1553303752 9.88931e+07 4209
1553303754 96531915 2608
1553303756 5.35597e+07 2338
1553303757 46230730 434
1553303757 70306640 193
1553303760 19800380 3095
1553303760 6.08029e+07 774
1553303761 6.41058e+07 190
1553303761 69926045 192
1553303763 39832060 3277
1553303763 98864635 90
1553303764 51038590 263
1553303765 8828305 3761
1553303765 77009425 119
1553303765 86189405 106
1553303770 62586130 1185
1553303770 70038990 1334
1553303770 71826755 270
1553303770 86320995 131
1553303771 4.87209e+07 2194
1553303774 35314835 302
1553303775 3725430 5333
1553303779 6.57282e+07 1239
1553303780 8.51852e+07 378
1553303781 23833320 686
1553303781 56992180 2427
1553303782 52192355 156
1553303782 80819240 583
1553303783 56512940 2887
1553303786 4.87389e+07 2449
1553303787 94588235 829
1553303788 54277555 2652
1553303791 4883020 488
1553303791 6.99487e+07 2431
1553303792 28810300 345
1553303795 9.34464e+07 268
1553303797 7.8457e+07 614
1553303799 3.52725e+07 998
1553303804 6.52673e+07 2344
1553303805 553960 2722
1553303806 6.64748e+07 2539
1553303808 28692060 6877
1553303808 44460110 6417
1553303810 968838 2472
1553303810 36636760 497
1553303810 8.64334e+07 5657
1553303811 62440155 4222
1553303813 7.61437e+07 686
1553303815 20325665 3878
1553303817 6.43985e+07 3316
1553303819 38325755 2902
1553303820 3411985 5378
1553303820 5989170 408
1553303821 4.36215e+07 4458
1553303822 51895565 3088
1553303823 1.75394e+07 309
1553303827 11589145 290
1553303828 1450620 3595
1553303829 84462860 402
1553303830 1.55456e+06 495
1553303830 9.08783e+06 600
1553303830 80708900 3739
1553303833 1.46733e+07 207
1553303835 21749470 343
1553303836 65105100 329
1553303837 8478375 514
1553303837 2.32516e+07 2703
1553303837 40649355 2887
1553303838 69325595 145
1553303840 7.47379e+07 3256
1553303841 5.01066e+07 320
1553303841 68126710 169
1553303842 8.87616e+06 89
1553303842 4.09907e+07 269
1553303844 8.93996e+07 304
1553303844 98261205 285
1553303846 73047980 337
1553303847 2149150 3179
1553303847 4800825 3368
1553303849 26230180 730
1553303849 3.27752e+07 1166
1553303849 91785615 134
1553303851 6.77646e+07 154
1553303853 58359530 172
1553303853 9.58359e+07 3701
1553303854 9.68186e+07 191
1553303856 4.60057e+07 445
1553303856 9.80076e+07 739
1553303860 3552730 747
1553303860 19937110 329
1553303865 59308275 1294
1553303866 53910190 2637
1553303867 1.06732e+07 166
1553303868 92599135 312
1553303869 76948545 81
1553303875 15987395 127
1553303875 3.98855e+07 87
1553303876 1105830 4231
1553303876 3.93965e+07 4114
1553303876 5.64105e+07 2747
1553303876 65453145 4204
1553303877 63327970 2372
1553303877 7.47908e+07 3426
1553303878 77860145 343
1553303879 62203285 4699
1553303880 16464760 203
1553303881 79210055 371
1553303882 3.45236e+07 134
1553303882 6.71709e+07 3196
1553303883 37088100 4165
1553303884 1001120 481
1553303884 49192190 159
1553303884 5.37986e+07 282
1553303884 86229265 2433
1553303887 13920480 345
1553303891 1.71167e+07 6692
1553303893 2.84245e+07 2982
1553303894 7.61777e+07 4407
1553303895 15970320 776
1553303895 3.70574e+07 104
1553303896 2.40113e+07 809
1553303897 2.69368e+07 432
1553303897 7.69203e+07 171
1553303898 11732585 3261
1553303901 72064445 900
1553303901 77873070 978
1553303903 59510910 128
1553303903 7.27443e+07 969
1553303906 4.86252e+07 3803
1553303908 46192290 313
1553303908 78915255 417
1553303909 13518800 793
1553303909 8.22765e+07 3237
1553303910 45287160 154
1553303913 83834695 664
1553303914 31200950 3029
1553303916 2456925 1306
1553303916 3.93315e+07 2468
1553303916 72310695 379
1553303920 29879605 1365
1553303922 1.31672e+07 3046
1553303922 7.34025e+07 3187
1553303923 61312405 783
1553303924 4.95279e+07 3815
1553303924 64673280 1148
1553303926 94596400 218
1553303927 6226285 247
1553303927 1.10909e+07 964
1553303929 8.93062e+07 221
1553303930 38704475 4511
1553303930 86993325 5198
1553303931 70860070 492
1553303931 3.82749e+07 2209
1553303934 3.66378e+07 3282
1553303935 7.22622e+06 441
1553303935 6.28918e+07 411
1553303938 2.36993e+07 423
1553303938 67261565 3483
1553303938 75136435 4140
1553303940 5.18335e+07 4742
1553303940 4.22891e+06 1313
1553303940 2.76144e+07 715
1553303942 9.65476e+06 1774
1553303944 3.43432e+07 266
1553303946 9.37669e+07 1544
1553303948 2.29344e+07 555
1553303949 6.85696e+06 1563
1553303949 8.63738e+07 687
1553303949 9.19417e+07 614
1553303951 4.63002e+07 885
1553303956 49488010 1813
1553303958 5.77769e+07 4040
1553303960 23625520 7733
1553303961 8.31609e+06 664
1553303961 2.96522e+07 174
1553303961 44908285 463
1553303962 3.24767e+07 889
1553303962 4.11634e+07 3771
1553303963 6.4839e+07 1425
1553303964 45752755 171
1553303964 71831790 484
1553303965 3.59497e+07 4188
1553303966 4.64349e+07 128
1553303967 39093065 1295
1553303967 6.29776e+07 1257
1553303967 81647465 100
1553303969 22811600 708
1553303970 14955580 4340
1553303971 73792.5 352
1553303971 4.29676e+07 2541
1553303972 65030915 423
1553303973 1.30521e+07 4307
1553303973 50750385 2197
1553303974 2.73101e+07 161
1553303974 4.09555e+07 505
1553303975 51110150 4071
1553303976 65269555 2848
1553303977 43630195 1677
1553303977 5.31437e+07 2947
1553303980 5.65535e+06 2323
1553303980 4.37141e+07 1883
1553303981 96394315 4798
1553303982 43765040 554
1553303985 8.656e+07 422
1553303985 3896150 1944
1553303985 7.06352e+07 1876
1553303987 5.99853e+07 2422
1553303989 75617455 3194
1553303990 28219765 1221
1553303992 47620960 3876
1553303992 66531020 2547
1553303994 72883700 4204
1553303996 6.9592e+06 5311
1553303996 9.5781e+07 417
1553303998 5.26684e+07 593
1553303998 8.2684e+07 489
1553303999 24551145 2660
1553304000 729708 353
1553304001 44531400 1811
1553304001 4.74574e+07 471
1553304002 34024425 1797
1553304003 26407935 1924
1553304003 55806445 406
1553304005 20294325 1244
1553304005 23729315 1759
1553304007 4575980 148
1553304008 3.66145e+07 273
1553304009 2.53519e+07 214
1553304009 3.32577e+07 300
1553304009 6.2408e+07 578
1553304011 7990400 3588
1553304012 2.51663e+07 215
1553304014 7044785 562
1553304014 7.93787e+07 2917
1553304014 3.73194e+07 153
1553304014 75108415 54
1553304016 64579470 1283
1553304016 7.97854e+07 330
1553304017 88769110 2328
1553304019 5.39095e+07 6046
1553304020 34282540 424
1553304020 73109045 95
1553304020 9.50713e+07 7117
1553304021 3.48888e+07 5976
1553304024 2.87514e+07 3790
1553304031 8980050 4750
1553304031 97877090 467
1553304032 34776325 1715
1553304032 9.36028e+07 712
1553304033 2.89038e+07 3170
1553304033 76620810 3990
1553304036 15441845 3063
1553304037 6.47263e+07 4003
1553304038 29011515 3272
1553304039 79758410 300
1553304041 6.76524e+07 2480
1553304044 51492360 6790
1553304045 34763270 132
1553304045 86169115 495
1553304049 3356410 2110
1553304049 51687435 278
1553304051 9.86696e+07 119
1553304052 26561280 396
1553304052 7.89213e+07 3150
1553304055 5.20359e+07 233
1553304056 2.16537e+07 4379
1553304056 48057440 3662
1553304057 23162525 1102
1553304058 8676975 3346
1553304059 49457545 238
1553304059 8.97753e+07 4235
1553304061 32794710 4430
1553304061 6.50605e+07 181
1553304062 44819630 3804
1553304062 4.90044e+07 4032
1553304062 90817250 3563
1553304063 8.60236e+07 2267
1553304063 5209265 2223
1553304065 4.28362e+07 1249
1553304068 2.03669e+07 240
1553304068 61990165 448
1553304068 7.39022e+07 168
1553304068 60758465 4097
1553304070 4.72565e+07 520
1553304076 3.90228e+07 4483
1553304076 88625905 529
1553304077 55463700 743
1553304078 6.75298e+07 383
1553304079 8.09346e+06 1987
1553304081 5.41311e+06 1773
1553304082 28940160 1226
1553304083 3.0829e+07 140
1553304084 9.55999e+07 257
1553304085 4.29275e+07 233
1553304087 40399880 1720
1553304087 5.78316e+07 1797
1553304089 5.7424e+07 923
1553304089 79736005 373
1553304091 6.53899e+06 3104
1553304092 1.63146e+07 2898
1553304094 1.09289e+07 2892
1553304097 87309450 295
1553304097 23426645 215
1553304097 65760125 412
1553304099 44975365 1976
1553304100 24559245 225
1553304101 1.19062e+07 2729
1553304101 3.33514e+07 2411
1553304101 45033820 425
1553304101 60472695 211
1553304102 6612190 594
1553304102 9621860 484
1553304103 82355620 2190
1553304105 4.25997e+07 182
1553304105 6.8333e+07 3722
1553304105 84986490 4857
1553304108 11150490 2333
1553304108 28411590 855
1553304111 56565585 85
1553304112 7.05422e+07 3184
1553304112 74803050 2930
1553304112 7.74746e+07 435
1553304115 68132280 4459
1553304116 4.87187e+07 221
1553304116 75507145 365
1553304118 55585060 541
1553304119 13120960 3626
1553304119 34484710 3338
1553304119 49374100 3587
1553304121 3.56237e+07 457
1553304121 7.94165e+07 276
1553304121 81139340 867
1553304122 23283425 1725
1553304124 84170415 734
1553304125 3.19029e+06 127
1553304125 6.8487e+06 108
1553304125 5.17698e+07 2766
1553304126 15481315 3279
1553304129 2.7182e+07 662
1553304129 7.51383e+07 641
1553304130 4.17044e+07 3049
1553304132 78416205 141
1553304133 99908270 3915
1553304135 4.8021e+07 1353
1553304135 7.12879e+07 2875
1553304135 9.47506e+07 2846
1553304139 5249745 4304
1553304139 73983225 643
1553304141 4.12421e+07 668
1553304142 2.91701e+07 6912
1553304144 8782340 6186
1553304144 15202075 1975
1553304144 19357555 3852
1553304145 8596580 2363
1553304146 3.29924e+07 149
1553304147 3.81424e+06 2746
1553304147 2.34676e+07 1008
1553304149 5.98996e+07 897
1553304150 15540795 115
1553304150 91585595 494
1553304152 13157380 2302
1553304153 3.99109e+07 2914
1553304153 56828105 3202
1553304154 76531015 206
1553304154 79664345 180
1553304154 6.35088e+06 2009
1553304154 5.60966e+07 5343
1553304156 21345555 376
1553304156 5.51906e+07 147
1553304157 47688180 4481
1553304158 5.67896e+07 3531
1553304159 46529990 236
1553304159 54670205 370
1553304159 6.76941e+07 1982
1553304159 9.16264e+07 464
1553304160 6.71523e+07 3129
1553304160 7.5528e+07 3167
1553304161 38775695 262
1553304162 28977470 2207
1553304163 15581510 403
1553304163 2.04074e+07 411
1553304163 2.99708e+07 155
1553304163 5.52675e+07 3419
1553304163 7.3192e+07 4448
1553304164 4.80837e+07 335
1553304165 46837205 2393
1553304166 1.74571e+07 121
1553304167 6.1763e+06 7577
1553304167 6.01968e+07 712
1553304168 41447425 2588
1553304169 13625720 216
1553304169 4.19199e+07 2278
1553304169 52366805 532
1553304169 74078325 292
1553304173 66389885 2903
1553304173 9.44889e+07 2226
1553304174 13986520 1026
1553304174 5.91937e+07 109
1553304179 1.67981e+07 1228
1553304179 6.64479e+07 1847
1553304180 7460840 1204
1553304180 5.26888e+07 219
1553304180 1.67361e+07 4694
1553304183 4.82985e+07 4360
1553304184 74511755 2983
1553304184 8.08405e+07 3273
1553304185 3.12067e+07 89
1553304185 42923780 3220
1553304188 7.07969e+07 572
1553304189 10176655 429
1553304189 2.91083e+07 214
1553304189 6.10335e+07 1789
1553304190 3.68762e+07 263
1553304193 925735 3180
1553304193 24123365 2466
1553304195 61389625 579
1553304197 1.86162e+07 259
1553304197 7.79358e+07 3904
1553304199 6.79202e+07 2872
1553304202 21729785 614
1553304203 55692270 178
1553304203 68555575 417
1553304204 4.11934e+07 4002
1553304205 3.4085e+07 102
1553304205 5.97901e+07 1466
1553304205 76786775 363
1553304205 9.49707e+07 294
1553304206 10369600 3529
1553304207 2923515 768
1553304208 11072935 2586
1553304209 85022235 1165
1553304210 18362715 1654
1553304212 5.75552e+07 618
1553304213 12020045 2372
1553304213 5.44126e+07 75
1553304214 46597460 4081
1553304216 66831190 3865
1553304216 7.84049e+07 3429
1553304218 46435940 2932
1553304220 40055835 320
1553304220 69276365 435
1553304221 4.99701e+06 1282
1553304221 19442260 3263
1553304221 19442280 1716
1553304222 3.97245e+07 447
1553304223 47992250 2273
1553304224 9.18375e+06 175
1553304225 5963575 255
1553304228 9.01107e+07 913
1553304230 13302915 580
1553304230 18428910 600
1553304231 42690205 4049
1553304234 48976320 2206
1553304235 2898860 352
1553304235 31510330 725
1553304235 85944160 2708
1553304235 9.27081e+07 2866
1553304236 40400565 2214
1553304237 65929640 4198
1553304240 6.3475e+07 3849
1553304241 6.29663e+07 353
1553304242 7369895 486
1553304243 9.72286e+07 636
1553304243 9.67359e+07 224
1553304246 38468695 1750
1553304248 15743325 1373
1553304249 46260890 6855
1553304250 5.08372e+07 471
1553304251 25065870 2559
1553304252 21348905 365
1553304252 7.68621e+07 2297
1553304252 9.31117e+07 3165
1553304253 8.09261e+07 652
1553304253 89449705 682
1553304255 833482 2638
1553304257 32657830 4194
1553304258 21022310 919
1553304258 69355915 3873
1553304258 7.27741e+07 208
1553304260 1.56158e+07 109
1553304262 89814715 2947
1553304263 83289240 1340
1553304263 9.49861e+07 4552
1553304265 28670910 259
1553304265 6.10884e+07 1466
1553304266 52343865 320
1553304266 93214650 299
1553304268 9.61257e+06 111
1553304268 4.63866e+07 589
1553304268 9.49711e+07 3457
1553304269 4.06903e+07 3251
1553304269 65633260 409
1553304269 83537140 349
1553304270 16366945 387
1553304270 67991100 4168
1553304270 8.21092e+07 2684
1553304271 532065 1465
1553304271 56275810 127
1553304271 67112810 462
1553304272 5.53646e+07 6178
1553304273 35152785 507
1553304274 53816700 628
1553304276 7.25371e+07 2699
1553304277 63052180 127
1553304279 50669360 803
1553304281 7.2834e+07 4074
1553304282 51945575 1562
1553304282 87022310 448
1553304283 897680 354
1553304284 7.20834e+07 197
1553304285 57137635 1760
1553304287 10791755 4847
1553304288 28075355 2767
1553304290 1.99272e+06 4244
1553304290 63960060 616
1553304291 3.24597e+07 1775
1553304291 38480965 2213
1553304291 60858095 1219
1553304291 62453415 7315
1553304292 21219135 309
1553304293 1.47634e+07 3031
1553304295 3.53966e+07 157
1553304295 65020450 876
1553304298 6694305 2749
1553304298 69515835 609
1553304299 56665375 3963
1553304300 49900425 3499
1553304300 8.04105e+07 416
1553304301 3414915 4213
1553304301 7.05078e+07 4665
1553304302 1483000 113
1553304302 2.5534e+07 102
1553304302 5.78611e+07 710
1553304303 4.79299e+07 3197
1553304307 51369585 326
1553304307 9.11555e+07 883
1553304309 5.6817e+07 3445
1553304309 9.07958e+07 3018
1553304310 5.04332e+07 1065
1553304310 8.74529e+07 550
1553304311 26590635 2890
1553304311 3.92769e+07 3359
1553304312 5.636e+07 217
1553304312 64888995 3047
1553304313 5.829e+07 578
1553304315 40062495 5285
1553304315 52222795 174
1553304315 56729480 631
1553304316 40517835 2681
1553304316 62832180 3413
1553304316 67521205 3979
1553304317 8.45087e+07 3345
1553304317 96140665 2213
1553304319 3.05867e+07 3295
1553304319 6.45298e+07 2234
1553304319 7.90918e+07 3202
1553304320 93131925 3556
1553304321 3.0269e+07 2566
1553304321 4.94056e+07 2760
1553304321 7.0057e+07 354
1553304324 8.88418e+07 572
1553304325 1.24691e+07 238
1553304325 85613150 1977
1553304325 9.16544e+07 2035
1553304327 12972570 2771
1553304328 3.09726e+07 262
1553304328 3.68749e+07 5208
1553304328 58498865 4195
1553304331 96449360 199
1553304332 6.37452e+06 274
1553304332 5.84875e+07 2369
1553304334 23729400 2190
1553304334 7.52007e+07 2551
1553304335 4.53367e+07 385
1553304337 1.8927e+07 425
1553304337 8.25104e+07 1480
1553304338 23707110 616
1553304338 52705755 596
1553304340 18551500 247
1553304340 3.42568e+07 154
1553304341 50196275 3686
1553304341 75283775 109
1553304342 6.9193e+07 4384
1553304342 7.84074e+07 2831
1553304343 9.71801e+07 123
1553304343 5.55434e+06 3491
1553304343 62110800 2736
1553304343 7.6039e+07 2415
1553304345 22741810 148
1553304347 4.42639e+07 3456
1553304348 83832460 603
1553304350 2.82804e+07 4064
1553304353 63533890 564
1553304356 2.96343e+07 1551
1553304356 4.77348e+07 281
1553304356 5.84964e+07 343
1553304357 3.50604e+07 2231
1553304361 7.83843e+07 333
1553304363 66977585 287
1553304363 70906020 5368
1553304364 43570685 4947
1553304366 52856875 1145
1553304367 33268840 3386
1553304367 4.31437e+07 3738
1553304367 65391340 4046
1553304369 1.52282e+06 6743
1553304371 61023630 393
1553304373 8.82564e+07 1976
1553304377 88575375 2789
1553304379 1.40038e+07 4237
1553304379 47734535 1855
1553304380 3.47205e+07 155
1553304381 5.66264e+07 230
1553304384 42398125 4151
1553304384 87796595 364
1553304386 51166615 506
1553304387 7.02447e+07 2521
1553304389 13685570 3690
1553304389 48873550 343
1553304389 52467455 328
1553304390 76627515 2744
1553304391 6.61458e+07 356
1553304391 7.75955e+07 571
1553304392 3.87168e+07 1861
1553304394 3.02246e+07 4570
1553304396 2.20588e+07 2111
1553304397 5.76678e+07 3776
1553304397 9.68575e+07 187
1553304398 7.63842e+07 1700
1553304399 8.48997e+07 209
1553304400 97748360 3928
1553304401 14700265 7822
1553304401 38745200 137
1553304401 8.08002e+07 275
1553304401 98224985 172
1553304404 56430040 1202
1553304405 4.34164e+07 2527
1553304405 48564910 2851
1553304405 64086685 1952
1553304405 6.39728e+07 1580
1553304407 3.11897e+07 2288
1553304407 8.77126e+07 1614
1553304408 2.78716e+07 965
1553304409 141008 2711
1553304409 18501340 5612
1553304410 32649485 479
1553304412 67938320 321
1553304412 9.07957e+07 467
1553304413 6.00354e+07 2606
1553304415 31538080 2722
1553304415 40213325 3023
1553304417 351270 3504
1553304418 36197595 2289
1553304418 6.33699e+07 1888
1553304419 5464660 3285
1553304421 68965675 3248
1553304421 9.04797e+07 2348
1553304422 36524510 383
1553304423 3.32764e+07 4376
1553304424 1.67374e+07 1065
1553304425 3.02379e+07 4532
1553304426 4115520 1451
1553304426 30593740 2959
1553304427 6.28175e+07 708
1553304428 5.37472e+07 3346
1553304431 16521060 460
1553304432 4.0833e+07 1362
1553304432 45251165 109
1553304432 72128440 3795
1553304434 3.09278e+06 160
1553304434 20600365 199
1553304436 61503685 2940
1553304437 3282150 1832
1553304439 9.61895e+07 3725
1553304441 4461200 273
1553304441 4.01629e+07 3497
1553304441 5.21797e+07 2461
1553304442 64098705 384
1553304442 6.08503e+07 3675
1553304446 60434270 3543
1553304448 18119850 2021
1553304448 51127485 3201
1553304449 2.38332e+07 614
1553304449 9.61824e+07 2670
1553304451 4.92539e+07 3985
1553304451 6.29778e+07 2697
1553304453 7.0348e+06 2407
1553304453 7.77815e+07 169
1553304454 5595685 313
1553304455 9.67227e+07 424
1553304456 15478770 198
1553304456 81859465 3181
1553304457 3.75366e+07 229
1553304459 77314295 2152
1553304460 72443915 130
1553304462 11569235 791
1553304465 82870660 1500
1553304466 63377570 3832
1553304466 54185420 102
1553304473 90134455 397
1553304474 6.06015e+06 149
1553304477 8.52536e+07 335
1553304478 6.75404e+06 4719
1553304478 1.90253e+07 1647
1553304483 9.48713e+07 2876
1553304485 2.98094e+07 2987
1553304485 8.15216e+07 492
1553304487 3.36996e+07 213
1553304487 5.57226e+07 426
1553304491 9.45832e+07 2296
1553304492 4.34453e+07 364
1553304493 57565295 2477
1553304493 8.50694e+07 6328
1553304494 3.41487e+07 5512
1553304494 41787290 404
1553304495 1.26664e+07 2953
1553304497 9471370 2968
1553304497 3.90317e+07 3805
1553304498 70460030 3966
1553304500 4.3156e+07 2883
1553304501 3.09851e+07 438
1553304501 45249100 1055
1553304501 8.37283e+07 3933
1553304502 1.96983e+07 3459
1553304502 87202155 209
1553304506 4.66516e+06 139
1553304506 1.2031e+07 329
1553304507 6931445 2885
1553304514 2.77168e+07 1180
1553304515 1.94407e+07 3156
1553304515 90712565 1123
1553304516 46025355 2917
1553304516 5.59384e+07 2402
1553304516 58548260 2935
1553304516 9.1945e+07 2928
1553304521 9.55762e+07 3481
1553304522 8.5871e+07 393
1553304524 1.97597e+07 260
1553304525 3.83545e+07 2291
1553304528 5.92646e+07 3183
1553304530 6.82069e+07 459
1553304531 4339345 150
1553304531 37078900 2359
1553304532 52854545 206
1553304534 67245665 1098
1553304534 91719225 4357
1553304543 43734745 2929
1553304545 26260555 2626
1553304548 92176885 520
1553304549 1.43737e+07 206
1553304549 4.97232e+07 178
1553304550 84980020 168
1553304550 1.37281e+07 3010
1553304550 7.60747e+07 4823
1553304555 46208170 371
1553304556 1.11386e+07 3844
1553304556 59738390 1783
1553304556 8.75848e+07 362
1553304558 2.05574e+07 3300
1553304559 32598080 2267
1553304560 61857835 485
1553304561 34649315 2512
1553304562 2.3538e+07 159
1553304563 90133460 461
1553304564 6.0687e+07 1921
1553304564 99285435 2703
1553304568 7.0592e+07 317
1553304568 7.82305e+07 79
1553304569 99449735 2440
1553304572 9.59235e+07 2832
1553304574 90217000 425
1553304575 3.2838e+07 197
1553304575 58483490 582
1553304576 2.63404e+07 7200
1553304576 3.29604e+07 3428
1553304580 73548070 3233
1553304582 3742885 361
1553304583 8.27527e+06 3450
1553304583 1.60548e+07 2665
1553304585 9.60256e+07 1113
1553304590 1.24909e+07 344
1553304590 6.71331e+07 3207
1553304591 44675230 365
1553304592 74811040 832
1553304594 792552 4642
1553304594 4.82039e+07 2688
1553304596 17549950 1602
1553304596 46333840 123
1553304596 49344550 793
1553304596 78873955 841
1553304596 8.3657e+07 1842
1553304596 40122180 3680
1553304598 17561225 435
1553304600 4849665 107
1553304601 75569770 712
1553304601 9.00453e+07 4739
1553304601 9.38689e+07 2703
1553304602 46652425 6282
1553304602 70437165 81
1553304603 12231795 110
1553304603 24379965 1000
1553304604 3.12606e+07 4267
1553304605 1.37582e+07 494
1553304605 21368310 3497
1553304607 19843380 3398
1553304608 7.5694e+07 1264
1553304611 95718815 3421
1553304612 7.12574e+07 449
1553304613 24455105 163
1553304615 22790785 3788
1553304616 9.5168e+07 2806
1553304617 76306835 363
1553304618 4.54809e+07 4017
1553304619 6.42925e+07 695
1553304620 8730660 1124
1553304620 5.1738e+07 2546
1553304621 9.51183e+07 3459
1553304624 50838175 409
1553304624 8.52962e+07 1137
1553304626 2653960 744
1553304626 9.87428e+07 1953
1553304627 7.54249e+06 4248
1553304627 5.79889e+07 271
1553304630 6.18694e+07 1194
1553304630 9.34579e+07 2275
1553304632 5.58756e+06 3803
1553304696 21599670 180
1553304698 2.81495e+07 1739
1553304699 2138810 129
1553304699 48331280 3813
1553304699 5.30818e+07 3745
1553304702 8.54496e+07 2612
1553304703 1.93855e+07 2240
1553304703 68246620 381
1553304705 7.52938e+07 777
1553304706 5249350 920
1553304707 262745 2209
1553304707 6183225 420
1553304707 2.33355e+07 3017
1553304709 3614025 172
1553304709 6.3516e+07 1406
1553304710 9.51783e+07 1040
1553304712 2.32434e+07 407
1553304713 3.9888e+07 1428
1553304714 36091140 2608
1553304715 87645615 209
1553304717 1.15994e+07 1597
1553304719 6.94517e+07 1500
1553304721 18709425 329
1553304722 9.81551e+07 519
1553304723 42477810 2585
1553304724 3.34432e+07 149
1553304725 2.74863e+07 2415
1553304726 89490345 1145
1553304728 89288340 295
1553304731 55551505 3928
1553304732 30053040 680
1553304734 9.01169e+07 2229
1553304737 2.99413e+07 263
1553304738 8.96123e+07 339
1553304739 90906660 1832
1553304739 9.5056e+07 3147
1553304740 50030115 227
1553304742 35354020 300
1553304742 44262445 458
1553304747 24183280 84
1553304747 3.08797e+07 125
1553304747 56746765 227
1553304747 96845705 3029
1553304754 77901775 2552
1553304757 34304790 481
1553304757 41317955 413
1553304761 65918380 2657
1553304763 92073365 485
1553304764 40080145 101
1553304766 5.13814e+07 380
1553304766 55115330 717
1553304766 91309555 3281
1553304768 95598295 718
1553304769 4.99432e+07 1925
1553304769 8.79569e+07 1396
1553304772 1.2155e+06 415
1553304773 2.27298e+07 2326
1553304774 3.3613e+07 455
1553304776 9.34789e+07 734
1553304778 4636835 1801
1553304779 8467480 404
1553304779 4.67206e+07 4396
1553304779 8.28404e+07 3281
1553304780 23762465 2769
1553304781 86072965 2943
1553304783 5.62687e+06 1639
1553304785 6.4798e+07 347
1553304785 8.79301e+07 510
1553304786 7.72304e+07 1144
1553304787 2.89617e+07 141
1553304787 4.61504e+07 2543
1553304788 37419660 3730
1553304788 45024480 2932
1553304789 2.23814e+07 207
1553304789 6.97521e+07 2247
1553304791 1.50175e+07 2031
1553304792 11518815 1471
1553304794 9.53065e+06 990
1553304794 39268235 4168
1553304794 95100175 3321
1553304799 9.13307e+06 148
1553304799 24347285 354
1553304800 8.73104e+07 125
1553304801 76334900 3195
1553304801 86443980 470
1553304802 1.54886e+07 193
1553304802 48665665 5263
1553304804 8.35777e+06 105
1553304805 4.74596e+07 317
1553304805 80052450 110
1553304806 2.78293e+07 3998
1553304807 5.5332e+07 101
1553304808 7.03057e+07 112
1553304808 7.64108e+07 415
1553304809 1.6355e+07 551
1553304809 2.70695e+07 3875
1553304810 14365290 153
1553304810 59800450 395
1553304810 83574260 2644
1553304811 1.21618e+07 4574
1553304813 28207255 4585
1553304814 9.87189e+07 354
1553304815 7.22939e+07 2679
1553304816 3.73586e+07 525
1553304817 2.54313e+07 1694
1553304817 54994230 5740
1553304817 67775025 3183
1553304817 53898480 557
1553304820 3.8488e+07 224
1553304820 65649000 1297
1553304820 9.06546e+07 1798
1553304821 26908730 387
1553304821 56900275 154
1553304821 6.78764e+07 186
1553304822 70551585 2693
1553304822 9.88425e+07 1478
1553304827 1.2031e+06 587
1553304827 8.58578e+07 2282
1553304829 28259995 3722
1553304830 1.30722e+07 136
1553304831 48211865 567
1553304831 50292550 911
1553304832 27055580 6869
1553304833 48094395 353
1553304833 5.17728e+07 141
1553304834 37784270 2603
1553304835 16244435 1164
1553304835 24008630 503
1553304836 593425 3023
1553304837 1.49255e+07 133
1553304837 92512715 2756
1553304839 5.07622e+07 1778
1553304842 8.28994e+07 3515
1553304843 8.07901e+07 444
1553304843 9.06909e+07 153
1553304843 16713790 2444
1553304843 36500860 3487
1553304843 91624710 250
1553304845 2065325 176
1553304845 3.36037e+06 1563
1553304846 20817150 3099
1553304847 3.21059e+07 4007
1553304848 87744810 177
1553304848 96296050 79
1553304851 50210835 2862
1553304851 94267590 603
1553304853 80453770 99
1553304853 80626975 2277
1553304855 41888165 440
1553304855 6.01803e+07 337
1553304855 8.03308e+07 2640
1553304855 93487085 2818
1553304856 74631895 417
1553304857 80923335 3408
1553304858 83055630 826
1553304859 27410610 72
1553304859 72853765 412
1553304863 91563415 136
1553304864 20037525 3098
1553304864 7.61632e+07 2694
1553304866 36257575 5550
1553304866 62909755 3250
1553304867 6918695 88
1553304868 3.38182e+07 4739
1553304868 62247295 560
1553304871 1.17604e+07 5056
1553304871 3.5407e+07 2887
1553304872 5.21379e+07 4477
1553304873 62532485 1249
1553304874 9.93051e+07 2142
1553304875 7.78821e+07 1448
1553304878 6.10578e+07 160
1553304878 9.21631e+07 330
1553304879 8.28825e+07 3134
1553304879 98944375 190
1553304880 1.48636e+07 122
1553304882 37094630 3768
1553304883 5.39626e+07 113
1553304888 2.90316e+07 239
1553304889 8.20903e+07 3232
1553304891 62350010 1867
1553304891 67408120 210
1553304891 68648720 789
1553304893 4081840 1317
1553304893 8.90049e+06 2193
1553304893 47292860 454
1553304894 40764790 4050
1553304895 3.88661e+06 497
1553304895 7.71677e+07 3848
1553304896 7593145 2802
1553304896 5.73015e+07 157
1553304897 2577145 916
1553304898 436865 3373
1553304898 2.20889e+07 168
1553304899 2.61689e+07 3028
1553304899 61612260 2348
1553304899 7.20664e+07 1579
1553304899 93314495 1252
1553304901 8.70201e+06 1498
1553304901 24189670 717
1553304902 58941355 2977
1553304902 7.32972e+07 1819
1553304903 64517320 428
1553304905 85571470 1838
1553304906 63828725 1349
1553304907 31016345 951
1553304908 2.25953e+07 483
1553304908 3.12285e+07 186
1553304908 53259970 173
1553304908 8.09036e+07 3297
1553304912 5.3247e+07 1422
1553304913 46375040 864
1553304913 74076315 203
1553304913 9.56618e+07 3497
1553304915 4.28733e+06 951
1553304917 1.36862e+07 2372
1553304917 3.28489e+07 2483
1553304917 73681125 3408
1553304918 18891175 2114
1553304918 41846320 701
1553304923 83832360 1734
1553304925 2.57325e+07 2780
1553304927 2.22343e+07 3238
1553304927 8.54274e+07 429
1553304929 57219095 211
1553304930 20548470 3474
1553304931 2.00875e+07 244
1553304931 21654995 226
1553304934 79866015 297
1553304935 1.00116e+07 1890
1553304935 64591390 3328
1553304935 77492305 2469
1553304938 5.57066e+07 2672
1553304940 6.93348e+07 4202
1553304940 8.3893e+07 334
1553304944 8.71688e+07 403
1553304944 10327955 2575
1553304946 88084250 764
1553304947 55014790 157
1553304949 35703250 1303
1553304949 9.91915e+07 3365
1553304952 1.59917e+07 1132
1553304954 1.71272e+07 3770
1553304954 6.52773e+07 2562
1553304956 83466075 1911
1553304957 9.88084e+06 4361
1553304963 69856645 701
1553304963 8.70577e+07 2663
1553304965 4.63211e+07 2742
1553304965 7.75945e+07 303
1553304966 87701345 2994
1553304967 3.13529e+07 3008
1553304967 84325465 246
1553304971 22244850 1631
1553304971 8.49951e+07 1307
1553304972 6.93632e+07 486
1553304973 2.36236e+07 1870
1553304973 51843650 3696
1553304974 7.01017e+07 1135
1553304975 2.57296e+07 905
1553304976 17895455 951
1553304977 2.36358e+07 110
1553304978 9.29253e+07 1777
1553304980 3.76553e+07 2857
1553304980 57537440 1572
1553304982 7144935 6337
1553304983 6.46113e+07 2228
1553304984 94606835 1643
1553304985 175728 3440
1553304986 9528330 461
1553304987 35572285 297
1553304987 7.93739e+07 287
1553304988 52375600 3932
1553304988 6.71088e+07 1220
1553304990 29918160 536
1553304992 44664515 254
1553304992 36688915 796
1553304994 85953525 3561
1553304996 5.73095e+07 2869
1553304998 92686355 1789
1553304999 56972605 580
1553304999 6.32118e+07 171
1553305003 5.34315e+07 375
1553305005 3030670 1833
1553305005 7.35131e+06 3323
1553305005 55888380 285
1553305006 2.44853e+07 1653
1553305006 65668390 3653
1553305008 8.74759e+06 2378
1553305009 2.50835e+06 273
1553305010 5.21127e+06 201
1553305014 5581700 1266
1553305014 7.57652e+07 3788
1553305015 39856455 408
1553305015 89323640 550
1553305017 22143675 350
1553305017 81755460 859
1553305018 48156780 2180
1553305022 766802 1349
1553305023 7573330 3847
1553305023 70630470 2864
1553305024 7505715 94
1553305025 1.72511e+07 2234
1553305026 8.93684e+07 217
1553305027 3.57273e+07 163
1553305028 4.64443e+07 3668
1553305028 56687325 956
1553305029 5.96243e+07 3564
1553305031 2.05924e+07 3688
1553305032 3.15148e+07 456
1553305032 8.32999e+07 4169
1553305034 8.77809e+07 1321
1553305039 51688930 478
1553305039 83444735 2142
1553305040 2350960 3707
1553305040 4736320 2885
1553305040 6.34982e+07 490
1553305041 3.53951e+07 382
1553305045 7.07341e+07 114
1553305045 7.65094e+07 5050
1553305048 41871260 3784
1553305051 29368180 2682
1553305051 5.92247e+07 1380
1553305051 61043840 662
1553305052 7.25794e+07 607
1553305053 5.03687e+06 3090
1553305053 60738085 3981
1553305054 4.24919e+06 1347
1553305054 39897600 261
1553305054 6.85357e+07 3709
1553305057 68013090 1023
1553305057 64651480 2981
1553305059 90019505 1863
1553305060 61320380 388
1553305065 99674875 208
1553305072 8.3043e+07 7077
1553305076 44580915 3218
1553305076 64911195 1752
1553305078 3.69176e+06 4063
1553305078 4.27823e+07 2345
1553305078 5.71901e+07 1722
1553305079 8.08282e+06 187
1553305079 10584555 94
1553305082 3.67463e+07 298
1553305082 7.07067e+07 1836
1553305082 79506820 522
1553305085 4.64833e+06 6027
1553305086 2.01556e+06 450
1553305086 37688795 2146
1553305092 1.84094e+07 1703
1553305092 17680115 884
1553305092 5.10928e+07 3065
1553305092 61631235 4550
1553305094 3.39716e+07 402
1553305095 1390095 4269
1553305095 11867235 3026
1553305095 5.7619e+07 391
1553305098 2.94713e+07 7893
1553305101 3.17057e+07 3397
1553305105 16066750 2428
1553305105 8.40874e+07 85
1553305105 8.80321e+07 3223
1553305105 9.42268e+07 1879
1553305108 27891130 3482
1553305108 23346040 340
1553305110 86107350 2359
1553305111 91442620 4934
1553305113 97597760 3422
1553305114 9.74093e+07 416
1553305115 7.06313e+07 948
1553305115 84518760 3174
1553305116 976535 2321
1553305117 1.92347e+07 2836
1553305119 3522695 3507
1553305119 18520235 4322
1553305120 9.56305e+07 4181
1553305122 9.14497e+07 374
1553305125 1523685 117
1553305125 33013410 262
1553305127 41930045 3185
1553305129 5.56475e+07 134
1553305130 5.14314e+07 3393
1553305131 3.90502e+07 5243
1553305131 8.27457e+07 403
1553305131 91866250 2907
1553305135 23888395 3487
1553305135 4.62822e+07 3592
1553305137 42649665 3456
1553305138 10598390 381
1553305138 52527245 2997
1553305139 14188295 1559
1553305142 30871860 3255
1553305142 47428145 302
1553305143 33594980 3287
1553305143 5.95927e+07 2976
1553305143 92885950 3567
1553305143 57699965 927
1553305143 67593005 388
1553305146 6.69668e+07 3629
1553305147 9.42468e+07 258
1553305150 97056130 230
1553305152 5.8009e+07 1140
1553305153 2.66133e+07 2977
1553305154 4.38545e+07 202
1553305154 5.84831e+07 552
1553305157 6.48905e+07 167
1553305158 2.0672e+07 306
1553305158 6.624e+07 2699
1553305158 8.81522e+07 985
1553305161 33625705 647
1553305161 61695250 298
1553305162 9.23367e+07 552
1553305163 45789185 4705
1553305164 1.33325e+07 4574
1553305164 58699735 2250
1553305164 94073355 262
1553305168 9.36834e+07 3471
1553305169 9.98507e+07 5230
1553305169 77902905 494
1553305171 42731015 248
1553305172 36563300 2948
1553305173 4.15287e+07 2256
1553305174 55505170 73
1553305174 64253855 380
1553305176 15605715 4986
1553305176 60299560 947
1553305178 2.42009e+07 349
1553305178 4.59877e+07 2179
1553305178 51700995 4102
1553305178 5.73914e+07 4011
1553305178 93825300 2663
1553305179 7.53716e+07 136
1553305180 1.42181e+07 5060
1553305182 7.40948e+07 460
1553305182 9.27709e+07 416
1553305183 12377960 493
1553305185 2.8589e+06 183
1553305186 6.49722e+07 137
1553305186 41120280 2776
1553305186 43894910 2928
1553305186 96652590 921
1553305188 5.60824e+07 167
1553305188 8.80607e+07 2645
1553305190 1.94093e+07 137
1553305190 3.9938e+07 1090
1553305190 45642030 155
1553305192 13492885 394
1553305194 4.73386e+07 3040
1553305194 5.58086e+07 1359
1553305195 4.1194e+07 1480
1553305195 63743905 4347
1553305196 93807000 4213
1553305197 1368360 312
1553305197 84187545 1488
1553305198 2.1195e+07 368
1553305203 1.33952e+07 373
1553305204 31220420 668
1553305205 21268065 667
1553305206 52250885 244
1553305207 78643640 4765
1553305208 39032710 109
1553305209 2.2956e+07 4056
1553305210 38109195 210
1553305212 2.48261e+07 3349
1553305213 7.0934e+07 545
1553305213 7.95109e+07 197
1553305214 94819035 345
1553305215 7.29967e+07 913
1553305216 15769115 1653
1553305216 4.57149e+07 764
1553305216 96294315 411
1553305220 5.50455e+07 2147
1553305221 5.63029e+07 78
1553305222 59860685 2487
1553305223 10463245 289
1553305224 39415240 797
1553305227 1.50724e+07 2711
1553305227 26237470 1139
1553305227 65193140 2154
1553305228 2.86203e+07 5031
1553305228 57472695 440
1553305231 9.74506e+07 271
1553305232 82810245 3027
1553305233 14977180 379
1553305233 4.73655e+07 318
1553305233 8.36811e+07 370
1553305234 686702 2727
1553305234 1.78978e+07 2314
1553305235 1.12754e+07 439
1553305235 13980100 898
1553305237 9.12166e+07 2707
1553305240 34091175 680
1553305246 21596435 3307
1553305246 2.43992e+07 2866
1553305246 69507260 153
1553305246 8.4203e+07 406
1553305247 25353890 859
1553305248 5.66975e+07 630
1553305248 86552555 179
1553305249 39166620 2839
1553305249 8.33116e+07 715
1553305251 24160780 2423
1553305251 33346595 1713
1553305251 6.59322e+07 208
1553305257 2569030 702
1553305257 47110395 322
1553305258 6.8012e+07 827
1553305258 75034120 357
1553305259 72372795 2425
1553305262 5.95641e+07 2148
1553305263 22965620 7640
1553305264 43300165 1155
1553305264 84147195 3213
1553305267 16094680 367
1553305268 8.74844e+06 2148
1553305268 17023830 3556
1553305268 2.52382e+07 2260
1553305269 20732630 337
1553305269 2.69994e+07 1175
1553305269 5.19432e+07 136
1553305269 869268 159
1553305269 8.92964e+06 268
1553305272 51976860 1129
1553305273 87660345 315
1553305278 52866430 348
1553305279 63213265 287
1553305281 6.19005e+07 272
1553305281 8.96285e+07 442
1553305284 6.05076e+07 2457
1553305285 5.86118e+07 115
1553305286 95988085 271
1553305287 38039185 910
1553305287 7.07666e+07 4140
1553305287 8.079e+07 3331
1553305289 2.60864e+07 2549
1553305289 49395525 1773
1553305289 6.15302e+07 2807
1553305289 9.3788e+07 2442
1553305290 66516255 350
1553305291 7657110 2912
1553305291 5.13385e+07 1202
1553305291 7.54065e+07 537
1553305292 5.62543e+07 1676
1553305294 2.74422e+07 3783
1553305296 16729145 2392
1553305297 82472935 4391
1553305298 6.03899e+07 212
1553305298 7.70693e+07 2301
1553305298 9.55663e+07 1248
1553305299 12489865 377
1553305301 7.43746e+07 373
1553305303 2.32712e+07 3424
1553305303 27695010 2506
1553305304 48823560 318
1553305309 39124955 843
1553305309 14671240 607
1553305313 227708 2857
1553305317 3.56233e+07 276
1553305318 52168715 4104
1553305318 57930105 183
1553305319 6.20314e+07 2721
1553305320 5.51839e+07 122
1553305321 4.05293e+07 3189
1553305321 5.40335e+07 329
1553305323 26059500 2713
1553305324 95539435 3196
1553305324 98516390 1357
1553305326 3.30518e+07 539
1553305326 7.36307e+07 2765
1553305326 89897795 1769
1553305327 18444270 165
1553305329 28811265 1103
1553305329 56769315 761
1553305330 60640390 371
1553305331 13373035 411
1553305331 7.98179e+07 1210
1553305331 9.37569e+07 2759
1553305332 22598655 331
1553305332 43753800 94
1553305334 82826375 2365
1553305336 2.34178e+06 4023
1553305338 6.42548e+07 152
1553305339 1.34674e+07 5458
1553305340 79445275 432
1553305340 94655395 2447
1553305341 3188855 2690
1553305341 57784715 1489
1553305342 4.05802e+07 302
1553305344 5.58092e+07 3305
1553305347 50202300 311
1553305347 7.85198e+07 1687
1553305351 66326150 2891
1553305351 7.69139e+07 4498
1553305356 4.61729e+06 2454
1553305357 75824760 300
1553305357 86197560 1003
1553305357 53685190 4287
1553305359 54015300 279
1553305360 4.29108e+07 2536
1553305360 7.39734e+07 179
1553305362 4041410 3331
1553305362 6.07206e+07 233
1553305362 77522050 5072
1553305364 4.52238e+07 525
1553305366 8.78993e+07 2684
1553305367 2446425 2704
1553305368 3.89621e+07 4468
1553305368 48690465 1236
1553305369 92536710 4937
1553305371 7921455 126
1553305371 6.38914e+07 1640
1553305374 49305135 100
1553305376 6.55127e+07 2219
1553305376 8.93815e+07 685
1553305377 60036680 422
1553305377 90262570 290
1553305377 2.13387e+07 3286
1553305377 5.09151e+07 2228
1553305377 5.82973e+07 2705
1553305379 92259425 1746
1553305382 4.45874e+07 2690
1553305384 7.28155e+07 4893
1553305385 1.48431e+07 2971
1553305387 3.55105e+07 2976
1553305387 38982095 321
1553305388 27963640 4437
1553305388 8.62095e+07 118
1553305389 1.87652e+07 354
1553305391 8567345 685
1553305394 2.8073e+07 589
1553305394 66134055 706
1553305395 8.36384e+07 991
1553305396 6.76099e+07 1919
1553305397 82724830 2702
1553305397 90989650 427
1553305401 44068465 2968
1553305406 8.10358e+07 1676
1553305407 66178565 404
1553305409 8.80637e+07 1735
1553305411 2.66351e+07 105
1553305411 4.652e+07 1225
1553305411 9.86622e+07 3316
1553305412 4.17764e+07 407
1553305412 11438690 2422
1553305414 39476840 271
1553305415 45461725 2446
1553305415 9.90079e+07 642
1553305417 26515410 3248
1553305418 7.94219e+07 2722
1553305422 7.25061e+07 6912
1553305424 1.80057e+06 120
1553305424 8.3958e+07 3588
1553305426 5.87805e+07 4433
1553305426 76864575 3506
1553305426 8.95439e+07 1937
1553305429 1.1105e+07 200
1553305430 7.82205e+07 226
1553305431 7.17495e+07 4768
1553305432 8.55093e+07 133
1553305435 46536825 2382
1553305436 1.01539e+07 249
1553305436 30316670 289
1553305437 42484835 103
1553305439 42973385 190
1553305439 91564105 2784
1553305442 1.67427e+07 549
1553305443 3.13419e+07 1412
1553305443 35814595 3633
1553305444 10124230 335
1553305444 13217230 172
1553305445 19378055 1719
1553305447 17058545 535
1553305448 6.00441e+07 1845
1553305452 53155690 248
1553305453 26504390 3985
1553305454 39867155 247
1553305454 80358515 201
1553305459 27829225 174
1553305460 3.17722e+06 2865
1553305460 13176385 2259
1553305460 1.91872e+07 1336
1553305461 5.27617e+06 414
1553305462 9264305 2577
1553305463 35633850 4136
1553305464 4.5543e+07 215
1553305464 86257275 2230
1553305465 5.92647e+07 197
1553305468 5.30078e+07 2381
1553305469 8746885 282
1553305469 91432650 1925
1553305471 2.61073e+07 1905
1553305471 4.02175e+07 2345
1553305472 8.59506e+07 285
1553305473 75771340 1147
1553305476 1.31726e+06 424
1553305478 6.85963e+07 1804
1553305478 73553750 3631
1553305482 54832590 157
1553305484 71183750 163
1553305486 2.85165e+07 407
1553305486 3.36781e+07 204
1553305487 98374795 1162
1553305488 3.09308e+07 3383
1553305488 3.35836e+07 3968
1553305491 2.66139e+07 642
1553305491 8.73558e+07 6332
1553305493 5.06551e+07 2514
1553305495 4.23435e+07 396
1553305496 53972535 1772
1553305496 6.73848e+07 2172
1553305498 63442860 1383
1553305499 3697635 228
1553305500 12697570 1773
1553305501 27532430 4321
1553305504 74973230 6650
1553305505 2.96128e+06 2729
1553305507 6868165 501
1553305507 53353155 994
1553305509 84514640 175
1553305509 91288210 160
1553305510 62422180 1743
1553305512 58571995 1920
1553305513 1.44992e+07 1051
1553305513 87108910 1909
1553305515 313495 276
1553305516 318100 4003
1553305516 36136200 3346
1553305516 9.05687e+07 1299
1553305517 6.36243e+07 3480
1553305517 7.36572e+07 2913
1553305518 62859515 403
1553305519 7.68805e+07 901
1553305519 86524435 104
1553305521 95955960 663
1553305522 32104635 714
1553305522 9.48375e+07 486
1553305524 3.31114e+07 1702
1553305524 7.27039e+07 130
1553305524 7.51583e+07 451
1553305524 79580840 110
1553305527 83536195 2798
1553305528 8.60019e+07 2448
1553305529 28895750 599
1553305530 36697365 107
1553305531 23333090 851
1553305531 4.73296e+07 350
1553305532 7991820 2082
1553305537 80475880 2886
1553305539 2.48767e+07 2666
1553305539 66327660 152
1553305539 91818105 287
1553305541 2.11344e+07 2904
1553305541 4.96691e+07 1166
1553305542 90947680 2241
1553305544 9.96153e+07 155
1553305545 2621990 484
1553305546 33822325 132
1553305546 6.47859e+07 561
1553305546 8.26149e+07 432
1553305548 62688055 557
1553305549 5452885 1741
1553305550 5.22734e+07 3713
1553305550 7.12656e+07 3599
1553305551 88390805 390
1553305551 9.41944e+07 241
1553305552 33351540 2397
1553305553 47242650 921
1553305553 7.56917e+07 2750
1553305554 4.27909e+07 850
1553305558 4.51934e+07 602
1553305558 61776960 4620
1553305560 47494765 523
1553305561 31861480 1687
1553305561 6.8154e+07 4932
1553305562 8.44566e+07 2913
1553305562 22659395 1475
1553305565 5.77957e+07 359
1553305566 57852220 950
1553305569 68384800 4072
1553305569 90087140 361
1553305570 2137235 136
1553305570 7.47487e+07 3742
1553305572 72035260 1716
1553305573 85471060 2123
1553305573 60679660 2050
1553305573 78190025 2677
1553305575 96886475 1451
1553305577 65808310 4180
1553305577 86095815 1698
1553305578 32300200 1777
1553305579 5.23443e+07 1744
1553305582 1.08833e+07 147
1553305582 39034455 385
1553305583 1.76906e+07 2837
1553305584 38766435 2821
1553305584 59943245 1340
1553305587 1.10729e+07 494
1553305588 72607510 305
1553305590 64252265 268
1553305591 4.65985e+07 1908
1553305591 5.65001e+07 3570
1553305592 8150590 800
1553305592 71321065 3262
1553305592 8.55002e+07 1392
1553305595 4.24657e+07 456
1553305596 52652715 1782
1553305597 69406860 3508
1553305598 64550120 98
1553305598 7.61513e+07 206
1553305599 6.59878e+07 5612
1553305600 68845510 81
1553305601 7.32773e+07 2703
1553305602 50652335 512
1553305603 16030495 2931
1553305604 3.4404e+06 190
1553305604 7.07768e+07 1735
1553305607 90649985 1111
1553305608 9.88836e+07 284
1553305611 1.58261e+07 3197
1553305612 874740 1267
1553305612 11170150 457
1553305612 2.11732e+07 1195
1553305613 78099865 85
1553305615 677280 1884
1553305615 6.44573e+07 3292
1553305617 2.18968e+07 351
1553305617 41049765 189
1553305617 4.3751e+07 218
1553305618 72063925 415
1553305619 16284015 184
1553305621 2.17658e+07 2761
1553305621 5.46802e+07 1653
1553305623 5.83083e+07 1238
1553305623 86282160 294
1553305625 7.56391e+07 183
1553305625 92628740 233
1553305629 2.20141e+07 236
1553305629 40078570 334
1553305630 16788465 525
1553305630 8.91595e+07 125
1553305632 62419690 141
1553305634 38921620 402
1553305635 8.67403e+07 111
1553305637 8.20716e+06 129
1553305637 6.16535e+07 293
1553305639 57004530 168
1553305642 5.45759e+07 182
1553305642 40318420 1618
1553305644 4.73567e+07 728
1553305645 2.74969e+07 2693
1553305645 7.69452e+07 386
1553305646 3.51574e+07 239
1553305647 5.7823e+07 190
1553305649 93265235 236
1553305651 24439450 766
1553305652 31209370 2120
1553305654 6324065 3261
1553305655 2.89432e+07 4157
1553305655 3.07182e+07 1527
1553305655 54281515 2846
1553305656 3.30294e+07 155
1553305657 3.87337e+07 1796
1553305657 8.78865e+07 319
1553305660 5.77065e+06 175
1553305660 1.93022e+07 250
1553305660 66655190 1195
1553305661 8.97801e+07 562
1553305662 6.73784e+07 2790
1553305664 9.0674e+06 1356
1553305664 18731675 2947
1553305664 6.89471e+07 400
1553305665 89779570 5455
1553305668 2.0652e+06 485
1553305668 52471570 243
1553305669 1.19478e+07 2710
1553305669 4.60359e+07 2207
1553305670 22463295 424
1553305672 5.25758e+07 2204
1553305675 46733225 294
1553305678 5.91655e+07 603
1553305680 2.47702e+07 322
1553305682 7.91325e+07 1437
1553305683 42452320 846
1553305683 5.55589e+07 3916
1553305685 35239105 129
1553305687 18832675 351
1553305687 82705405 1960
1553305689 50216915 1657
1553305689 64753035 3480
1553305690 1.84477e+07 383
1553305691 6.06707e+06 1323
1553305693 86779110 425
1553305694 6.14234e+07 3076
1553305695 57903020 98
1553305695 87155960 1531
1553305696 91202795 359
1553305698 5.25567e+07 443
1553305699 27519565 891
1553305699 6.497e+07 2692
1553305701 98545065 101
1553305702 51830945 538
1553305703 9.47754e+07 786
1553305705 92739155 3431
1553305707 53634955 887
1553305707 9.31613e+07 2178
1553305708 51527570 628
1553305708 70827835 340
1553305714 8.17708e+07 1318
1553305714 85646180 1106
1553305716 2.38728e+07 3785
1553305716 28168480 2375
1553305716 5.22922e+07 1822
1553305718 1777455 2463
1553305719 89537980 435
1553305720 8.41204e+06 105
1553305721 3.20159e+07 2516
1553305724 1.00118e+07 444
1553305725 6.64105e+07 183
1553305728 4.07406e+07 486
1553305729 4.20009e+07 1381
1553305730 19689225 725
1553305730 58673515 154
1553305732 6.70081e+07 160
1553305734 56048220 1244
1553305734 6.80807e+07 1837
1553305735 46598725 697
1553305737 8.70125e+07 1218
1553305745 25597700 3748
1553305745 27093645 3204
1553305746 5.76769e+07 3855
1553305747 71039115 5256
1553305747 1850585 3889
1553305749 11155530 138
1553305749 8.81318e+07 2728
1553305755 1.84943e+07 3085
1553305756 4.11407e+07 222
1553305759 18910970 211
1553305759 20086495 135
1553305761 9.03557e+07 1942
1553305762 2.42785e+07 899
1553305764 8.71818e+07 433
1553305765 6.83125e+07 3831
1553305766 94257960 2156
1553305768 7.10982e+07 6507
1553305769 1.11528e+07 3229
1553305770 46479130 2910
1553305770 7.38729e+07 2649
1553305772 2.4248e+07 437
1553305772 4.30252e+07 470
1553305772 9.90708e+07 322
1553305775 99710955 925
1553305777 61936990 170
1553305778 9.83742e+07 119
1553305779 9.01225e+07 279
1553305781 69843595 1976
1553305782 6.96e+07 339
1553305782 8.82453e+07 192
1553305784 64106805 175
1553305784 79454875 2291
1553305784 88899300 397
1553305787 62095345 103
1553305791 6.12234e+07 3253
1553305792 52748725 744
1553305793 1.83258e+07 178
1553305793 7.64336e+07 1330
1553305797 3.11151e+07 6731
1553305797 5.38589e+07 889
1553305798 2.61412e+07 404
1553305801 4.62711e+07 5145
1553305803 57575370 1874
1553305804 2.72344e+07 298
1553305805 8.97587e+06 2682
1553305805 75731155 1459
1553305805 8.72075e+07 1919
1553305806 3.60941e+07 169
1553305806 3.8294e+07 357
1553305807 17076390 3762
1553305808 9.37738e+07 3575
1553305809 23199925 1715
1553305810 10545350 3244
1553305810 3.59785e+07 2376
1553305811 29387725 289
1553305811 47346640 444
1553305812 3.79163e+07 3674
1553305812 67130700 2440
1553305812 78006855 152
1553305814 80123300 237
1553305815 1.85929e+07 422
1553305816 2.38658e+07 1548
1553305818 53868355 5095
1553305819 2.11489e+07 2210
1553305820 4.65712e+07 356
1553305820 8.22633e+07 6788
1553305820 9.75417e+07 2174
1553305823 37907620 124
1553305823 5.93194e+07 334
1553305823 9.46538e+07 5065
1553305826 28466460 2487
1553305826 87343335 116
1553305827 1.67283e+07 521
1553305827 6.91804e+07 1344
1553305827 86434935 2768
1553305828 72607215 288
1553305829 2.2401e+07 406
1553305829 75731020 525
1553305830 61234200 72
1553305830 81915580 346
1553305830 2.50361e+07 4639
1553305830 78262270 429
1553305830 93773590 119
1553305833 2.34899e+07 1847
1553305834 1.60108e+07 242
1553305834 3.47454e+07 1876
1553305834 6.26148e+07 1414
1553305835 3.43192e+07 325
1553305838 65524855 137
1553305840 53830340 544
1553305840 6.874e+07 247
1553305841 46454500 248
1553305841 82297380 352
1553305842 77188275 1991
1553305843 51935705 467
1553305844 30266065 131
1553305845 21801400 3713
1553305845 58626510 208
1553305849 5667925 427
1553305849 7.81278e+07 3134
1553305850 3.6902e+07 3339
1553305850 63628635 443
1553305850 8.45596e+07 239
1553305851 73624795 2492
1553305852 54302410 110
1553305852 6.31246e+07 417
1553305853 1.42003e+07 693
1553305856 4.20166e+07 152
1553305857 6.20295e+07 1111
1553305857 6.68351e+07 181
1553305857 80220100 162
1553305857 8.97729e+07 505
1553305860 36884895 863
1553305862 4.91459e+06 2363
1553305862 1.91134e+07 813
1553305866 2.49398e+07 891
1553305866 3.67724e+07 452
1553305866 65683175 1214
1553305867 7.61415e+06 986
1553305867 86542015 288
1553305870 10226445 269
1553305870 90433010 1249
1553305871 1.87954e+06 3344
1553305871 5.9666e+07 2278
1553305874 4.37405e+07 2290
1553305876 6.92073e+07 1907
1553305876 82983465 535
1553305877 5.08567e+06 2772
1553305881 71799310 106
1553305882 2.72981e+07 3331
1553305882 3.09539e+07 2823
1553305882 8.83694e+07 305
1553305883 6.26882e+07 696
1553305884 28270395 924
1553305884 9.01889e+07 479
1553305885 17230340 83
1553305885 26379035 2238
1553305885 99631720 2200
1553305885 18151470 158
1553305885 3.08312e+07 151
1553305887 3.16134e+07 2932
1553305887 8.50914e+07 114
1553305888 5.86034e+07 649
1553305890 17138845 3490
1553305890 64643445 3075
1553305894 42305005 2484
1553305894 92154535 2350
1553305897 6.09592e+07 2925
1553305898 26534500 1329
1553305900 74189505 1764
1553305901 95328145 432
1553305902 77009470 378
1553305905 47650490 3082
1553305905 9.64291e+07 1897
1553305907 18984550 7311
1553305908 6.04198e+07 128
1553305909 7.25162e+07 218
1553305910 68619400 1466
1553305912 4398875 393
1553305912 8077125 659
1553305912 2.48185e+07 2872
1553305912 56183420 3816
1553305913 11347500 159
1553305915 735272 305
1553305915 9.37438e+07 367
1553305918 4.72044e+07 177
1553305919 51412050 2214
1553305921 3.85289e+07 3492
1553305921 96579265 312
1553305922 55602795 2237
1553305922 9.50321e+07 2061
1553305923 6.33649e+07 406
1553305923 1.47208e+07 2828
1553305923 56037685 279
1553305928 13864485 387
1553305929 18134585 2500
1553305931 1338280 2217
1553305932 4.09253e+07 322
1553305932 80577025 1648
1553305933 4.95131e+06 2187
1553305933 61381165 359
1553305934 2.44388e+07 3457
1553305934 66127990 5667
1553305934 52542175 1387
1553305936 3.93735e+07 1903
1553305938 6.78968e+07 424
1553305938 7.36007e+07 1136
1553305940 7.42024e+07 2148
1553305942 7.55565e+07 1659
1553305944 5.9981e+07 1742
1553305944 72897510 2837
1553305949 6732890 276
1553305949 22513535 950
1553305949 37521675 1689
1553305949 61683520 179
1553305951 5549470 1207
1553305951 7320555 1224
1553305954 8.15876e+07 3943
1553305954 83196280 3667
1553305955 21466955 695
1553305955 2.95614e+07 1701
1553305955 32078710 242
1553305955 92913555 124
1553305956 72322315 4076
1553305957 7.80243e+07 101
1553305960 2.48738e+06 3562
1553305960 66782105 377
1553305964 4.53479e+06 275
1553305964 3.76922e+07 552
1553305965 93899025 145
1553305966 90619105 2017
1553305966 4.56076e+07 218
1553305968 6514915 1471
1553305968 4.57691e+07 1081
1553305969 8.49232e+07 2396
1553305969 9.66444e+07 3541
1553305972 6.86361e+07 122
1553305973 4.75874e+07 2434
1553305973 54329025 6094
1553305974 74788920 2691
1553305975 2.10465e+07 5638
1553305975 9.35105e+07 471
1553305976 5.06359e+07 3508
1553305977 18383320 380
1553305977 5.34614e+07 418
1553305977 55171370 2061
1553305979 57363725 936
1553305980 16875035 2749
1553305980 50861920 1266
1553305986 5.57871e+07 2152
1553305987 7.91819e+07 232
1553305989 7.21292e+07 1908
1553305990 5.66663e+07 3297
1553305991 1.97416e+07 665
1553305993 6.26324e+06 2681
1553305993 76394515 1007
1553305994 9036650 309
1553305996 1208325 144
1553305996 1.10511e+07 524
1553305996 28534765 120
1553305996 2.967e+07 163
1553305996 9.08184e+07 301
1553305997 7.56426e+07 3017
1553305999 7.43071e+06 612
1553306001 7.58062e+07 2809
1553306003 9.95213e+07 165
1553306004 4.20604e+07 266
1553306006 1.51108e+07 85
1553306006 6.61777e+07 6151
1553306006 7.2832e+07 2525
1553306007 38818860 84
1553306007 6.27269e+07 648
1553306008 41532525 1233
1553306008 7.02854e+07 2834
1553306009 71578380 2268
1553306010 3.8641e+07 3348
1553306012 8.47391e+06 184
1553306013 4.16618e+07 1163
1553306017 28001435 2721
1553306018 10147050 498
1553306019 6.46539e+07 1402
1553306020 97010145 102
1553306021 64783625 1183
1553306022 51307925 149
1553306022 65875115 336
1553306022 72200330 194
1553306026 6.21324e+07 2807
1553306028 89830475 715
1553306030 8.43431e+06 386
1553306030 94254410 718
1553306030 99782755 305
1553306033 4.96837e+07 470
1553306034 7.59999e+07 134
1553306035 7.59398e+07 291
1553306039 9.17501e+07 122
1553306042 83912470 2063
1553306043 6.80335e+07 324
1553306044 4.59333e+07 565
1553306044 4.71039e+07 3730
1553306046 4.53859e+07 2302
1553306046 5.97296e+07 3105
1553306049 4348685 193
1553306051 5.9305e+07 3139
1553306052 2.29923e+06 470
1553306052 5.85286e+07 2793
1553306054 1.72208e+07 459
1553306054 66238470 4062
1553306054 8.62611e+07 3244
1553306055 4.04104e+07 333
1553306055 64335220 354
1553306056 6.01462e+07 229
1553306056 85674240 231
1553306057 98794160 3412
1553306059 28925020 4240
1553306059 39330720 3661
1553306060 10831075 1476
1553306060 1.6397e+07 496
1553306061 9.57314e+07 415
1553306063 6.20953e+07 388
1553306064 62920385 1665
1553306065 1.3587e+07 120
1553306066 69539400 2447
1553306067 1.06709e+07 2384
1553306067 31104780 296
1553306067 62297430 165
1553306072 38747415 142
1553306072 6.7767e+07 170
1553306073 31686425 2325
1553306074 40273145 189
1553306075 8.1502e+07 434
1553306076 41745520 1751
1553306077 1.75395e+07 659
1553306078 7.80179e+07 3657
1553306079 51854790 240
1553306082 9.21111e+07 201
1553306082 64407655 2500
1553306084 8.25728e+07 2040
1553306085 18532570 712
1553306086 40388980 898
1553306086 75384300 3753
1553306087 65564275 357
1553306088 6.62017e+07 1449
1553306089 14039650 354
1553306090 33541780 1717
1553306092 40724235 1527
1553306094 51771600 253
1553306095 36367420 3615
1553306097 7.68255e+07 390
1553306099 48903395 745
1553306103 2.08365e+07 1189
1553306103 4.57961e+07 340
1553306103 83585815 2553
1553306105 5.80903e+07 5451
1553306109 7679395 849
1553306109 25514395 2696
1553306111 1.34939e+07 210
1553306111 45439995 314
1553306111 7.6067e+07 3418
1553306113 3.60819e+06 1035
1553306113 56178930 1218
1553306114 6.79617e+07 5132
1553306114 71941095 866
1553306117 6159020 4016
1553306117 9.86815e+07 432
1553306118 48230220 1077
1553306119 21665135 332
1553306119 9.57131e+07 381
1553306122 8.89942e+07 418
1553306123 1696605 230
1553306123 6.14801e+07 342
1553306123 6.48072e+07 3042
1553306127 48891450 2471
1553306127 8.87286e+07 270
1553306130 9.22657e+07 885
1553306134 12449780 2080
1553306134 69026470 151
1553306135 92403800 3174
1553306137 99089630 6265
1553306139 5.21414e+07 2199
1553306140 35223170 465
1553306140 6.48562e+07 1669
1553306141 44273840 1450
1553306143 4.27225e+07 3307
1553306143 99755740 926
1553306144 9.08139e+07 2225
1553306144 2.23915e+07 1235
1553306144 2.6452e+07 841
1553306146 85912415 126
1553306146 8.93527e+07 2127
1553306151 46680225 3609
1553306151 5.74764e+07 1700
1553306151 88584920 237
1553306156 9.08871e+06 360
1553306158 5999055 1456
1553306158 25281980 3321
1553306158 3.06172e+07 2893
1553306158 68310910 3914
1553306161 9.70254e+07 2149
1553306162 39537535 257
1553306162 5.65741e+07 1385
1553306163 2.82884e+07 2426
1553306165 63765855 64
1553306165 9.6132e+07 150
1553306166 3.34523e+07 3734
1553306167 55945045 437
1553306167 87024145 840
1553306168 37346240 1647
1553306170 3712540 1124
1553306170 1.61635e+07 1153
1553306171 6.13296e+06 377
1553306172 8.07697e+06 1846
1553306174 6.55211e+07 142
1553306178 8097065 650
1553306178 20578150 5138
1553306179 7.12189e+07 1766
1553306180 5.44456e+07 761
1553306180 7.64395e+07 1392
1553306182 4.67455e+07 2393
1553306184 90601750 1527
1553306185 3.55797e+07 1954
1553306185 92378540 548
1553306187 6.05549e+06 1891
1553306187 7.25901e+07 193
1553306191 3.1951e+07 363
1553306192 5.14e+07 1169
1553306192 9.46066e+07 270
1553306194 71742825 999
1553306196 18570170 1200
1553306196 53992035 292
1553306196 57179630 407
1553306198 87459105 2004
1553306199 9.7893e+07 588
1553306204 5.63125e+07 207
1553306204 9.10516e+07 506
1553306210 4287955 2172
1553306211 6.94403e+07 345
1553306213 71663625 2032
1553306214 6.17238e+07 599
1553306215 88081015 1049
1553306216 96425380 1867
1553306217 87033510 196
1553306217 91207555 1079
1553306221 31499020 241
1553306222 3.53657e+07 141
1553306223 2.16255e+07 2255
1553306223 5.12687e+07 349
1553306224 1.46802e+07 406
1553306224 5.5509e+07 259
1553306224 9.49305e+07 3928
1553306225 5.58794e+07 1931
1553306226 32164820 598
1553306227 68102335 111
1553306228 2.51895e+06 509
1553306228 33788760 395
1553306229 8.12617e+07 2312
1553306230 9061380 1104
1553306230 60701825 331
1553306231 57640055 1153
1553306231 93213445 1391
1553306233 5.23137e+07 1387
1553306234 75720835 966
1553306235 86011645 772
1553306236 4.89331e+07 3304
1553306236 9.73154e+07 2187
1553306237 2.52474e+07 552
1553306237 3.93668e+07 433
1553306237 8.30246e+07 297
1553306238 1.4609e+07 655
1553306238 49551190 1531
1553306238 8.86752e+07 2056
1553306239 9.16843e+07 1152
1553306241 91521105 3311
1553306242 26288110 2242
1553306242 5.60748e+07 352
1553306243 4.38851e+06 133
1553306243 3.27282e+07 2919
1553306243 48192650 1440
1553306244 122425 287
1553306246 32767505 365
1553306246 8.78108e+07 2145
1553306248 35039300 1716
1553306251 51228845 109
1553306252 5.13215e+07 304
1553306254 23683715 1692
1553306254 91917145 213
1553306257 8.78272e+07 222
1553306258 4.77105e+07 1186
1553306260 4.79758e+06 1359
1553306261 1.73654e+07 707
1553306261 4.35989e+07 416
1553306262 833352 892
1553306263 3.24584e+07 335
1553306263 38232405 1190
1553306263 64489395 1494
1553306266 20254535 361
1553306268 7697665 130
1553306273 2.74899e+07 145
1553306273 56003980 222
1553306273 89949220 1924
1553306274 48040205 3239
1553306275 47834275 819
1553306275 34979335 417
1553306277 5.97155e+07 2428
1553306277 60964750 703
1553306278 16380580 140
1553306279 5.7126e+06 1711
1553306279 5.01507e+07 224
1553306279 8.88386e+07 401
1553306284 5.57922e+07 125
1553306285 1696760 416
1553306285 50588870 1829
1553306286 12765470 181
1553306287 2.31001e+07 3046
1553306287 3.86336e+07 2417
1553306288 3.62144e+07 770
1553306289 26356790 3022
1553306290 94461630 2355
1553306291 4.0261e+07 5429
1553306294 62766900 166
1553306296 95435 1792
1553306297 2.18778e+07 100
1553306297 95169690 401
1553306300 3.59625e+07 190
1553306300 57771350 2676
1553306302 2922940 151
1553306303 27582560 1121
1553306304 5.71968e+07 1772
1553306305 9.65572e+06 465
1553306306 2.48289e+07 216
1553306306 8.07927e+07 642
1553306309 1709665 805
1553306309 24207885 3727
1553306313 34583705 2306
1553306313 7.28219e+07 95
1553306314 4.99645e+07 1839
1553306315 47408045 334
1553306317 72865485 393
1553306318 6.70892e+07 3219
1553306319 22095185 503
1553306319 97484420 2953
1553306319 9.90908e+07 2070
1553306321 2.49722e+07 333
1553306324 8.04826e+07 424
1553306324 82502475 404
1553306324 99906995 2814
1553306325 7.63704e+07 1117
1553306327 8325045 2269
1553306330 4.07516e+07 5493
1553306330 7.39481e+07 326
1553306330 7.6699e+07 110
1553306331 94740785 625
1553306332 23314440 1890
1553306332 2.4635e+07 3898
1553306333 44609290 3577
1553306334 46497445 756
1553306334 2.58958e+07 2358
1553306334 5.03823e+07 1179
1553306334 8.73838e+07 347
1553306336 4.36325e+07 251
1553306336 64519445 361
1553306337 35858700 1113
1553306337 56943150 517
1553306337 6.16825e+07 442
1553306337 7.97283e+07 1374
1553306339 44111755 173
1553306339 8.38714e+07 275
1553306341 58610545 443
1553306341 94338505 2342
1553306343 90653230 915
1553306344 2.524e+07 3487
1553306345 3.51589e+07 109
1553306345 8.93554e+07 933
1553306346 25353155 1608
1553306346 5.891e+07 1805
1553306346 82941185 1109
1553306347 2.30464e+07 1417
1553306349 13104005 1255
1553306349 21877070 2019
1553306350 5.37099e+07 2470
1553306350 9.08883e+07 1392
1553306354 7.96253e+07 117
1553306355 49509265 893
1553306358 77196355 1977
1553306358 9.10733e+07 3107
1553306361 26190060 367
1553306362 2.34866e+07 1784
1553306362 42637230 6174
1553306362 4.42255e+07 2440
1553306362 7.12877e+07 125
1553306363 68560110 415
1553306364 3.05135e+07 981
1553306364 8.62481e+07 411
1553306365 55582280 1926
1553306365 5.78479e+07 1255
1553306365 9.17505e+07 3264
1553306367 21861710 2102
1553306368 6.111e+07 2753
1553306369 13797795 3621
1553306370 7747885 269
1553306370 2.46224e+07 425
1553306370 83003555 952
1553306372 16867125 1841
1553306372 4.64967e+07 196
1553306375 4.10501e+07 665
1553306376 65111725 343
1553306377 3.90633e+06 1358
1553306379 7.21785e+07 309
1553306380 1.29191e+07 211
1553306383 45253015 395
1553306384 12160420 857
1553306384 4.12131e+07 579
1553306384 61702755 229
1553306384 75270965 427
1553306384 92304495 419
1553306385 2.4443e+07 318
1553306385 5.6278e+07 3496
1553306385 7.4704e+07 1200
1553306385 85479315 1657
1553306386 1.50894e+07 1826
1553306387 38307580 1408
1553306387 52546450 727
1553306387 53881935 5808
1553306387 8.20063e+07 2821
1553306388 1.05786e+07 442
1553306391 2.31406e+06 1821
1553306392 89470685 136
1553306393 15460915 347
1553306393 3.54773e+07 1111
1553306394 13115620 1065
1553306394 2.23319e+07 2241
1553306394 64426535 154
1553306395 1.00417e+07 344
1553306396 12273590 1909
1553306396 27074160 830
1553306397 64992670 3783
1553306397 9.80777e+07 745
1553306398 94699080 710
1553306399 4.50283e+07 319
