1553299200 10075190 514
1553299201 31308950 2769
1553299201 6.06505e+07 1738
1553299201 80614935 849
1553299202 5.58639e+07 2396
1553299203 2.87299e+06 2895
1553299203 6.6255e+07 2516
1553299203 9.8671e+07 620
1553299207 32244180 7042
1553299212 9635250 119
1553299216 18000130 7042
1553299217 2.80435e+07 1864
1553299217 8.21164e+07 2002
1553299217 7.17995e+07 2066
1553299220 16828825 398
1553299223 24970325 1820
1553299224 1.09479e+07 3316
1553299225 92381475 4419
1553299230 67788565 3997
1553299231 49517835 2377
1553299231 67191450 339
1553299231 8.27794e+07 954
1553299233 15612405 181
1553299233 2.90753e+07 194
1553299235 86743455 2690
1553299236 68660110 302
1553299236 89922145 266
1553299238 82828925 2854
1553299239 21942305 4581
1553299240 74470580 2214
1553299241 3.24885e+07 5066
1553299242 5201440 511
1553299242 67827370 2620
1553299245 1.87971e+06 372
1553299248 6.5482e+07 1469
1553299250 8332245 116
1553299251 82027170 175
1553299253 7.49439e+07 1293
1553299253 92894910 2440
1553299258 5.96897e+06 174
1553299261 8.30207e+06 502
1553299263 9.41348e+07 2307
1553299265 6.86669e+06 119
1553299265 31900000 484
1553299267 16184470 3350
1553299267 6.94411e+07 475
1553299267 8.59415e+07 322
1553299273 88994355 2479
1553299276 60445150 2011
1553299277 4.12455e+06 7472
1553299277 38262245 677
1553299277 44296510 311
1553299277 6.14156e+07 263
1553299278 54558140 2173
1553299278 84026875 2051
1553299279 7.51583e+07 274
1553299279 95771540 3478
1553299280 9.245e+06 3385
1553299280 12468740 2241
1553299280 72478135 230
1553299281 4043490 492
1553299281 52710190 639
1553299281 94628745 4117
1553299283 26210520 2677
1553299284 17169130 294
1553299286 7.06141e+07 3007
1553299294 2.85459e+07 3255
1553299295 17936135 3963
1553299297 9.93279e+07 1912
1553299303 8.45986e+07 699
1553299306 19423080 1251
1553299307 12838230 5504
1553299307 59719535 2749
1553299309 8.16289e+07 216
1553299310 8.78384e+07 2402
1553299312 59612425 3186
1553299314 2.13178e+07 2893
1553299314 31567720 1015
1553299315 28658065 2946
1553299315 79780675 3482
1553299317 43803275 1753
1553299318 81137780 1540
1553299321 7.57241e+07 520
1553299322 1.68865e+07 4100
1553299322 6.82913e+07 203
1553299322 81263805 1485
1553299322 9.02983e+07 348
1553299322 9.41445e+07 415
1553299324 2.70517e+07 358
1553299324 8.2888e+07 129
1553299325 88748145 523
1553299325 9.70474e+07 475
1553299326 64450460 4356
1553299327 8.86752e+07 169
1553299327 7.85691e+07 2843
1553299330 4.74114e+07 3531
1553299330 81200090 1896
1553299330 9.05269e+07 622
1553299331 6.17531e+07 2708
1553299331 8.06586e+07 2733
1553299332 6.58431e+06 1923
1553299332 67869190 838
1553299334 9.61499e+06 718
1553299334 24121680 5246
1553299334 2.98089e+07 174
1553299337 19842025 1861
1553299337 7.15999e+07 1133
1553299338 2.17892e+07 2414
1553299342 34192040 2169
1553299344 78479060 3165
1553299344 9.47898e+07 3848
1553299345 4.84918e+07 236
1553299346 81683965 3238
1553299348 1.90055e+07 3965
1553299348 3.08624e+07 4220
1553299348 5.16776e+07 3503
1553299349 4.51489e+07 837
1553299350 3332420 2708
1553299350 1.35623e+07 1269
1553299350 6.02312e+07 5154
1553299351 7.08244e+07 3913
1553299351 9.8775e+07 3229
1553299352 6.26169e+07 173
1553299355 1.29501e+07 3248
1553299356 7.96789e+07 3140
1553299357 773145 3912
1553299358 3.16305e+07 7847
1553299358 9.79339e+07 461
1553299359 13954815 182
1553299364 610965 518
1553299364 75023670 3942
1553299364 3.5961e+07 112
1553299364 72652735 2768
1553299366 5.64419e+07 2421
1553299366 8.98283e+07 403
1553299367 7.26709e+06 389
1553299367 3.62371e+07 788
1553299368 4.25147e+07 487
1553299370 3.60519e+07 580
1553299373 2.71585e+07 149
1553299375 1.82436e+07 120
1553299375 94693570 4686
1553299376 24770115 206
1553299376 28486370 497
1553299378 4.80344e+07 5204
1553299382 27096100 224
1553299384 7.74849e+07 200
1553299385 19555715 374
1553299385 65410925 1338
1553299385 2.75537e+07 756
1553299385 45260830 895
1553299385 8.30743e+07 4297
1553299389 54312665 519
1553299389 6.94124e+07 127
1553299390 84537900 1395
1553299391 3.90242e+06 852
1553299391 1.31039e+07 367
1553299392 71515640 345
1553299394 68208240 508
1553299394 81097270 5584
1553299395 3.93527e+07 3271
1553299395 49198340 2597
1553299398 50251005 2646
1553299398 79450490 619
1553299401 22353785 2352
1553299401 8.09769e+07 3094
1553299402 23529880 662
1553299402 6.53593e+07 995
1553299402 9.76435e+07 4259
1553299404 36173915 2311
1553299404 7.94308e+07 3361
1553299407 27412130 531
1553299407 91307945 1472
1553299408 4.91467e+06 4735
1553299409 25738555 3586
1553299411 8.75959e+07 879
1553299415 1.52411e+06 3020
1553299415 5.32309e+07 4277
1553299419 53061105 270
1553299420 1.94098e+07 391
1553299421 6.06247e+07 318
1553299422 10496035 6670
1553299425 42969580 2654
1553299425 8.50871e+07 142
1553299426 6.34682e+07 2158
1553299426 9.53941e+07 3530
1553299428 65865985 3943
1553299429 8.92463e+06 3315
1553299429 22752590 1908
1553299432 85028920 1668
1553299433 24214840 1442
1553299436 16609510 1270
1553299436 7.08523e+07 4363
1553299438 1.19775e+07 1882
1553299438 3.32273e+07 4586
1553299438 6.97633e+07 534
1553299438 84814310 1800
1553299438 88991730 4249
1553299442 6.8952e+07 231
1553299443 1.75307e+07 2728
1553299443 35233675 2381
1553299444 4.09376e+07 1746
1553299444 8.51824e+07 1632
1553299445 1.90684e+07 4187
1553299449 1.53254e+06 260
1553299449 3993025 180
1553299449 7.39675e+07 3273
1553299450 30881900 3441
1553299451 5.62204e+07 2178
1553299451 97487470 3819
1553299453 6.83665e+07 2805
1553299455 13248040 4714
1553299455 90629870 282
1553299457 34243875 519
1553299458 23560125 2807
1553299459 3.20618e+07 2382
1553299462 1.02457e+07 228
1553299462 8.41873e+07 3704
1553299462 14863535 703
1553299462 39803600 2716
1553299462 60165845 611
1553299464 6.86729e+07 1291
1553299465 1.68965e+07 402
1553299466 8.67494e+07 2500
1553299468 48171880 389
1553299470 57670850 4260
1553299471 1.7285e+07 148
1553299472 4.05894e+07 3563
1553299472 47143855 2876
1553299472 9.1751e+07 222
1553299474 2.6896e+07 880
1553299475 5742510 618
1553299475 2.78826e+07 2976
1553299476 4.4793e+07 477
1553299478 2.4975e+07 375
1553299478 97657550 2959
1553299479 40566670 1420
1553299479 90701340 193
1553299482 51965520 365
1553299484 74562240 4435
1553299486 6.77772e+06 744
1553299486 1.85004e+07 154
1553299486 28549035 92
1553299487 58179545 482
1553299487 65941565 218
1553299488 3.60139e+06 82
1553299489 5.91247e+07 4982
1553299491 13064105 185
1553299497 47585115 148
1553299497 5.48828e+07 437
1553299498 13987285 3770
1553299502 2.20564e+07 452
1553299505 2.85055e+07 145
1553299505 91951895 3482
1553299505 9.93353e+07 3770
1553299507 86321290 3263
1553299508 5.18818e+07 2424
1553299509 70172365 3010
1553299510 5.06206e+07 250
1553299510 79176910 3088
1553299511 45108725 1800
1553299511 8.09131e+07 576
1553299512 3.09753e+07 147
1553299514 78662505 3239
1553299516 27892900 1098
1553299517 8.07513e+07 2848
1553299518 9.98447e+07 2710
1553299519 45023270 2961
1553299520 56942675 1036
1553299520 6.96886e+07 2691
1553299522 9152590 645
1553299522 2.78096e+07 2130
1553299522 80085510 3513
1553299523 7.76248e+07 2026
1553299526 27889125 590
1553299526 6.81848e+07 266
1553299528 8.89805e+07 3308
1553299529 2.48639e+07 7770
1553299532 32648700 1642
1553299533 8.48276e+07 2888
1553299533 93282545 3034
1553299534 9457590 1894
1553299534 3.24672e+07 264
1553299534 5.26934e+07 491
1553299535 5.20166e+07 3621
1553299537 15185070 3290
1553299537 1.68655e+07 3805
1553299537 53994405 5024
1553299537 76696115 428
1553299538 1.42803e+07 793
1553299538 59981390 3743
1553299540 1.76124e+07 2309
1553299543 26213590 223
1553299544 1.32767e+07 3886
1553299544 5.14753e+07 395
1553299547 45606230 416
1553299547 7.06252e+07 359
1553299547 7.84443e+07 114
1553299547 79858570 3243
1553299547 9.66235e+07 449
1553299548 7.42483e+07 3709
1553299550 9.07056e+07 149
1553299553 3.92289e+07 7776
1553299553 5.00748e+07 1321
1553299555 4.39362e+07 3307
1553299558 87596735 2884
1553299559 2.47531e+07 461
1553299560 7.38652e+07 389
1553299560 7.79455e+07 168
1553299560 86178225 664
1553299567 5.87701e+07 355
1553299568 94799540 352
1553299570 18347635 5666
1553299570 3.45112e+07 557
1553299570 37129195 2875
1553299570 51054360 1545
1553299572 46702940 1014
1553299572 9.71124e+07 2171
1553299573 2.04583e+07 2769
1553299573 6.7911e+07 291
1553299576 4.82056e+07 2749
1553299577 5.82942e+07 3704
1553299577 80738950 2860
1553299581 2.80854e+06 3261
1553299581 5.89086e+07 2434
1553299582 1.04852e+07 3416
1553299582 70067730 5435
1553299582 7.12576e+07 2114
1553299582 72637870 1790
1553299582 7.28249e+07 3020
1553299582 73183795 280
1553299582 73711325 1761
1553299582 9.49822e+07 3513
1553299583 786828 596
1553299583 1337310 2338
1553299583 3.44326e+06 517
1553299583 4133475 1820
1553299583 5.07682e+06 819
1553299583 5.07443e+06 1145
1553299583 5.48288e+06 3954
1553299583 5790380 2441
1553299583 6003570 1680
1553299583 6580830 2678
1553299583 7.22811e+06 718
1553299583 7727450 3408
1553299583 7747710 2842
1553299583 8.15655e+06 834
1553299583 8.70712e+06 3067
1553299583 8.70785e+06 2631
1553299583 9123670 2072
1553299583 9.13592e+06 1179
1553299583 9.77748e+06 1612
1553299583 9.82755e+06 163
1553299583 9919845 1399
1553299583 10250075 2380
1553299583 10545320 3198
1553299583 1.31404e+07 1031
1553299583 1.34994e+07 1458
1553299583 14102730 1804
1553299583 14182190 799
1553299583 14239540 1496
1553299583 1.5121e+07 743
1553299583 1.57718e+07 715
1553299583 16053945 575
1553299583 16184980 2176
1553299583 17020615 675
1553299583 17610685 2792
1553299583 18520555 709
1553299583 1.87017e+07 1169
1553299583 19002230 615
1553299583 1.90617e+07 99
1553299583 19178010 397
1553299583 1.92525e+07 222
1553299583 1.96768e+07 511
1553299583 20311780 1860
1553299583 2.0723e+07 693
1553299583 21493675 1193
1553299583 2.17299e+07 744
1553299583 2.25858e+07 1980
1553299583 23078985 851
1553299583 2.33648e+07 235
1553299583 23757290 238
1553299583 2.4084e+07 971
1553299583 24982460 622
1553299583 2.56164e+07 389
1553299583 25917180 250
1553299583 2.78015e+07 478
1553299583 2.836e+07 954
1553299583 28640635 733
1553299583 2.92734e+07 297
1553299583 2.94746e+07 452
1553299583 29505320 955
1553299583 2.97299e+07 1407
1553299583 30102860 381
1553299583 3.04106e+07 275
1553299583 31097845 349
1553299583 31271240 698
1553299583 3.15863e+07 1407
1553299583 3.17014e+07 277
1553299583 32564675 67
1553299583 3.31833e+07 1176
1553299583 33452710 195
1553299583 34177335 298
1553299583 35136980 412
1553299583 35236360 156
1553299584 16411550 4583
1553299585 54883465 4343
1553299588 7.71518e+07 1643
1553299590 3.23699e+07 144
1553299590 59042930 301
1553299592 7.76246e+07 2575
1553299592 8.82367e+07 3193
1553299596 8.79915e+07 2802
1553299597 8.4765e+07 1891
1553299598 5.78014e+06 2394
1553299600 45286835 672
1553299601 54246645 400
1553299603 9.42562e+07 3050
1553299605 65123750 3217
1553299606 47038600 245
1553299607 8.25854e+07 506
1553299608 25770260 442
1553299608 82072545 1969
1553299609 1.2266e+07 2069
1553299610 1.75814e+06 2319
1553299613 1.04754e+07 754
1553299613 9.23588e+07 3700
1553299613 1.66984e+07 346
1553299615 48676420 1936
1553299617 67706735 388
1553299618 62851520 1968
1553299618 6.28517e+07 1842
1553299618 6.28518e+07 2943
1553299618 62852070 1375
1553299618 6.28521e+07 385
1553299618 6.28522e+07 3104
1553299618 62852430 2957
1553299618 6.29585e+07 1148
1553299618 6.31721e+07 1750
1553299618 63289475 1264
1553299618 6.34854e+07 1637
1553299618 63704190 3183
1553299618 63900850 2281
1553299618 6.4089e+07 3794
1553299618 6.46842e+07 4630
1553299618 6.49284e+07 3155
1553299618 6.51737e+07 1727
1553299618 6.52679e+07 1339
1553299618 6.60956e+07 3345
1553299618 67026355 1382
1553299618 90283030 1269
1553299619 94587.5 2436
1553299620 6.49482e+07 2760
1553299621 1.41009e+07 458
1553299621 38981665 489
1553299621 4.06809e+07 589
1553299622 6.5718e+06 3543
1553299622 9.81164e+07 735
1553299623 35549840 664
1553299625 53858060 7331
1553299627 91624570 808
1553299628 52875870 5603
1553299630 81433510 180
1553299631 2.10133e+07 500
1553299631 9.90195e+07 2301
1553299633 81444820 3227
1553299636 6.73469e+07 4225
1553299637 5.59628e+06 1682
1553299637 82043760 280
1553299639 5.21106e+07 315
1553299640 86097415 170
1553299641 3420505 321
1553299641 9644075 423
1553299641 8.99296e+07 1546
1553299647 7.67425e+07 2050
1553299647 90100060 2867
1553299648 14916930 3305
1553299648 5.48342e+07 232
1553299648 9.25823e+07 2760
1553299649 2.71045e+06 268
1553299649 33070835 4716
1553299654 90114875 2148
1553299655 97791990 2149
1553299656 5.08562e+07 2779
1553299657 21338430 310
1553299657 4.99974e+07 3103
1553299659 4.1765e+07 6697
1553299661 24642675 2208
1553299661 39061470 1752
1553299663 51451235 1857
1553299666 7.85075e+06 4166
1553299668 1647150 3707
1553299669 6.21993e+06 398
1553299669 41337810 2728
1553299670 50684915 343
1553299671 82385050 1584
1553299673 5.65552e+07 177
1553299673 5.98488e+07 770
1553299673 86413135 402
1553299674 5.08544e+06 78
1553299675 8.29119e+07 2787
1553299678 5.95742e+07 152
1553299679 9050110 2433
1553299682 74374240 3557
1553299683 9683790 95
1553299689 98319475 1033
1553299690 35907675 1687
1553299690 4.51983e+07 1941
1553299691 5.56448e+07 206
1553299691 74818650 3057
1553299693 8.84116e+07 2702
1553299694 6.83993e+07 497
1553299695 5.09264e+07 2302
1553299696 2723165 2956
1553299698 52702435 3934
1553299698 75086950 2430
1553299699 68603510 216
1553299700 63079490 3622
1553299700 6.72441e+07 4012
1553299701 5.6608e+06 242
1553299702 4.28079e+07 707
1553299706 1.42674e+07 280
1553299706 22977060 147
1553299708 2.58037e+07 3362
1553299709 6.30337e+06 551
1553299709 7.62889e+07 245
1553299712 41255980 361
1553299714 8.09668e+07 3368
1553299715 9.14406e+07 2070
1553299717 4442960 3682
1553299717 7.31851e+07 5447
1553299721 69985810 4151
1553299721 7.97886e+07 3377
1553299723 31094505 2951
1553299723 64261740 3851
1553299725 7053575 3399
1553299727 37490580 325
1553299727 53643455 652
1553299728 6.94759e+07 500
1553299728 92907335 430
1553299730 2.31284e+06 2871
1553299730 2.25856e+07 920
1553299731 3.57327e+07 5424
1553299734 36145250 2883
1553299734 4.09875e+07 3465
1553299734 88031695 2485
1553299736 45644730 3233
1553299737 8.85303e+06 414
1553299738 42022595 574
1553299738 8.90241e+07 571
1553299739 8.53889e+07 743
1553299742 19729250 181
1553299742 43588525 4314
1553299742 5.17214e+07 1361
1553299743 57013420 1205
1553299744 141580 3195
1553299744 2.83516e+07 3243
1553299744 78581680 721
1553299749 5.20799e+07 123
1553299749 76304295 187
1553299749 97881360 1415
1553299750 37601325 2332
1553299751 4.49453e+07 79
1553299752 8.85041e+07 414
1553299753 6.704e+07 4024
1553299753 7.45896e+07 3717
1553299754 38460735 2310
1553299754 57710305 485
1553299755 38644315 526
1553299757 25861350 3693
1553299759 22823860 3281
1553299760 69826460 2680
1553299761 38490800 163
1553299762 1.91062e+07 1844
1553299763 28247275 3729
1553299763 7.4544e+06 242
1553299765 3.37263e+07 3189
1553299765 57383790 3865
1553299766 2.41539e+07 346
1553299766 7.69729e+07 917
1553299767 54401815 1008
1553299768 84616780 403
1553299769 8701950 376
1553299770 5.23351e+07 5997
1553299770 5.54404e+07 2148
1553299775 53148580 3144
1553299775 6.36957e+07 489
1553299777 2.12407e+07 274
1553299777 26309390 1051
1553299777 8.19978e+07 1289
1553299780 5.64586e+07 274
1553299781 4.71098e+07 3169
1553299782 8.16474e+06 2415
1553299790 21513900 6078
1553299791 4.17758e+07 1866
1553299791 4.31825e+07 4177
1553299793 4.46176e+06 4252
1553299794 325315 790
1553299796 23476630 1903
1553299796 4.94968e+07 2919
1553299797 98752200 2682
1553299801 4798320 2796
1553299802 8.52527e+06 461
1553299802 2.60573e+07 261
1553299802 87601515 6501
1553299804 4.14469e+07 2402
1553299805 77759145 2969
1553299806 4.95283e+07 255
1553299807 9.99027e+07 1276
1553299808 7.87203e+06 3922
1553299809 79231870 3092
1553299809 8.44103e+07 692
1553299809 91769850 607
1553299810 7.60179e+07 2718
1553299811 4480430 3277
1553299811 37638035 2413
1553299811 5.47801e+07 253
1553299812 47888395 3325
1553299812 50151765 1205
1553299813 1.41541e+07 420
1553299816 6.14606e+06 2772
1553299816 7.16252e+07 3312
1553299818 49731410 218
1553299818 71782300 1173
1553299818 7.93156e+07 4110
1553299819 2.07758e+06 3062
1553299819 20198660 1606
1553299819 2.19568e+07 4817
1553299820 9.99877e+07 3171
1553299822 16797150 2683
1553299823 5.12062e+07 1335
1553299823 82849505 2319
1553299823 87675645 2454
1553299824 2178955 3224
1553299824 2.33777e+07 4146
1553299825 5.58274e+07 1291
1553299825 68362930 3737
1553299825 7.46131e+07 5062
1553299826 56604225 934
1553299826 64958355 3010
1553299828 8.81392e+06 224
1553299830 32845640 3772
1553299830 6.15156e+07 2311
1553299832 6.54609e+07 529
1553299833 5.62006e+06 382
1553299835 6.39215e+07 1762
1553299836 30841940 345
1553299836 4.19001e+07 526
1553299837 4.60392e+06 3492
1553299837 1.15664e+07 2834
1553299837 1.48756e+07 2714
1553299837 6.39106e+07 2054
1553299837 8.23507e+07 596
1553299838 3.42823e+07 7047
1553299838 8.65786e+07 469
1553299839 3.81627e+07 472
1553299839 4.37531e+07 171
1553299841 9542640 505
1553299841 46016550 430
1553299843 45342410 4456
1553299843 9.64466e+07 2126
1553299844 21160365 178
1553299844 46652180 130
1553299844 4.94167e+07 156
1553299844 51721065 158
1553299845 4.0699e+07 2183
1553299845 4.54439e+07 1794
1553299845 68343980 2786
1553299846 46538655 346
1553299847 59370040 279
1553299847 96470375 144
1553299847 99814055 609
1553299848 8.65596e+07 441
1553299849 2.77696e+07 5527
1553299852 67723420 380
1553299857 60583315 291
1553299858 6.73378e+07 756
1553299862 39136785 257
1553299863 47869645 4593
1553299863 62647590 374
1553299864 9.5928e+07 3528
1553299865 2.0151e+07 393
1553299865 55747925 1083
1553299868 3.70415e+06 2959
1553299868 76154345 1165
1553299872 8831905 638
1553299872 4.99918e+07 3626
1553299872 93480180 3994
1553299873 8.56433e+06 659
1553299873 2.5812e+07 131
1553299876 9.40511e+07 440
1553299878 8.83577e+07 4113
1553299879 3.84376e+07 3623
1553299879 4.39556e+07 483
1553299880 5.1874e+06 366
1553299880 2.2647e+07 4489
1553299880 2.22882e+07 4327
1553299880 25267470 519
1553299882 6.41258e+07 658
1553299883 98322540 5782
1553299884 93803780 3452
1553299885 84091760 1118
1553299886 20610135 1775
1553299886 3.79013e+07 904
1553299888 37343435 3916
1553299890 39784505 3208
1553299891 82654135 1163
1553299893 53337310 5987
1553299894 72436985 4521
1553299895 3.70484e+07 1446
1553299895 72538645 690
1553299895 8.17985e+07 1538
1553299898 11034475 3346
1553299898 3.56759e+07 2072
1553299898 4.81277e+07 3372
1553299899 32134535 674
1553299900 1.64219e+07 1826
1553299900 8.87246e+07 1940
1553299904 2.84433e+06 370
1553299904 3.82521e+07 246
1553299904 87948280 377
1553299905 8.8961e+07 358
1553299907 1282785 4036
1553299910 8.30642e+07 880
1553299911 69423190 1087
1553299911 97410660 899
1553299914 1.4518e+07 294
1553299915 2.99535e+07 4341
1553299916 51862235 4060
1553299916 92001125 3238
1553299919 35305110 399
1553299920 87421325 309
1553299920 88584900 5255
1553299923 54300925 6584
1553299923 72937350 1195
1553299924 26934360 479
1553299924 3.89629e+07 441
1553299924 4.89634e+07 256
1553299925 62043740 164
1553299925 5.6524e+07 1951
1553299927 4422545 126
1553299928 25251230 2182
1553299929 3.84306e+07 4215
1553299929 93468360 1836
1553299930 75372620 3553
1553299930 7.98463e+07 3764
1553299930 89318555 2265
1553299931 10359405 1102
1553299932 3.92764e+07 292
1553299932 6.76138e+07 1077
1553299935 28780580 571
1553299937 2395585 275
1553299937 61578830 3759
1553299939 216558 4583
1553299941 31180225 2510
1553299945 2.36141e+07 609
1553299945 90437225 779
1553299948 4.27457e+07 388
1553299949 8.40829e+07 566
1553299951 83288040 164
1553299954 4072810 1952
1553299954 2.8323e+07 4709
1553299955 1.68588e+07 146
1553299955 2.16458e+07 1152
1553299955 79568705 1086
1553299956 80363505 154
1553299957 64075260 868
1553299958 4.70682e+07 3811
1553299958 5.05088e+07 3617
1553299959 56002120 295
1553299959 94649320 97
1553299960 17151850 3257
1553299960 29016395 1998
1553299960 83587390 2764
1553299961 74579400 5198
1553299962 8666385 2360
1553299962 5.38107e+07 307
1553299965 2.1056e+07 3655
1553299965 77389800 721
1553299966 32136725 2698
1553299966 3.80696e+07 4478
1553299966 5.50713e+07 3916
1553299966 7.86496e+07 266
1553299968 5.28046e+06 4402
1553299970 35028220 2333
1553299971 6.72387e+06 571
1553299971 40866170 2363
1553299971 7.1472e+07 4133
1553299972 3.96423e+07 2370
1553299973 33849200 1141
1553299978 56725945 4174
1553299982 6.00027e+06 5306
1553299982 76241900 3854
1553299984 3.57026e+07 2920
1553299985 5.55001e+07 385
1553299987 4.25447e+07 2463
1553299991 1193790 2786
1553299992 12026990 200
1553299998 6.55977e+07 120
1553300000 1.85559e+07 145
1553300001 1.02984e+06 153
1553300001 7.05247e+06 1029
1553300006 24817055 716
1553300007 3.80302e+07 1335
1553300008 5.65066e+06 1618
1553300010 7646110 3481
1553300012 17211045 2113
1553300012 55409700 567
1553300013 2.58639e+07 5421
1553300015 18809470 2893
1553300017 4.06363e+06 2519
1553300017 29930955 2493
1553300020 15551830 1192
1553300021 17742105 406
1553300021 6.69274e+07 1965
1553300021 8.81922e+07 3461
1553300025 1524410 2555
1553300025 5.30397e+07 3204
1553300027 51577730 125
1553300028 72762860 3511
1553300028 82548995 3318
1553300031 1.66601e+07 395
1553300032 99211145 464
1553300033 6.38134e+07 4378
1553300034 1.48969e+07 602
1553300035 3.35332e+07 1051
1553300035 88727135 255
1553300037 55381455 304
1553300038 74266745 1978
1553300041 17372335 168
1553300041 8.34044e+07 3794
1553300042 63348935 128
1553300046 1.87158e+07 282
1553300046 75252350 2426
1553300047 7.4758e+07 474
1553300048 28432305 2423
1553300048 4.13181e+07 940
1553300048 77862465 1766
1553300051 4.83853e+07 2534
1553300051 66548915 2947
1553300052 2.89773e+06 6044
1553300052 90558115 518
1553300053 24910670 3643
1553300053 36804505 2793
1553300055 9.20694e+07 229
1553300056 37499125 769
1553300058 55146950 3381
1553300060 1.32087e+07 3225
1553300060 6.03837e+07 222
1553300062 5.24933e+07 3994
1553300064 10475130 472
1553300064 3.34945e+07 471
1553300065 4.71626e+07 1809
1553300066 38866700 5944
1553300067 58441880 1208
1553300071 73598110 7842
1553300072 24299395 174
1553300072 36022180 3413
1553300075 1.90347e+06 1154
1553300075 6633155 2302
1553300075 4.36719e+07 621
1553300075 83001250 144
1553300079 75351180 3141
1553300080 89366540 1653
1553300081 4.80186e+07 6516
1553300081 4.93421e+07 3249
1553300083 1.58712e+06 2163
1553300085 7.30378e+07 2896
1553300087 1.52228e+07 690
1553300087 4.43169e+07 175
1553300091 6011045 3426
1553300092 62295270 2693
1553300092 91841345 3740
1553300093 5.45008e+06 6465
1553300095 7.39155e+07 2550
1553300096 280055 849
1553300100 3406405 168
1553300100 86495270 3690
1553300102 5.34277e+07 2812
1553300103 37180285 2639
1553300109 14586940 4008
1553300110 3.60815e+07 3233
1553300110 50592615 2175
1553300114 49191260 208
1553300115 39178140 1952
1553300118 6.57794e+07 2656
1553300119 2.59636e+07 1644
1553300119 8.26424e+07 464
1553300122 40874510 438
1553300122 5.15778e+07 1008
1553300125 37183210 2331
1553300127 7.22297e+07 738
1553300128 1.00344e+07 4002
1553300128 42330295 1704
1553300129 5.33917e+07 645
1553300130 45681560 2303
1553300134 2.64919e+07 543
1553300137 8.71377e+07 2953
1553300138 79229160 963
1553300139 47119855 175
1553300144 73379565 4201
1553300145 42950500 1139
1553300145 61486250 403
1553300148 65143250 165
1553300149 1.76282e+07 146
1553300152 10712155 492
1553300156 8.51498e+07 343
1553300156 98618035 784
1553300157 6.81538e+07 381
1553300159 59746895 2529
1553300162 5.25536e+07 382
1553300162 9.98354e+07 4040
1553300164 2.48189e+07 1391
1553300166 7.40735e+07 130
1553300168 3556230 2747
1553300168 4.96699e+07 4660
1553300170 9938550 502
1553300173 82614975 1686
1553300174 3606385 4023
1553300177 64746990 7383
1553300178 86495555 131
1553300178 8.91893e+07 654
1553300179 7.0683e+07 3552
1553300180 7.16441e+07 2975
1553300183 3.63603e+07 378
1553300183 91725230 233
1553300185 8.39958e+07 1914
1553300187 9.79719e+07 3804
1553300188 24249825 1146
1553300188 96498605 4200
1553300189 2.15748e+07 3259
1553300190 58838505 464
1553300190 8.53666e+07 2851
1553300191 8.94934e+07 721
1553300192 1.87131e+07 525
1553300194 84803835 2188
1553300194 22537355 94
1553300196 3.95349e+07 5957
1553300196 5.79057e+07 3234
1553300196 7.23128e+07 688
1553300197 1.02166e+07 332
1553300197 81849695 2674
1553300200 19199800 200
1553300200 8.68044e+07 4223
1553300201 43446845 2090
1553300201 8.21176e+07 117
1553300203 18607140 2470
1553300203 81299295 420
1553300205 34016255 699
1553300205 4.63044e+07 833
1553300211 1.97082e+07 3020
1553300213 7.23036e+07 4111
1553300215 8.52334e+07 3192
1553300217 5.46007e+06 695
1553300217 39278040 622
1553300218 2.47636e+07 3711
1553300219 99344210 1299
1553300220 6.60587e+07 210
1553300222 32525175 3643
1553300223 3.71699e+07 263
1553300224 39667240 5634
1553300224 39667340 916
1553300224 3.96675e+07 684
1553300224 4.00998e+07 2544
1553300224 40573220 1194
1553300224 40946765 3973
1553300224 41756750 3689
1553300224 4.20161e+07 3891
1553300224 4.24384e+07 1397
1553300224 42759265 3533
1553300225 5231255 124
1553300227 55337225 3518
1553300227 69680410 3960
1553300228 7638395 3334
1553300229 13031845 4109
1553300229 86066420 1072
1553300230 64199395 375
1553300230 9.05299e+07 1187
1553300231 63008110 994
1553300232 8.81324e+07 1462
1553300232 89915815 3233
1553300234 39934950 3012
1553300235 46723470 176
1553300235 7.90244e+07 3548
1553300237 1.51052e+06 4296
1553300240 53800025 523
1553300242 6.93549e+07 4122
1553300243 31176625 401
1553300244 2.43343e+07 2782
1553300244 86791130 1171
1553300246 5.03282e+07 1257
1553300246 8.73814e+07 2303
1553300249 83523625 322
1553300252 199588 590
1553300252 1800315 481
1553300252 1902655 422
1553300252 3.04949e+06 435
1553300252 3.43287e+06 443
1553300252 3.43347e+06 69
1553300252 3.94185e+06 129
1553300252 4.08167e+06 49
1553300253 3560765 296
1553300255 62197470 3411
1553300255 9.50007e+07 3510
1553300255 5.60882e+07 153
1553300255 90642150 3323
1553300257 4.39496e+07 2956
1553300257 45690985 2739
1553300257 59134235 391
1553300258 1.07586e+07 248
1553300258 12768580 939
1553300258 60042550 2909
1553300260 6.1979e+07 4237
1553300260 65914160 3163
1553300262 9.06299e+07 5656
1553300263 79701625 3447
1553300263 95649990 2321
1553300266 47490565 107
1553300268 74552545 3332
1553300270 40495230 3080
1553300270 63391220 3537
1553300271 2.98629e+06 363
1553300271 78917470 2005
1553300274 12058665 3676
1553300274 10482730 4230
1553300274 51514950 3266
1553300277 9.78137e+07 185
1553300278 5.138e+07 3696
1553300278 61465980 2963
1553300280 1.72695e+06 4296
1553300282 4.53889e+07 1017
1553300283 7.91987e+07 1535
1553300286 79288685 3383
1553300287 4.43036e+07 1023
1553300287 4.54388e+07 4900
1553300288 74469205 1954
1553300289 7.61841e+06 264
1553300290 31462540 513
1553300290 84702635 299
1553300291 21655285 438
1553300293 76214755 2000
1553300295 93314405 778
1553300296 8.16031e+07 2379
1553300296 9.37968e+07 2445
1553300298 78159250 127
1553300299 52057470 511
1553300299 75494950 1821
1553300302 6979375 143
1553300306 4.61793e+07 4228
1553300306 6.80295e+07 199
1553300306 69618475 173
1553300310 9335205 3565
1553300311 6.7442e+06 537
1553300312 4.75808e+07 413
1553300312 51443590 1544
1553300313 44692315 2459
1553300313 4.65381e+07 2595
1553300313 6.41492e+07 413
1553300314 79377185 2734
1553300315 1.33139e+07 5977
1553300315 81997750 1332
1553300315 59921040 3831
1553300317 9.75612e+07 3249
1553300319 2.95729e+07 390
1553300322 2939325 486
1553300322 4.36999e+07 586
1553300322 76484070 2803
1553300324 168295 234
1553300324 9.78585e+06 484
1553300326 26930310 5833
1553300326 9.60366e+07 252
1553300328 1.8594e+07 323
1553300328 6.32885e+07 327
1553300329 8.49991e+07 92
1553300330 3.71616e+07 966
1553300330 4.22777e+07 165
1553300330 49497960 204
1553300330 60903225 3919
1553300331 20858010 2739
1553300331 8.1754e+07 514
1553300332 4.12976e+07 4296
1553300332 62811320 3671
1553300336 17445910 3226
1553300336 3.54272e+07 3357
1553300336 80790215 1926
1553300339 9.79551e+07 686
1553300340 4.08266e+07 737
1553300342 5.55177e+07 2924
1553300342 60790435 3147
1553300343 39943770 196
1553300343 51384115 1361
1553300343 6.51637e+07 5684
1553300343 99456820 2785
1553300344 5.00804e+07 682
1553300346 72865410 314
1553300347 8421800 4304
1553300347 82348810 728
1553300348 9.41345e+07 2951
1553300349 12897405 2446
1553300349 88787995 400
1553300353 11717260 222
1553300354 1.07937e+07 1431
1553300357 41600755 5390
1553300357 9.08761e+07 1697
1553300359 4.9158e+07 461
1553300359 7.45227e+07 958
1553300360 9.27739e+07 399
1553300361 66765300 3792
1553300362 8.64551e+07 176
1553300364 4636085 2645
1553300364 6.49817e+07 3938
1553300365 68498625 307
1553300368 69723745 292
1553300369 43406415 4132
1553300373 657472 1781
1553300377 3.65668e+07 344
1553300379 17966290 1176
1553300379 26885425 2166
1553300381 61664480 114
1553300382 1.09604e+06 3083
1553300382 84385705 7855
1553300387 4.53914e+07 3617
1553300391 34178060 3464
1553300392 3.85535e+07 937
1553300392 9.08342e+07 2262
1553300393 3.60825e+07 3182
1553300393 13880425 2168
1553300393 6.22763e+07 2442
1553300393 72873115 2317
1553300395 9.71394e+07 4507
1553300396 4.10296e+07 3717
1553300397 70051220 3488
1553300398 6.72242e+07 344
1553300398 9.82728e+06 3509
1553300400 11644040 449
1553300400 89327870 2623
1553300404 8.93713e+07 3696
1553300405 64530580 1185
1553300406 8.23312e+07 931
1553300409 7.92395e+07 435
1553300410 16585035 125
1553300410 85234605 3651
1553300414 2.39269e+06 2866
1553300415 5.15649e+07 136
1553300420 9.09593e+07 3339
1553300422 147032 646
1553300422 4.65698e+07 1147
1553300423 30371200 600
1553300423 3.33075e+07 89
1553300424 4.34091e+06 7241
1553300424 4.37917e+07 2553
1553300425 1.44104e+07 395
1553300425 3.53055e+07 434
1553300427 57699185 3371
1553300427 7.31641e+07 318
1553300427 7.52828e+07 324
1553300427 81859045 1952
1553300428 3.16711e+07 595
1553300428 78454260 2162
1553300428 98331930 3159
1553300429 695768 4494
1553300429 4422610 3990
1553300430 58199745 2359
1553300432 50290215 2945
1553300432 6.67322e+07 2317
1553300435 25363010 1297
1553300435 57595655 3440
1553300436 9.91969e+06 513
1553300437 7.63048e+07 164
1553300438 56053605 1189
1553300440 9.81136e+07 641
1553300441 2.79418e+07 82
1553300443 6.78593e+07 2884
1553300444 21285865 355
1553300444 76300460 472
1553300445 4.94367e+07 2475
1553300445 6.67081e+07 4564
1553300445 70855740 3382
1553300446 6.15791e+07 3273
1553300447 959225 2984
1553300447 88227800 669
1553300448 63620560 4041
1553300449 3.3093e+06 428
1553300449 4.92504e+07 968
1553300450 8.28266e+07 213
1553300451 6.9012e+06 396
1553300451 74255305 2592
1553300453 5.17731e+06 4029
1553300453 66143190 486
1553300453 78139110 5063
1553300455 2.17999e+07 3439
1553300455 85797160 6904
1553300457 2.52077e+07 858
1553300457 57227210 1091
1553300458 6.96622e+07 4707
1553300458 71952680 705
1553300460 1.92827e+07 2218
1553300460 6.16814e+07 116
1553300461 75820 235
1553300462 6.91459e+07 1283
1553300462 9.44754e+07 5268
1553300464 96705060 6714
1553300465 42779690 1935
1553300468 19322100 2481
1553300469 6.82649e+06 429
1553300469 69659240 747
1553300469 9.86794e+07 3190
1553300470 2.14081e+07 707
1553300472 5.60371e+07 6767
1553300472 63579345 2628
1553300472 64846250 2708
1553300472 91483470 2812
1553300473 2.09496e+07 2721
1553300475 5.48755e+07 1189
1553300475 6.37023e+07 510
1553300477 8.97979e+06 178
1553300477 4.39902e+07 1006
1553300477 5.92864e+07 1923
1553300477 9.52522e+07 4307
1553300477 2.35183e+07 376
1553300479 45298040 3361
1553300481 5.8732e+06 4016
1553300481 1.0738e+07 1642
1553300481 4.65498e+07 233
1553300481 6.71508e+07 637
1553300481 84201375 2593
1553300483 7.64835e+07 3891
1553300484 35641805 2975
1553300485 68095860 2234
1553300485 7.50078e+07 6636
1553300485 96950640 2956
1553300486 5.44215e+07 374
1553300487 4.54075e+07 2608
1553300487 59267465 2630
1553300491 2.95641e+07 612
1553300491 59869420 90
1553300493 8.51785e+07 1581
1553300496 34901215 450
1553300499 44912225 1003
1553300499 1.21121e+07 3264
1553300501 3.62171e+06 166
1553300501 1.61735e+07 5051
1553300502 21255035 6197
1553300507 3.64397e+07 1355
1553300509 37195415 241
1553300509 78079325 576
1553300509 9.90808e+07 703
1553300511 3.13922e+07 3156
1553300511 80422025 4104
1553300512 98824605 145
1553300513 31271680 2889
1553300514 41891825 838
1553300514 56217300 1281
1553300514 6.71606e+07 162
1553300515 72128315 3100
1553300520 71069890 2229
1553300521 35599675 178
1553300523 1.89622e+07 479
1553300523 11648520 364
1553300523 9.64499e+07 3184
1553300525 2.49326e+07 7435
1553300526 24665005 260
1553300527 72856410 198
1553300529 2.55035e+07 600
1553300529 29650830 478
1553300531 5.67875e+07 1980
1553300533 5.7838e+07 2392
1553300534 7.53928e+07 3683
1553300535 2.98834e+07 4561
1553300535 36173090 1310
1553300536 5.98007e+07 3187
1553300537 2.4177e+07 821
1553300540 3.69552e+07 3379
1553300540 9.57941e+07 458
1553300541 55441595 3460
1553300542 20844830 3131
1553300542 99439930 5595
1553300544 51852180 226
1553300544 77646385 2992
1553300545 37828810 4162
1553300546 1.89239e+07 409
1553300546 6.43345e+07 3151
1553300546 78435490 3452
1553300549 74106625 3402
1553300550 4.47269e+07 307
1553300550 51434795 259
1553300551 4.57629e+06 5242
1553300552 9.00015e+07 2776
1553300554 9.98929e+07 3550
1553300555 73914980 665
1553300558 5.36219e+07 2757
1553300558 89423815 313
1553300561 52610100 4346
1553300561 94550970 4063
1553300562 1.67895e+06 3848
1553300562 13106230 2401
1553300562 14448235 3261
1553300565 27241220 3490
1553300566 18619430 579
1553300567 70603395 314
1553300567 8.26447e+07 3890
1553300570 7.36101e+06 3933
1553300570 7.96132e+07 1231
1553300571 16251780 986
1553300574 43791905 393
1553300575 8.49309e+07 354
1553300576 80104560 1753
1553300580 18120990 2335
1553300582 39541885 1248
1553300582 70734370 5181
1553300582 7.36655e+07 213
1553300583 2.30656e+07 3746
1553300583 6.64606e+07 2697
1553300584 27371625 364
1553300584 5.675e+07 471
1553300585 91330065 1148
1553300586 56677655 3274
1553300587 4.28675e+06 3420
1553300587 12663610 408
1553300587 17097095 92
1553300587 5.3786e+07 108
1553300587 89405865 326
1553300588 6.88822e+07 1702
1553300588 7.67319e+07 394
1553300588 9.33351e+07 237
1553300588 95323900 400
1553300589 8.00642e+07 2752
1553300590 95862065 644
1553300597 46097555 653
1553300598 35069315 351
1553300598 5.34049e+07 355
1553300598 96322845 941
1553300599 1.42132e+07 1174
1553300599 83352910 2432
1553300601 8036885 3620
1553300601 94020590 284
1553300602 4.39147e+06 958
1553300603 22577885 974
1553300603 73038955 1070
1553300604 5.43327e+06 3312
1553300604 2.92691e+07 6556
1553300605 1.99353e+07 259
1553300606 3.3924e+07 1513
1553300607 80267360 2700
1553300609 6.35588e+06 2000
1553300609 4.5179e+07 3239
1553300610 8.04091e+06 775
1553300610 36724010 192
1553300610 91155845 3738
1553300611 11523050 6305
1553300611 5.72178e+07 459
1553300614 9.80013e+07 388
1553300615 5.3159e+07 5121
1553300616 1.31067e+07 3537
1553300616 8.84298e+07 323
1553300616 13832300 2915
1553300616 64284950 3782
1553300616 83708935 235
1553300618 1.33593e+07 246
1553300618 54464160 645
1553300619 553365 1839
1553300619 1.63309e+07 1857
1553300620 67928670 3965
1553300621 78088770 148
1553300623 4.79179e+07 443
1553300623 82238845 4406
1553300624 49840930 338
1553300624 8.64254e+07 327
1553300625 7.66648e+07 3749
1553300626 2.68902e+07 95
1553300626 4.85054e+07 298
1553300628 8.13719e+07 3165
1553300629 54628090 1042
1553300630 12633830 276
1553300630 4.84365e+07 3146
1553300632 5.24048e+06 708
1553300632 47559185 2817
1553300632 7.93326e+07 6265
1553300633 1.84302e+07 351
1553300633 3.72105e+07 1851
1553300633 7.41455e+07 1971
1553300636 9.7084e+07 198
1553300639 11282435 2782
1553300639 1.37181e+07 1055
1553300639 6.38674e+07 89
1553300639 68919250 294
1553300640 3.69397e+07 2942
1553300641 12631270 4019
1553300642 1.23678e+07 2172
1553300642 72290185 2719
1553300642 7.33874e+07 2764
1553300643 15447735 401
1553300645 2.28612e+07 427
1553300646 3.66467e+07 4060
1553300646 61022140 164
1553300647 5.24725e+06 2539
1553300649 3.33985e+07 192
1553300650 25914350 3259
1553300650 79169235 1440
1553300650 6.73677e+07 154
1553300652 86585285 889
1553300653 2.29164e+07 1072
1553300653 24754785 573
1553300654 7.18088e+07 2674
1553300655 16870745 458
1553300655 1.88058e+07 380
1553300655 3.62466e+07 1015
1553300655 6.91876e+07 227
1553300657 8.7918e+07 93
1553300658 42003385 130
1553300660 17229820 283
1553300660 53768740 1853
1553300660 90362535 3448
1553300664 6.96088e+07 715
1553300666 2.66148e+07 231
1553300666 55287015 399
1553300667 26828675 2376
1553300669 1.61908e+07 4671
1553300670 6.35915e+07 1575
1553300672 2.61421e+07 2783
1553300673 4.5187e+07 1921
1553300675 9561355 265
1553300675 32961065 2740
1553300675 93866670 2660
1553300677 1.10386e+07 3172
1553300677 2.84119e+07 1460
1553300677 53263335 1890
1553300677 86167490 85
1553300678 34564925 4354
1553300678 36082045 931
1553300678 4.38256e+07 5198
1553300679 8.20162e+07 742
1553300681 16537610 258
1553300681 7.59064e+07 2946
1553300683 8.10161e+07 2394
1553300685 57668470 2523
1553300686 7.32328e+07 3493
1553300687 93050650 492
1553300688 65558110 7016
1553300689 46085495 559
1553300690 45884015 4406
1553300690 8.66051e+07 560
1553300691 6743325 496
1553300691 7.40814e+07 3186
1553300692 4657375 1673
1553300693 5.33776e+07 2970
1553300694 49918045 2180
1553300694 9.40621e+07 2723
1553300698 1.79768e+07 96
1553300698 7.70333e+07 4446
1553300699 2.15582e+06 6219
1553300700 7.52008e+07 2918
1553300701 64147975 392
1553300703 4.20521e+07 397
1553300704 21267305 2301
1553300707 27481585 2429
1553300707 7.00896e+07 5459
1553300708 40481455 3269
1553300708 6.67606e+07 3313
1553300709 8.81731e+07 4698
1553300709 8.89135e+07 138
1553300709 31320715 3322
1553300709 34296100 2161
1553300713 29879590 213
1553300715 5.75959e+07 3170
1553300715 89055970 4835
1553300717 39777060 2864
1553300719 4.72352e+07 415
1553300720 4256025 4143
1553300720 29690650 2647
1553300720 67664720 3207
1553300721 1.95266e+07 346
1553300721 82220555 2990
1553300722 31005315 330
1553300723 14102430 2704
1553300723 6.70472e+07 3468
1553300724 4.92712e+07 437
1553300725 86188015 1079
1553300726 7.48026e+07 3216
1553300728 87373865 210
1553300729 8771970 4581
1553300729 20968320 99
1553300730 7.35573e+07 1706
1553300731 3884650 223
1553300732 4843445 432
1553300733 3.84484e+07 2636
1553300733 7.11623e+07 573
1553300735 8852135 2497
1553300736 484125 3359
1553300736 3.21435e+06 1883
1553300742 4.45398e+07 677
1553300743 89465640 241
1553300744 5.31915e+07 3459
1553300746 25770430 3069
1553300746 28845835 1491
1553300746 73479420 2438
1553300750 18072175 3966
1553300750 4.62004e+07 251
1553300750 38645575 1641
1553300750 7.12238e+07 3463
1553300750 91409355 269
1553300752 56694250 296
1553300754 49974600 3422
1553300756 2.25135e+06 3274
1553300756 1.43769e+07 3783
1553300756 17089675 5410
1553300756 2.40697e+07 4267
1553300758 76045125 227
1553300758 84545135 283
1553300760 28790295 301
1553300760 4.51838e+07 364
1553300763 25935395 6015
1553300765 4.98631e+07 244
1553300766 2.68766e+07 3301
1553300766 3.28384e+07 2546
1553300766 6.40597e+07 3796
1553300769 6.26963e+07 2734
1553300771 6.52557e+07 227
1553300773 2.69698e+07 2283
1553300776 5126220 1155
1553300777 4.10424e+06 1238
1553300777 4.81849e+07 3851
1553300778 13542120 2443
1553300778 2.86374e+07 436
1553300780 2.0619e+07 504
1553300783 62623360 643
1553300783 719450 2091
1553300783 1.547e+07 4477
1553300787 75710435 3737
1553300790 97481430 3756
1553300791 91980290 207
1553300794 79780435 619
1553300794 93221775 509
1553300795 9.66033e+07 2821
1553300796 14100695 1441
1553300796 19537510 2207
1553300797 63879950 3005
1553300799 84107140 587
1553300800 56388910 257
1553300800 6.01256e+07 2075
1553300801 1.2051e+07 2234
1553300802 1.68428e+07 5335
1553300802 4.43568e+07 2419
1553300802 71587345 2198
1553300802 7.3463e+07 6184
1553300803 55203730 340
1553300805 42325080 3334
1553300805 57154790 2688
1553300805 7.74838e+07 4278
1553300807 8636240 2791
1553300807 53378910 1880
1553300809 9877140 2790
1553300809 22412785 5770
1553300809 59072510 117
1553300809 9.71396e+07 644
1553300811 5.91238e+07 155
1553300812 51646595 3568
1553300813 73499020 2865
1553300815 52791695 2035
1553300818 2.38931e+07 4101
1553300820 3.88792e+07 3757
1553300822 51854870 360
1553300825 1.34431e+07 972
1553300828 91916910 2114
1553300828 51831795 389
1553300830 14998220 5059
1553300830 20639305 3057
1553300831 33111315 207
1553300831 36500625 123
1553300832 1597125 2433
1553300834 7.45656e+07 4787
1553300835 3.46707e+07 4322
1553300839 7.25811e+07 6071
1553300840 1.66938e+07 3534
1553300842 55794425 193
1553300844 4.8608e+06 158
1553300844 89698910 866
1553300845 6.87042e+07 173
1553300845 83811980 407
1553300846 77422250 684
1553300847 3.98084e+06 152
1553300847 13670695 573
1553300847 3.47749e+07 114
1553300848 14936740 4606
1553300848 84535485 245
1553300849 61466110 3042
1553300849 6.66623e+07 3782
1553300851 3.96719e+07 2899
1553300851 7.85472e+07 778
1553300852 64722665 5268
1553300855 1.5125e+06 3029
1553300855 4.95055e+07 286
1553300855 93272625 253
1553300857 2.25893e+07 385
1553300857 8.90956e+07 1902
1553300858 62380725 461
1553300858 7.62281e+07 634
1553300859 35344475 2352
1553300861 77096175 645
1553300862 1.6157e+07 428
1553300862 8.60553e+07 3726
1553300862 99365590 2341
1553300865 3.56447e+07 104
1553300865 36982760 373
1553300866 41439635 1333
1553300866 95349330 374
1553300868 4.51334e+06 2708
1553300868 2.17878e+07 107
1553300868 33798230 330
1553300868 44958715 597
1553300868 6.45525e+07 280
1553300869 31831180 4445
1553300872 3.81305e+07 3140
1553300876 2.97447e+07 3450
1553300876 3.74715e+07 477
1553300877 4398725 261
1553300879 5.91649e+07 1522
1553300881 1.27666e+07 6907
1553300884 2.3261e+07 1762
1553300884 9.55714e+07 268
1553300888 89162815 1957
1553300889 4439315 3290
1553300889 93926720 635
1553300890 89222415 2145
1553300891 2.96119e+07 4448
1553300891 69026475 193
1553300892 5.60295e+07 4280
1553300892 6.16929e+07 4248
1553300892 98413720 2190
1553300893 4.15811e+07 674
1553300893 49842010 1034
1553300894 99265080 496
1553300895 6.50717e+06 1449
1553300899 9.47006e+06 4514
1553300899 15101115 2445
1553300899 16982520 1729
1553300899 45860455 5207
1553300899 58333755 1241
1553300901 18406800 180
1553300901 5.61378e+07 1980
1553300901 58926755 1567
1553300903 9.29921e+07 3528
1553300906 5.21925e+07 939
1553300907 170755 4238
1553300907 5217480 4281
1553300911 12706030 2299
1553300911 2.79315e+07 460
1553300914 1.54318e+06 2348
1553300914 8.51126e+07 95
1553300914 9.60716e+07 377
1553300922 735035 7651
1553300923 7.99745e+06 379
1553300923 47677705 5836
1553300923 9.13794e+07 3823
1553300924 5.84082e+07 804
1553300924 6.46844e+07 407
1553300924 13613575 3748
1553300927 36542925 3327
1553300927 9.35525e+07 416
1553300928 7.21733e+06 197
1553300930 8.64955e+07 2363
1553300931 53030335 905
1553300932 1.54881e+07 1166
1553300932 37459435 4191
1553300933 5.60513e+07 3402
1553300935 6621625 145
1553300937 14314180 3356
1553300937 3.785e+07 1806
1553300937 58935885 174
1553300938 19810135 431
1553300940 36146140 3719
1553300943 4.24133e+07 5445
1553300946 4.96259e+06 2711
1553300946 46426480 1031
1553300947 70016750 4076
1553300948 7307550 880
1553300949 6.43972e+07 486
1553300949 6.7204e+07 174
1553300950 5.64691e+07 2390
1553300953 17447310 500
1553300953 4.88754e+07 1693
1553300956 20210300 5244
1553300957 23636975 1629
1553300957 87704280 372
1553300958 71628145 2644
1553300960 8169170 465
1553300960 24184115 1503
1553300963 3.81814e+07 230
1553300968 3.99172e+07 198
1553300969 9.2065e+07 4382
1553300969 9.87097e+07 460
1553300970 6.35939e+07 1709
1553300972 3586520 3511
1553300972 7.11705e+07 397
1553300974 7.4973e+07 1174
1553300976 39635015 363
1553300976 46136630 900
1553300978 2.1396e+06 681
1553300979 1.07526e+07 2086
1553300981 4.80903e+07 2517
1553300983 7.00306e+07 607
1553300984 61308415 442
1553300985 2.11718e+07 2242
1553300985 2.88368e+07 1701
1553300988 3.71808e+07 2260
1553300988 3.34101e+07 507
1553300988 4.54888e+07 142
1553300988 5.58894e+07 158
1553300988 5.96269e+07 2076
1553300988 8.40067e+07 209
1553300991 582438 688
1553300991 9.95808e+07 2876
1553300993 3.23187e+07 3255
1553300994 11888265 2991
1553300997 4.65995e+07 3181
1553300997 59071355 2925
1553300998 3.20529e+07 450
1553300998 53023290 5534
1553300998 6.14415e+07 2225
1553300999 2.2865e+07 5367
1553300999 4.09571e+07 489
1553300999 45475920 1575
1553300999 5.26039e+07 4138
1553300999 64161860 2877
1553301001 32908470 714
1553301001 7.45396e+07 4179
1553301003 7.44456e+07 2375
1553301004 6.19595e+07 105
1553301004 75836155 685
1553301005 5.29152e+07 2979
1553301005 7.14253e+07 1802
1553301006 59790295 3804
1553301011 1.23587e+07 160
1553301013 70029595 2813
1553301014 70395770 4663
1553301015 2.02097e+07 5181
1553301016 35323660 1890
1553301016 5.10838e+07 7161
1553301017 2.97227e+07 409
1553301017 51474365 607
1553301018 6.35725e+07 7011
1553301019 9.32816e+07 6208
1553301022 19242810 1479
1553301022 58766815 223
1553301023 6.23996e+07 2228
1553301023 82581335 165
1553301023 9.87817e+07 428
1553301024 38530755 475
1553301024 69386195 3164
1553301025 28712580 263
1553301026 36597545 3322
1553301026 9.41767e+07 621
1553301027 5.87856e+07 740
1553301027 94246545 4433
1553301028 82008900 304
1553301033 6.44395e+07 457
1553301034 5.55561e+07 451
1553301037 7163700 398
1553301037 4.33013e+07 502
1553301038 8.88439e+06 2192
1553301038 64092050 531
1553301039 8.49006e+07 6452
1553301041 39543340 4921
1553301042 2.16538e+07 309
1553301042 3.43707e+07 7342
1553301042 76834790 2500
1553301043 4.14263e+07 5236
1553301043 5.46769e+07 938
1553301043 6.0467e+07 141
1553301046 7.92674e+07 101
1553301046 9.32534e+07 1236
1553301047 27473225 2416
1553301049 1.06954e+07 3300
1553301051 3.82953e+07 2017
1553301051 4.37649e+07 180
1553301053 3.91668e+07 485
1553301053 4.72224e+07 425
1553301054 38696680 603
1553301056 6.97527e+07 121
1553301056 9.27184e+07 4401
1553301059 3.76457e+07 986
1553301059 5.79545e+07 69
1553301059 8.57779e+07 191
1553301061 1.52869e+07 364
1553301061 97441220 2920
1553301062 4.63617e+07 156
1553301065 17500060 2797
1553301065 8.44388e+07 398
1553301066 11626065 627
1553301066 6.93861e+07 3245
1553301067 32906740 314
1553301067 6.2545e+07 427
1553301070 2.72132e+07 2715
1553301070 2.97096e+07 3162
1553301070 8.30538e+07 326
1553301072 9.05682e+07 3551
1553301073 1.39205e+07 3299
1553301074 80627005 4011
1553301075 6.36215e+06 4058
1553301075 69577945 370
1553301076 4.54322e+07 2303
1553301078 3.69915e+07 3382
1553301080 10031220 426
1553301082 6.10318e+07 930
1553301082 92367195 2976
1553301083 48293430 348
1553301085 37603225 271
1553301085 9.15513e+07 1213
1553301087 65001630 3821
1553301087 6.94368e+07 3437
1553301087 84538870 3396
1553301088 7.25528e+06 1348
1553301088 1.45054e+07 1560
1553301089 18388200 350
1553301092 2.37402e+07 446
1553301093 53746230 377
1553301093 7.30884e+07 271
1553301093 74395080 255
1553301094 1.20284e+07 224
1553301094 5.86639e+07 1275
1553301096 5.12498e+07 2938
1553301096 8.23615e+07 5243
1553301097 18466065 520
1553301097 5.252e+07 168
1553301098 28484410 3721
1553301099 8.58623e+07 3914
1553301100 99501610 1131
1553301101 6.23812e+07 181
1553301101 7.17026e+07 123
1553301107 68436865 246
1553301111 7.04805e+07 484
1553301114 5.51678e+07 835
1553301115 5.48626e+07 2741
1553301115 2.44683e+07 669
1553301117 43133945 3939
1553301117 87087595 560
1553301118 94634385 2748
1553301119 42121730 1707
1553301119 79469530 256
1553301120 76759800 4214
1553301121 97295060 3803
1553301124 28769655 279
1553301124 4.32698e+07 192
1553301125 2.05802e+07 3458
1553301125 96972325 2155
1553301126 4.02438e+07 3998
1553301126 95318720 3318
1553301129 6.51022e+07 114
1553301130 4.66419e+07 6636
1553301131 42101705 457
1553301133 8985540 167
1553301133 9.80621e+07 3339
1553301135 2.11897e+07 1468
1553301137 83351305 1179
1553301138 7870015 148
1553301138 3.39751e+07 376
1553301139 61083900 336
1553301139 6.8043e+07 447
1553301139 7.73082e+07 78
1553301140 87517995 3503
1553301143 6.61277e+07 3239
1553301144 8.75528e+07 278
1553301147 8.28673e+07 2125
1553301147 8.9632e+07 419
1553301148 7.78638e+07 3876
1553301148 7.98789e+07 3309
1553301150 4.03308e+06 3864
1553301150 4.25754e+07 3204
1553301151 7.50468e+07 4250
1553301152 57138905 307
1553301153 52545255 3238
1553301154 47599485 3836
1553301154 7.37428e+07 276
1553301154 2.57794e+07 2195
1553301156 2.60263e+07 604
1553301157 9.97375e+07 119
1553301158 9.24578e+06 237
1553301158 30807875 192
1553301158 45374840 2200
1553301158 49734955 3239
1553301159 1018495 4307
1553301159 34073765 114
1553301161 4.71905e+07 282
1553301166 30524520 209
1553301167 2.64821e+07 651
1553301170 6.6663e+07 627
1553301171 53369835 2763
1553301173 87190970 788
1553301176 51689595 1169
1553301176 7.8824e+07 2690
1553301176 88541835 4442
1553301177 4.54369e+07 909
1553301180 47921985 347
1553301181 74357825 3066
1553301183 62002495 4029
1553301183 99701660 145
1553301184 61040090 1336
1553301187 3.20752e+07 962
1553301187 75310865 3674
1553301190 94843325 7552
1553301191 6.97952e+07 332
1553301192 7.94983e+07 7027
1553301193 5.36612e+06 2693
1553301195 2.42956e+07 392
1553301197 1320080 899
1553301197 63522365 2278
1553301197 78751270 2377
1553301198 60333270 666
1553301199 43218105 3433
1553301201 6059670 2281
1553301201 14486755 2355
1553301201 7.18769e+07 5731
1553301203 47847290 359
1553301205 7.18582e+06 770
1553301205 89190075 2417
1553301208 79583300 4267
1553301211 47392380 179
1553301214 22180450 2426
1553301217 58593350 739
1553301218 17264285 617
1553301221 37034435 3244
1553301221 40585210 938
1553301223 785322 556
1553301223 49026540 2976
1553301225 3.66783e+06 3815
1553301226 8.82878e+07 2020
1553301228 58710855 4750
1553301228 8.61173e+07 2374
1553301229 5.51712e+06 3552
1553301229 65711995 165
1553301229 82117535 704
1553301230 4.2526e+07 135
1553301234 7.72551e+07 327
1553301235 79093860 3968
1553301237 2.89413e+07 3233
1553301237 73072005 2070
1553301238 6.46331e+07 1347
1553301239 24043850 2674
1553301240 89053740 2192
1553301241 18154580 321
1553301242 25923350 7409
1553301244 37142160 2188
1553301246 4.11644e+07 149
1553301247 8.9613e+07 379
1553301248 65492815 3749
1553301250 48739100 3360
1553301251 3.36481e+07 1135
1553301252 2.10473e+07 3250
1553301252 24964620 3310
1553301254 62472970 348
1553301256 55928920 358
1553301257 41716085 253
1553301258 57750940 2957
1553301260 42601065 2449
1553301260 64654045 1195
1553301261 3.28762e+07 1066
1553301261 66098110 1692
1553301262 1.68032e+07 232
1553301263 35156310 3249
1553301265 63116040 202
1553301265 7.88497e+07 1049
1553301266 7.33714e+06 1672
1553301266 25176630 7205
1553301266 8.00838e+07 2653
1553301269 4.06405e+07 218
1553301269 67354260 3510
1553301271 12451460 3313
1553301271 9.73284e+07 561
1553301272 900398 225
1553301274 35287150 2420
1553301275 68272900 146
1553301280 5.50945e+07 533
1553301281 77005250 321
1553301283 6.91925e+07 394
1553301287 2.9617e+07 2394
1553301288 8.97991e+06 310
1553301288 5.25671e+07 1129
1553301289 76102010 469
1553301290 5.12196e+07 3369
1553301290 60588230 2710
1553301291 81327050 441
1553301293 2199745 370
1553301295 3.18706e+07 4584
1553301296 27398595 2748
1553301296 8.25265e+07 5975
1553301298 79313100 2710
1553301303 72609565 3907
1553301303 78859610 3481
1553301304 29378270 3383
1553301305 82141105 4612
1553301307 57524145 3886
1553301308 37247195 224
1553301308 9.98547e+07 3322
1553301310 14949125 1287
1553301310 16668305 593
1553301312 9.82292e+07 319
1553301316 20374670 325
1553301318 2.97388e+07 3322
1553301318 4.57798e+07 6784
1553301319 8.78472e+06 280
1553301319 30552815 605
1553301321 6.60544e+07 3244
1553301321 78321450 2727
1553301322 3.66783e+07 413
1553301322 51720045 436
1553301323 2.45598e+07 137
1553301326 8222240 493
1553301326 4.23571e+07 2575
1553301328 13580465 2221
1553301329 24807185 475
1553301331 24864610 380
1553301332 4.06684e+07 118
1553301332 1.5398e+07 4077
1553301334 5.83762e+07 647
1553301334 62166940 2519
1553301337 37852135 128
1553301337 4.2018e+07 5158
1553301337 81410530 2119
1553301338 9.09921e+07 259
1553301339 9.03283e+07 2793
1553301340 28238365 3436
1553301340 6.47768e+07 6929
1553301342 58991925 132
1553301342 7.2304e+07 3759
1553301343 27786635 4382
1553301344 88697795 2873
1553301345 4.54377e+07 602
1553301345 75355605 1693
1553301345 87368805 95
1553301345 9.7044e+07 2250
1553301348 87939325 800
1553301349 93450230 4599
1553301354 3.98532e+07 3651
1553301355 1758825 5689
1553301355 3.74171e+06 2825
1553301355 4.76163e+07 516
1553301355 5.38415e+07 259
1553301355 9.871e+07 5134
1553301356 3.01855e+07 3633
1553301359 7.13579e+07 2176
1553301361 33606195 3356
1553301361 8.46711e+07 2448
1553301362 3.27946e+07 244
1553301363 31638230 4319
1553301364 4204060 385
1553301364 2.87721e+07 234
1553301366 32856495 135
1553301366 59308145 521
1553301366 63238910 395
1553301368 25288480 5043
1553301368 44369800 2906
1553301369 38540485 876
1553301369 87541105 7444
1553301371 7.7036e+07 1256
1553301372 7.76278e+07 580
1553301375 27370395 2282
1553301376 28259910 117
1553301377 1.57182e+07 2936
1553301377 4.12555e+07 475
1553301377 94473410 364
1553301377 1.92709e+07 1023
1553301377 36779250 2490
1553301379 3.96887e+07 618
1553301385 48811050 4855
1553301387 15854715 3549
1553301387 2.3607e+07 2728
1553301387 5.02593e+07 246
1553301388 1.6823e+07 149
1553301388 29077320 297
1553301391 1.28054e+07 549
1553301391 75487700 4407
1553301392 44440290 1523
1553301392 54268040 508
1553301392 69339420 133
1553301395 7.53237e+06 6235
1553301396 68720685 2934
1553301396 81808440 3190
1553301397 66777140 1300
1553301397 9.16259e+07 335
1553301401 2.40786e+07 426
1553301401 59094425 3033
1553301401 67856430 2994
1553301401 73763685 3267
1553301401 82990900 3872
1553301404 6.7856e+07 387
1553301404 7.09005e+07 290
1553301404 9.38672e+07 2796
1553301405 1930560 823
1553301406 4.04863e+07 3224
1553301406 8.12773e+07 157
1553301408 37555660 3337
1553301408 47327450 3225
1553301408 5.98381e+07 2329
1553301410 22383700 2762
1553301411 4.55949e+07 3177
1553301411 8.62992e+07 3412
1553301412 89714105 4279
1553301413 6.2791e+07 1888
1553301413 63715020 250
1553301413 63880950 219
1553301413 6.41565e+07 136
1553301413 64171900 428
1553301413 6.42836e+07 284
1553301413 6.46118e+07 111
1553301413 6.50633e+07 214
1553301413 6.60061e+07 449
1553301413 66547645 169
1553301413 6.75386e+07 282
1553301417 31537305 689
1553301418 17827105 3071
1553301419 37008990 2773
1553301420 3.05526e+07 470
1553301420 9.61428e+07 1125
1553301420 62380620 2771
1553301422 60270900 3389
1553301422 69413510 3385
1553301424 69150545 7275
1553301425 6.62392e+07 294
1553301427 36370210 470
1553301427 6.15288e+07 2449
1553301427 8.36974e+07 90
1553301428 8.09433e+06 3401
1553301428 10419505 2766
1553301428 24266025 2324
1553301429 6881125 906
1553301429 40063545 3744
1553301430 3.98262e+07 1354
1553301431 5.25654e+07 3395
1553301431 9.86287e+07 150
1553301434 72079445 1921
1553301435 5.74558e+07 1868
1553301435 59849355 334
1553301435 61252825 433
1553301435 7.81921e+07 365
1553301436 7.01839e+07 536
1553301437 5.30473e+07 2703
1553301437 6.38217e+07 4028
1553301438 22004110 373
1553301440 7.31103e+06 572
1553301440 5.14435e+07 738
1553301442 88656925 3364
1553301444 3.51544e+07 3421
1553301445 2.93332e+06 1757
1553301445 1.49983e+07 298
1553301445 26442625 125
1553301446 6029990 4683
1553301447 3.1201e+07 95
1553301447 8.68829e+07 257
1553301450 29638820 792
1553301450 72250970 3891
1553301452 48100780 2675
1553301453 61937675 629
1553301454 99861130 370
1553301455 4552740 192
1553301455 26705685 572
1553301455 4.10722e+07 178
1553301455 5.65823e+07 125
1553301456 5.9013e+06 3691
1553301457 15772945 199
1553301461 6.88532e+07 359
1553301461 14740705 1460
1553301461 2.95724e+07 4235
1553301461 6.71413e+07 4265
1553301465 40640205 4108
1553301465 77207185 1949
1553301467 8.02706e+07 229
1553301467 85816825 468
1553301468 3.02343e+07 3640
1553301469 3.27328e+07 381
1553301471 5.13937e+07 285
1553301473 9856030 1737
1553301475 2.0743e+07 3008
1553301476 51432835 139
1553301478 1.60091e+07 570
1553301479 5.51682e+07 2893
1553301483 1.66616e+07 366
1553301483 24008625 220
1553301485 4.46974e+07 2378
1553301485 4.89562e+07 3327
1553301485 64712460 1407
1553301485 7.81673e+07 4312
1553301485 9.62641e+07 2889
1553301485 44853990 764
1553301485 9.26349e+07 3083
1553301488 50000405 114
1553301488 64583235 6764
1553301490 1.81027e+07 1306
1553301492 93950940 641
1553301493 75538845 4049
1553301493 83758475 3292
1553301494 6.34309e+07 246
1553301495 4.16143e+07 4370
1553301496 42916345 252
1553301496 85982660 389
1553301496 43055385 2075
1553301498 9.33362e+07 2226
1553301499 3.47365e+07 3235
1553301500 5.37356e+07 3051
1553301501 1.41175e+07 196
1553301501 3.40911e+07 342
1553301502 4.74122e+07 4651
1553301502 9.07427e+07 433
1553301504 17806020 3204
1553301506 34866345 626
1553301506 7.64792e+07 987
1553301507 6.97629e+07 2894
1553301508 6.31187e+07 3947
1553301508 79281140 3164
1553301511 66193205 873
1553301513 6.81012e+07 2910
1553301514 6.43956e+07 580
1553301514 97313795 2846
1553301515 4.26455e+07 1777
1553301515 7.34059e+07 2451
1553301515 96345155 5433
1553301516 37319975 443
1553301517 4.14816e+07 2181
1553301517 58948900 3158
1553301518 5.79257e+07 3272
1553301519 2.96361e+07 214
1553301521 9.77031e+07 2173
1553301526 4.02384e+07 123
1553301526 47448410 446
1553301526 8.62672e+07 3641
1553301527 44988770 2675
1553301528 9.81784e+07 3369
1553301531 78812075 2263
1553301533 56859325 3801
1553301535 4.50156e+06 3785
1553301535 6.57395e+07 2802
1553301537 8.93388e+07 105
1553301537 95376225 85
1553301538 5.72787e+07 2358
1553301538 6.28699e+07 2837
1553301539 57219265 471
1553301541 14341725 1073
1553301541 6.38271e+07 3933
1553301541 9.064e+07 3196
1553301542 66032040 7296
1553301545 5.10874e+07 103
1553301550 5.37202e+07 268
1553301551 9.23717e+07 1344
1553301552 8.91137e+07 1709
1553301552 9.7138e+07 4763
1553301553 5.35427e+07 2261
1553301554 18722805 792
1553301554 53900865 1166
1553301555 25433005 2896
1553301555 3.63696e+07 223
1553301555 92052695 889
1553301555 97414710 362
1553301560 14948235 1006
1553301560 9.93351e+07 408
1553301561 16053690 3072
1553301564 2.82682e+07 2668
1553301564 3.09034e+07 237
1553301565 1061540 1803
1553301565 78847640 90
1553301567 4.29196e+07 107
1553301567 6.74688e+07 447
1553301568 3.8256e+07 2988
1553301569 6.20226e+07 3163
1553301570 1.78547e+07 2785
1553301571 53637690 4156
1553301574 10552925 636
1553301574 99661420 3467
1553301576 3.89421e+07 3770
1553301580 18384430 1913
1553301580 34578555 237
1553301581 67642315 2009
1553301583 6.26237e+07 1772
1553301584 43303195 2770
1553301588 14261115 3166
1553301591 1.95126e+07 1455
1553301592 43159005 1370
1553301593 6.12893e+07 577
1553301593 7.36094e+07 545
1553301594 9.87613e+07 6140
1553301595 1.45378e+07 997
1553301596 84784075 2464
1553301597 23828920 390
1553301599 46089790 2713
1553301600 6.22557e+07 406
1553301600 79678785 447
1553301601 2.6872e+07 3383
1553301602 10433200 1676
1553301602 51678465 598
1553301603 54783420 2134
1553301604 2.37418e+06 700
1553301604 3.27473e+07 1340
1553301605 31084160 1027
1553301605 8.02461e+07 741
1553301606 77120365 2426
1553301607 74429240 3716
1553301608 7.15981e+07 765
1553301616 4.15119e+07 1776
1553301616 6.77068e+07 2705
1553301616 89821365 412
1553301617 3861285 292
1553301617 46365620 386
1553301617 53363970 390
1553301617 86220375 4131
1553301617 9.40125e+07 2241
1553301618 1.60259e+06 2192
1553301619 7.27423e+07 4134
1553301619 77535710 2183
1553301622 6.45197e+07 1902
1553301626 9499795 5874
1553301627 9.73776e+07 3465
1553301628 79971780 155
1553301630 4.50112e+07 201
1553301630 67891160 241
1553301630 9.57703e+07 3164
1553301630 97015895 3697
1553301633 5.90101e+07 3984
1553301633 82708410 701
1553301635 7.87044e+07 426
1553301636 6.81554e+07 1781
1553301636 79374310 664
1553301638 7849955 2870
1553301639 1.763e+07 443
1553301639 3.80682e+07 1985
1553301639 91586125 2656
1553301641 63542175 3290
1553301642 7.81717e+07 2757
1553301643 76556845 159
1553301644 1.22243e+07 231
1553301644 1851550 3915
1553301644 28814270 2188
1553301646 7906130 6492
1553301648 5.80406e+06 4449
1553301649 5.30968e+07 5012
1553301649 54497210 4981
1553301652 2.83642e+07 265
1553301653 2084750 2756
1553301653 4.09215e+06 3799
1553301653 18908625 907
1553301656 2.86187e+07 3664
1553301656 73645710 1469
1553301656 7.87969e+07 125
1553301658 26028645 518
1553301658 49455170 352
1553301659 7.22706e+07 4257
1553301659 89299245 5447
1553301661 8.5123e+06 4475
1553301662 53603385 3206
1553301665 57465835 1445
1553301665 86455080 3158
1553301667 4.59663e+07 3302
1553301670 41611180 1488
1553301671 4.76301e+07 2041
1553301671 4.9889e+07 411
1553301672 4.53952e+07 1601
1553301672 9.41973e+07 347
1553301673 17641010 1158
1553301673 2.87844e+07 1204
1553301676 19537995 170
1553301678 33842055 3214
1553301679 5.74637e+07 993
1553301679 1.06362e+07 2737
1553301681 3.65446e+07 507
1553301681 7.90988e+07 2178
1553301683 37934050 1066
1553301683 4.4276e+07 288
1553301683 51379440 345
1553301685 4.83495e+07 7412
1553301690 4.09804e+07 4272
1553301692 2087815 3945
1553301694 12417425 318
1553301694 18080970 411
1553301694 5.05933e+07 464
1553301695 9911420 3551
1553301696 1.51226e+07 1686
1553301696 88933230 3008
1553301697 7.15753e+06 1644
1553301697 51821225 387
1553301698 8001620 4807
1553301699 19130670 525
1553301699 7.70077e+07 3798
1553301700 40794025 2252
1553301700 4.48337e+07 5263
1553301700 4.8861e+07 1677
1553301702 33308595 251
1553301703 76191235 1176
1553301703 60751205 227
1553301703 7.73096e+07 1809
1553301706 4.24937e+06 633
1553301706 5.4987e+07 2910
1553301708 49947595 2557
1553301709 5.66673e+07 89
1553301709 7.22715e+07 2191
1553301709 7.94821e+07 1806
1553301711 30511465 854
1553301713 2.68387e+07 367
1553301713 3.38841e+07 487
1553301714 5.7135e+07 287
1553301718 97862900 4246
1553301718 45823590 292
1553301720 87248170 342
1553301721 55165345 656
1553301723 9232220 248
1553301723 8.97141e+07 2744
1553301724 25620270 402
1553301724 7.4789e+07 158
1553301724 86351150 601
1553301725 12774865 6082
1553301725 5.11385e+07 1711
1553301725 95220350 470
1553301725 98863210 157
1553301727 5.04749e+06 4046
1553301728 86066235 927
1553301728 9.57016e+07 3197
1553301729 28055880 218
1553301729 6.2522e+07 374
1553301731 59258610 550
1553301732 32978265 2371
1553301733 2.90922e+07 4290
1553301733 6.85744e+07 1472
1553301734 3793795 333
1553301734 69770895 846
1553301735 8.70096e+06 3809
1553301735 76944570 290
1553301735 85633950 5033
1553301735 8.68291e+07 285
1553301736 31981360 3488
1553301736 4.73543e+07 2921
1553301737 5.19956e+07 421
1553301738 61157460 5983
1553301738 9.05892e+07 4233
1553301739 5.07389e+07 310
1553301740 36973555 2780
1553301741 35634140 2791
1553301741 7.91323e+07 2363
1553301742 13053565 816
1553301742 4.0166e+07 346
1553301742 43052720 589
1553301742 8.42625e+07 2595
1553301743 299922 3741
1553301743 71837280 381
1553301744 1.85046e+07 175
1553301744 48975155 4730
1553301745 41666290 85
1553301747 30668645 194
1553301747 46703510 789
1553301748 4.41546e+07 3784
1553301749 3.02886e+07 186
1553301749 4.38985e+07 3467
1553301749 6.86456e+07 3107
1553301749 97753150 3429
1553301750 6.8291e+07 129
1553301751 8965640 295
1553301751 41430395 801
1553301751 4.61807e+07 440
1553301753 76921575 371
1553301755 3.07066e+07 182
1553301757 482385 143
1553301757 8.28092e+07 3658
1553301759 3970805 174
1553301760 11844425 448
1553301760 3.88598e+07 186
1553301761 6.43378e+07 3341
1553301762 69099310 1515
1553301762 8.06191e+07 3889
1553301765 64286650 576
1553301767 82831235 2794
1553301770 5.32268e+07 501
1553301770 8.31563e+07 2360
1553301771 829840 3865
1553301771 58668860 771
1553301771 8.55917e+07 2474
1553301772 8.76778e+07 2905
1553301773 2.02422e+07 323
1553301775 7.30695e+06 130
1553301775 2.49935e+07 843
1553301775 6.57131e+07 2751
1553301775 79365710 2203
1553301776 9.84468e+07 651
1553301777 6.92909e+07 1932
1553301777 7.36472e+07 2564
1553301777 8.68645e+07 2932
1553301779 866278 4087
1553301779 73274665 385
1553301780 2.46075e+07 283
1553301784 5.95821e+07 406
1553301786 6.87874e+07 678
1553301789 4.83861e+07 2945
1553301789 5.7889e+07 361
1553301790 8.6442e+07 3489
1553301791 11562485 3294
1553301794 1.05483e+07 3372
1553301795 4.71106e+07 3355
1553301796 6259640 110
1553301798 5.80518e+07 2177
1553301799 88060035 219
1553301800 5.9049e+07 1621
1553301802 7.46435e+06 4164
1553301802 27553730 4311
1553301802 57167440 5125
1553301802 92675410 177
1553301803 5.28218e+07 3442
1553301804 2.96281e+07 242
1553301804 48148470 1436
1553301804 2934270 3364
1553301807 6.43581e+07 167
1553301807 9.57603e+07 1124
1553301808 6.58104e+07 2677
1553301809 53993480 506
1553301811 4.55193e+07 184
1553301811 47198095 231
1553301811 9.05916e+07 3683
1553301813 12744320 1323
1553301817 7.85606e+07 220
1553301819 12756710 386
1553301821 4.68849e+07 2968
1553301823 1.38993e+07 2410
1553301823 4.00592e+07 1642
1553301824 23811845 147
1553301824 90158025 2457
1553301825 8979195 2883
1553301827 7.3094e+06 3494
1553301827 24078430 387
1553301828 42861555 2289
1553301830 7.76757e+07 306
1553301831 63715740 130
1553301833 14191825 3375
1553301833 50857830 928
1553301835 8.82883e+07 149
1553301836 5.10209e+07 3946
1553301836 78704660 2501
1553301837 3036980 936
1553301837 1.52881e+07 224
1553301837 4.57688e+07 355
1553301837 47872940 664
1553301838 98679805 383
1553301839 74549995 4007
1553301839 98232545 2922
1553301840 38406415 562
1553301840 41467835 100
1553301842 39665965 489
1553301843 13550665 3294
1553301843 2.11192e+07 3276
1553301843 41334165 2758
1553301844 3.34742e+07 2996
1553301845 1.04025e+07 2935
1553301845 7.47185e+06 3203
1553301845 3.13202e+07 4012
1553301847 91894775 2840
1553301848 389122 2368
1553301850 3151715 1423
1553301851 1.95463e+06 2863
1553301853 35277630 3635
1553301855 70139655 568
1553301856 8.08239e+06 3724
1553301856 31512155 2461
1553301857 31168905 390
1553301859 5.64371e+06 384
1553301859 1.88255e+07 306
1553301859 27837475 6026
1553301859 76194300 3506
1553301859 55451115 490
1553301862 5.05909e+07 1403
1553301866 24069745 3120
1553301866 6.71332e+07 4155
1553301866 79283050 564
1553301867 26330320 1406
1553301867 73540700 3575
1553301869 62955470 5405
1553301873 93253665 2241
1553301874 25926835 591
1553301874 55216440 344
1553301878 49487470 3151
1553301880 5.23025e+07 396
1553301880 57557335 1164
1553301884 29173085 1142
1553301890 6737695 402
1553301890 6.68246e+07 2779
1553301890 81285130 2949
1553301893 4.36118e+07 3345
1553301895 28741715 5669
1553301897 29308395 4443
1553301900 19813990 1283
1553301905 59104275 2231
1553301906 3880040 293
1553301906 5460935 1013
1553301908 6.76419e+06 247
1553301909 2.72012e+07 365
1553301910 9.66746e+07 917
1553301915 72873705 2870
1553301918 81369415 539
1553301919 17131190 248
1553301919 42165175 1293
1553301919 67356810 699
1553301921 20681250 215
1553301923 70223420 106
1553301924 1.44088e+07 586
1553301927 7.43774e+07 773
1553301929 7.4641e+07 3988
1553301934 53931780 2888
1553301939 1218575 510
1553301939 3.29589e+07 405
1553301940 32141465 5301
1553301940 9.19157e+07 527
1553301941 4.40397e+07 3549
1553301941 5.51206e+07 2445
1553301942 96571375 1946
1553301943 8.2981e+07 156
1553301944 16179910 259
1553301944 97667205 2930
1553301945 2.9893e+07 681
1553301946 2.50664e+07 389
1553301947 9.2336e+06 4234
1553301948 46640710 3828
1553301948 5.48648e+07 2396
1553301950 1.97294e+07 2859
1553301951 40875365 2708
1553301952 69934565 715
1553301952 7.69697e+07 1503
1553301953 21607295 4398
1553301953 4.79946e+07 3384
1553301955 30490470 4374
1553301955 95843820 330
1553301956 3466795 484
1553301956 2.56999e+07 1204
1553301956 44793975 3078
1553301961 1.92356e+07 3337
1553301963 1.07585e+07 2148
1553301964 19461875 158
1553301966 9.30398e+06 384
1553301966 9.41963e+07 3774
1553301966 9.94778e+07 2218
1553301968 8155620 2465
1553301968 1.48043e+07 2167
1553301968 2.25644e+07 3964
1553301969 2.03323e+07 2130
1553301969 98651820 1714
1553301970 3.67004e+07 170
1553301974 8.66552e+06 643
1553301976 53511780 1914
1553301977 7.91177e+07 1749
1553301978 8.20012e+07 329
1553301979 6.13019e+06 151
1553301980 5023450 2727
1553301981 13422345 827
1553301981 7.11166e+07 1473
1553301983 38725930 1508
1553301984 26946100 5039
1553301987 9.38992e+07 3006
1553301989 3.96482e+07 4411
1553301989 89755280 4580
1553301990 8.57388e+07 2648
1553301990 99161315 2559
1553301991 2.27165e+06 4385
1553301993 1.73864e+07 3381
1553301994 58001420 2107
1553301996 55890935 2694
1553301997 68278030 2689
1553301998 4.67523e+07 185
1553301999 1.55634e+07 768
1553301999 6.42544e+07 445
1553302002 66353505 3347
1553302004 3.70764e+07 3835
1553302005 1.91196e+06 884
1553302005 44786430 198
1553302011 3146910 6654
1553302011 2.41881e+07 631
1553302015 6.59168e+07 2222
1553302018 18640375 2792
1553302020 4.98795e+07 270
1553302021 2.06532e+07 6686
1553302022 29853740 5820
1553302022 2.06713e+07 607
1553302027 4.07216e+07 2733
1553302027 61899645 3326
1553302031 8.99095e+07 135
1553302032 14356190 3775
1553302035 8.90672e+07 3395
1553302036 8.27146e+07 1094
1553302036 88923130 344
1553302037 8.55122e+07 198
1553302038 43423855 629
1553302039 1.56567e+07 4008
1553302040 65093565 1897
1553302041 1.24268e+07 3479
1553302041 1.92901e+07 3294
1553302041 9.08266e+07 180
1553302043 1089615 491
1553302045 62071615 2503
1553302046 2.80014e+07 768
1553302048 1.76595e+07 334
1553302048 2.3605e+07 459
1553302048 34719730 764
1553302049 12416980 2400
1553302051 32827830 93
1553302053 5.09576e+07 672
1553302053 8.53679e+07 2926
1553302061 85808190 248
1553302061 62327425 5966
1553302063 5.51626e+06 482
1553302063 3.20236e+07 516
1553302064 7.70312e+07 354
1553302064 9.8403e+07 2664
1553302065 3.71492e+06 238
1553302068 8.91454e+07 1652
1553302068 96354630 3046
1553302069 4.01696e+07 2157
1553302071 3.13744e+07 1455
1553302071 59861925 1941
1553302072 18113410 626
1553302073 6.20339e+07 394
1553302074 16845655 4567
1553302075 22976030 101
1553302075 91762580 1941
1553302076 2.61728e+07 4447
1553302076 44568905 988
1553302076 84397830 416
1553302077 1912990 1433
1553302078 84796240 4577
1553302080 12134185 701
1553302082 3.25078e+07 308
1553302084 4.33125e+07 2170
1553302084 5.52312e+07 2400
1553302085 5.44535e+07 3216
1553302085 8.68018e+07 3946
1553302086 57829385 894
1553302089 36115505 4198
1553302089 55740560 2213
1553302090 7.5056e+07 1118
1553302092 62317470 2330
1553302092 9.38274e+07 2401
1553302096 44542850 327
1553302097 7.63087e+07 3356
1553302098 37823715 378
1553302099 6.86185e+07 2651
1553302100 5.83579e+07 320
1553302100 8.88792e+07 7931
1553302101 9.98722e+07 1072
1553302102 28085515 2879
1553302102 70334550 1667
1553302102 2.27277e+07 5870
1553302102 36637925 1287
1553302104 3295985 3293
1553302104 35143585 2227
1553302105 21250080 738
1553302106 62801815 1210
1553302108 1.59661e+07 143
1553302108 40088775 119
1553302110 3.2416e+07 326
1553302110 60084790 2739
1553302111 6.92646e+07 914
1553302112 12592000 227
1553302112 7.48708e+07 837
1553302114 2.54738e+07 4729
1553302115 92863270 4103
1553302117 48415045 2656
1553302118 1.96144e+07 412
1553302122 5.47298e+07 2933
1553302128 53870225 2656
1553302128 66514755 1822
1553302129 6.16909e+07 296
1553302130 8.07607e+07 5180
1553302131 4.86809e+07 328
1553302132 7.66527e+07 146
1553302134 8030950 2389
1553302134 2.30704e+07 1064
1553302134 70020795 1619
1553302134 9.65922e+07 429
1553302135 6.09152e+07 4013
1553302135 77250825 584
1553302136 1.42012e+07 672
1553302136 3.15105e+07 756
1553302136 37435925 280
1553302136 7.46048e+07 3462
1553302137 66854385 289
1553302137 74041375 894
1553302137 75435190 75
1553302137 7.90428e+07 1645
1553302138 8.21977e+07 3210
1553302138 9.21929e+07 3990
1553302139 95966750 373
1553302141 60776485 4891
1553302142 2.00679e+07 2998
1553302143 83442970 5310
1553302143 20571485 227
1553302146 8.09343e+07 4417
1553302148 1.04647e+07 585
1553302148 12232120 149
1553302148 25291160 3760
1553302149 1.58427e+07 817
1553302149 47220095 422
1553302151 6.35728e+07 1879
1553302152 9.74741e+07 2368
1553302154 4453925 526
1553302154 92143085 3889
1553302155 8.04617e+07 352
1553302157 6.34179e+06 653
1553302160 201432 3731
1553302160 1.38981e+07 1842
1553302161 7.24522e+06 126
1553302163 7.4324e+07 2471
1553302163 87063505 3885
1553302163 2.13781e+07 697
1553302165 47914835 3964
1553302166 47151815 314
1553302166 6.46101e+07 2988
1553302167 5.86191e+07 532
1553302168 3.64553e+06 413
1553302168 44801610 3484
1553302171 4.12437e+07 293
1553302171 42500310 1489
1553302172 5.70031e+07 466
1553302173 59931795 2260
1553302174 9.74648e+06 305
1553302175 8.43018e+07 291
1553302176 176910 345
1553302176 4.95309e+06 181
1553302176 2.80028e+07 498
1553302176 79164145 4561
1553302179 1.92412e+06 539
1553302180 436070 1313
1553302184 8.68853e+07 389
1553302185 5.83241e+07 3154
1553302189 1.68495e+07 643
1553302193 6.98039e+07 3440
1553302193 8.52441e+07 1459
1553302196 9.31933e+07 1304
1553302197 34820725 403
1553302197 60485690 775
1553302198 9552725 3849
1553302200 8.77507e+06 2184
1553302200 98722805 160
1553302202 3.26922e+07 1773
1553302202 52880435 386
1553302203 5.833e+07 305
1553302204 9.11214e+07 1704
1553302206 7.46726e+07 4393
1553302209 41887530 1471
1553302209 7.73833e+07 1321
1553302209 88449015 2124
1553302210 4.41617e+07 3746
1553302210 76447720 394
1553302211 6.48564e+07 3861
1553302212 2176260 3474
1553302214 3.86407e+06 172
1553302216 58129310 180
1553302216 85429145 4645
1553302217 75670005 893
1553302217 9.07752e+07 743
1553302218 5.20691e+07 2866
1553302218 63430430 4000
1553302219 36546475 4562
1553302219 52827280 3750
1553302222 19581600 3677
1553302222 2.75333e+07 6036
1553302224 85296625 305
1553302225 94946575 1486
1553302225 9.76253e+07 1677
1553302238 559272 310
1553302239 6.13961e+07 418
1553302243 7.66797e+07 3032
1553302245 70977420 2505
1553302245 89259625 2357
1553302246 3.02594e+06 1652
1553302246 47256035 119
1553302247 44541155 2758
1553302248 73173735 2954
1553302248 96996040 1128
1553302251 53165280 113
1553302252 99112375 4037
1553302253 66409745 577
1553302254 7.19816e+06 7093
1553302255 7.04428e+06 231
1553302255 30647555 3530
1553302255 85758625 1905
1553302258 8.06894e+07 3199
1553302259 6.72127e+07 109
1553302259 45283865 3216
1553302263 52048140 1461
1553302264 5.63902e+07 207
1553302265 2.42606e+07 2472
1553302265 68387305 2724
1553302266 2.49117e+07 685
1553302267 7.13648e+07 1555
1553302269 40893945 2504
1553302271 2.68673e+07 767
1553302271 59021165 156
1553302272 3.3829e+07 1983
1553302273 1.398e+07 1282
1553302273 5.41545e+07 3015
1553302274 3235565 6389
1553302275 5298335 464
1553302275 24667225 3222
1553302276 3.63167e+07 186
1553302276 87997750 1604
1553302277 3.47197e+07 2183
1553302277 90732265 374
1553302278 2.16016e+07 154
1553302278 3.53977e+07 132
1553302278 5.53276e+07 1363
1553302279 6.95576e+07 400
1553302280 69116070 3398
1553302282 20784435 5044
1553302282 63415805 610
1553302282 82105890 248
1553302286 3.17792e+07 124
1553302286 46443755 538
1553302287 42331600 88
1553302288 1.64177e+07 4216
1553302288 38077705 1193
1553302290 7.17438e+07 3531
1553302293 6.7858e+07 3170
1553302294 3.00828e+06 1462
1553302294 6.07587e+07 349
1553302296 1.20591e+07 341
1553302297 4944465 5712
1553302297 4.6998e+07 1444
1553302300 3.57432e+07 3912
1553302300 47789035 4284
1553302301 9.5604e+07 2802
1553302306 7.01066e+06 246
1553302306 93305430 4462
1553302309 2.03159e+07 3053
1553302309 9.10718e+07 1144
1553302310 15051805 2074
1553302312 26773355 339
1553302312 73808065 209
1553302312 4.3908e+07 1410
1553302312 88206700 398
1553302314 72362555 3893
1553302315 25626560 2651
1553302315 29995640 1928
1553302316 2.00462e+06 188
1553302316 3.73829e+07 3435
1553302317 6.36347e+07 1460
1553302318 40228310 3409
1553302318 51178265 3435
1553302318 5.86884e+07 1015
1553302320 6.18595e+07 848
1553302322 16953275 6258
1553302322 4.67836e+07 258
1553302322 8.6942e+07 358
1553302322 9.97952e+07 3201
1553302323 14187240 2463
1553302324 2.5525e+07 121
1553302327 6.16097e+07 1112
1553302329 9.78723e+07 3249
1553302332 1.99417e+06 374
1553302332 15202155 3899
1553302332 98264485 724
1553302335 61115415 500
1553302335 99917745 182
1553302336 1.85826e+07 3286
1553302336 5.09875e+07 2376
1553302337 76470750 4005
1553302338 56095620 348
1553302338 71878880 162
1553302340 4.11808e+07 216
1553302341 457552 394
1553302341 4.24358e+07 1681
1553302342 88100985 1742
1553302344 77946540 3033
1553302346 66387610 2462
1553302347 85360320 7207
1553302348 6.85639e+06 1880
1553302348 19854325 3911
1553302348 9.96369e+07 196
1553302349 3.84054e+07 175
1553302351 7.28751e+07 3266
1553302355 6.17455e+07 3768
1553302357 30750555 949
1553302359 79658305 3759
1553302362 11039840 3595
1553302363 79687975 2461
1553302364 8.10997e+07 4386
1553302366 2.70378e+07 260
1553302367 7.5806e+07 209
1553302368 23274165 1591
1553302368 9.71125e+07 199
1553302370 45742680 1663
1553302370 6.2759e+07 275
1553302371 1.69923e+07 1059
1553302371 23169305 858
1553302371 4.50988e+07 1365
1553302371 49188715 3298
1553302371 82141395 3260
1553302371 87177295 3586
1553302373 3.8652e+07 2403
1553302373 95671945 2133
1553302374 30194300 368
1553302375 12846300 3670
1553302376 9.34866e+07 3252
1553302380 53993930 741
1553302382 99539850 7943
1553302383 6.00053e+07 136
1553302384 30462865 1736
1553302384 65052740 3383
1553302384 99047200 1401
1553302385 7.82941e+06 685
1553302385 46581490 741
1553302385 7.63371e+07 706
1553302385 81324940 565
1553302385 90345105 157
1553302388 1.42298e+07 3399
1553302389 53900510 2939
1553302389 66049090 2561
1553302389 84482105 907
1553302390 95834080 347
1553302391 4.10991e+07 1233
1553302391 4.88433e+07 3477
1553302396 23263970 4126
1553302396 31711955 1554
1553302396 9.47455e+07 78
1553302398 39020940 820
1553302399 6.67357e+06 2440
1553302399 44758950 1137
1553302402 8487805 1125
1553302403 12121955 3268
1553302403 1.48552e+07 2848
1553302404 3.44572e+07 2668
1553302404 68727660 1416
1553302408 9.55404e+07 956
1553302409 8.9408e+06 4247
1553302409 33812280 4205
1553302409 9.11447e+07 116
1553302410 7.99538e+07 3008
1553302411 2229610 2873
1553302415 7388920 677
1553302416 3.1946e+07 849
1553302416 80789105 200
1553302417 66999430 1587
1553302418 5.59396e+07 586
1553302419 5282500 201
1553302419 42082990 2889
1553302419 65512865 3300
1553302420 9.89658e+07 3288
1553302422 14090215 93
1553302423 17896070 2195
1553302423 8.26028e+07 120
1553302423 9.81123e+07 524
1553302424 4.10165e+07 5525
1553302424 6.86132e+07 692
1553302424 8.97245e+07 3381
1553302426 8.19529e+07 96
1553302427 8.28909e+07 3530
1553302427 9.32611e+07 1442
1553302428 92269520 276
1553302429 724058 379
1553302429 36723815 2698
1553302429 3.83045e+07 2157
1553302431 57199860 2930
1553302432 93254560 1627
1553302434 3.4805e+07 3590
1553302436 35009075 3681
1553302437 1.51107e+06 323
1553302437 7.99318e+07 2884
1553302438 7.64387e+07 1310
1553302438 80021290 447
1553302439 2.17337e+07 295
1553302441 4.75446e+07 4466
1553302443 40419275 232
1553302443 5.16779e+07 747
1553302445 47141020 400
1553302445 75588375 3828
1553302445 93110840 1722
1553302446 8.36765e+07 660
1553302447 40578830 5386
1553302447 80947070 4384
1553302447 8.39566e+07 1376
1553302450 3.65344e+07 410
1553302450 6.87804e+07 1237
1553302453 1.80205e+07 598
1553302453 86952445 3002
1553302454 50870365 2934
1553302455 4.57295e+07 288
1553302456 34166215 1568
1553302456 9.08074e+07 342
1553302458 6.37357e+07 170
1553302462 51711840 2753
1553302464 53765820 455
1553302464 6.26443e+07 2011
1553302469 20107020 3653
1553302469 5.23734e+07 4298
1553302471 41570930 6864
1553302471 43131320 3825
1553302476 14924850 3788
1553302476 38201870 4469
1553302478 5.30847e+07 452
1553302479 77758450 2739
1553302480 7.70717e+07 521
1553302483 96868015 495
1553302485 4.61675e+07 168
1553302485 6.61016e+07 6573
1553302485 6.95174e+07 4584
1553302485 71252940 4085
1553302485 9.3375e+07 2752
1553302486 9.90803e+07 495
1553302487 49284270 199
1553302487 63588390 389
1553302491 2.35589e+07 1639
1553302491 72402415 179
1553302491 7.60657e+07 426
1553302492 7.03855e+07 2530
1553302496 62769700 339
1553302499 56513960 4899
1553302499 77304335 420
1553302499 8.45387e+07 157
1553302502 6.39432e+07 3382
1553302502 6.3381e+07 1207
1553302502 87554105 300
1553302504 2.55788e+07 4006
1553302504 6.97706e+07 100
1553302505 6.3591e+06 338
1553302505 70612345 2418
1553302506 46159500 4112
1553302507 37198345 2929
1553302510 592790 400
1553302510 27279430 130
1553302510 75867065 5198
1553302514 24066990 3258
1553302516 3.15938e+07 4941
1553302518 1.85458e+07 187
1553302520 5.73745e+07 356
1553302523 40150940 1077
1553302524 5511450 388
1553302524 9.94189e+07 2410
1553302526 6.03153e+07 3760
1553302526 67579745 3233
1553302527 50965805 1973
1553302527 84569865 1726
1553302528 56409095 418
1553302528 6.98771e+07 244
1553302529 38725720 4813
1553302530 4726730 173
1553302532 3.73356e+07 1325
1553302536 2.92012e+06 1661
1553302536 70264830 315
1553302537 6.8827e+07 6661
1553302537 6.86834e+06 262
1553302540 62156665 2294
1553302541 51840265 350
1553302541 5.84105e+07 2482
1553302545 50291290 3332
1553302546 8.90762e+07 817
1553302546 9.9081e+07 1578
1553302546 2.58228e+07 2916
1553302548 4.20653e+07 686
1553302549 94052740 1379
1553302549 9.63035e+07 207
1553302552 3834130 116
1553302553 7.8536e+07 702
1553302554 9.37117e+07 192
1553302557 48587605 3365
1553302558 7.25056e+07 2478
1553302561 11416040 1129
1553302561 57412725 496
1553302561 77372135 104
1553302563 1.20802e+07 472
1553302563 70305040 127
1553302565 3.9539e+07 659
1553302565 46364230 1876
1553302566 52964840 195
1553302569 26732380 4764
1553302569 3.32544e+07 3198
1553302569 49942935 3311
1553302571 41717530 563
1553302572 51092080 3802
1553302572 1.10329e+07 811
1553302572 5.46772e+07 112
1553302574 56562555 3322
1553302574 6.73054e+07 3767
1553302575 2.66139e+07 167
1553302575 4.23494e+07 1111
1553302576 4.20073e+07 868
1553302578 19996040 1008
1553302578 3.81835e+07 317
1553302578 8.99633e+07 2047
1553302580 6.31162e+07 4218
1553302581 515328 2533
1553302581 29301000 708
1553302581 7.97873e+07 393
1553302582 1.02879e+07 3891
1553302584 55015665 2497
1553302585 5.06614e+07 2992
1553302587 2.72233e+07 2730
1553302588 13900935 208
1553302588 19611715 139
1553302589 1.58272e+07 2252
1553302589 1.72208e+07 3096
1553302590 4.86488e+07 3594
1553302592 1.56833e+07 1293
1553302593 835928 447
1553302595 63583270 3378
1553302596 69087160 126
1553302597 8.85638e+07 5924
1553302598 1.3609e+07 83
1553302599 3.64744e+07 3554
1553302601 3.85088e+07 547
1553302603 7.28746e+07 4029
1553302603 5.26493e+07 265
1553302603 6.12174e+07 544
1553302605 9.97201e+07 527
1553302606 4.08359e+07 4302
1553302607 20868065 294
1553302607 6.36016e+07 196
1553302607 7.61335e+07 685
1553302608 37940745 3460
1553302608 68933435 2988
1553302609 39245655 314
1553302611 70974445 2814
1553302613 52987310 3374
1553302617 1.45372e+07 241
1553302617 22055890 372
1553302617 5.05462e+07 5316
1553302618 3.87127e+06 3887
1553302619 83801725 3005
1553302620 8.60835e+07 227
1553302620 9.44128e+07 303
1553302622 6982095 122
1553302623 3.96406e+07 112
1553302624 7.06252e+07 2411
1553302626 15090430 3452
1553302626 2.62419e+07 3366
1553302626 29700705 4970
1553302627 9.75831e+07 4306
1553302629 62524980 1287
1553302629 14876665 470
1553302629 80260020 926
1553302631 3.22641e+07 5230
1553302631 6.00138e+07 3585
1553302632 1.82251e+07 742
1553302632 25196210 610
1553302632 53902515 1939
1553302633 1.9361e+07 7862
1553302633 60216675 391
1553302634 8155155 331
1553302635 5.71691e+07 426
1553302636 69751315 654
1553302637 13555070 447
1553302637 7.38348e+07 4267
1553302640 36843040 493
1553302641 13787495 3924
1553302641 63366550 309
1553302642 7.97224e+07 6310
1553302643 83250425 287
1553302644 3.28803e+07 2237
1553302644 9.73035e+07 1375
1553302645 4.99555e+07 2967
1553302647 95457230 2702
1553302647 1.69962e+07 215
1553302650 19418735 471
1553302653 41519565 1326
1553302654 89863065 300
1553302657 4.67857e+07 2933
1553302658 4.13252e+06 250
1553302658 43813395 523
1553302659 68469250 630
1553302660 5.13895e+07 3972
1553302660 7.317e+07 7267
1553302662 2.07767e+07 2658
1553302662 97601920 249
1553302664 28620640 5665
1553302664 2.0251e+06 1514
1553302664 10821995 1816
1553302666 3.81629e+07 2093
1553302667 3.52393e+07 3693
1553302667 4.08864e+07 2864
1553302667 8.59523e+07 178
1553302668 2.2864e+07 1020
1553302668 68822600 3557
1553302672 4.00022e+07 2901
1553302672 46137185 2799
1553302676 5.53068e+07 614
1553302678 8.09454e+07 7633
1553302681 19721280 368
1553302681 75280105 3745
1553302681 7.6775e+07 4054
1553302683 30902225 1711
1553302685 3814430 3185
1553302686 3.15461e+07 516
1553302686 62039690 331
1553302687 7.94622e+07 416
1553302688 6.83675e+06 436
1553302688 29196555 4008
1553302688 37909845 3711
1553302689 9252475 388
1553302689 27106675 385
1553302690 80801440 125
1553302691 2.31584e+07 755
1553302691 96962495 3447
1553302692 4.83038e+07 423
1553302693 2.54515e+07 3229
1553302695 14476945 2431
1553302695 77070810 330
1553302699 44778305 226
1553302700 3.95693e+07 1743
1553302702 9.51055e+07 197
1553302703 18049495 217
1553302704 7.78193e+07 5221
1553302705 7.31502e+07 2745
1553302705 98754445 427
1553302706 8.73455e+07 1921
1553302708 2.12241e+07 211
1553302708 97369965 2698
1553302711 8051945 1801
1553302711 1.14177e+07 560
1553302713 27258510 3730
1553302713 8.86578e+07 3169
1553302714 6613750 1490
1553302714 38324755 406
1553302714 83116755 289
1553302715 4.31775e+07 3803
1553302716 90672180 2403
1553302717 29876590 2148
1553302717 89643535 864
1553302720 2.01483e+07 1855
1553302721 8.55225e+07 3569
1553302721 9.98508e+07 2416
1553302724 41133850 191
1553302727 18324705 5448
1553302728 6.67247e+06 2669
1553302729 8.78131e+07 2857
1553302731 6.57544e+07 1412
1553302732 3.7971e+07 148
1553302733 8852700 2780
1553302733 7.26817e+07 721
1553302734 6.61653e+07 2873
1553302735 51575895 488
1553302735 9.38367e+07 2015
1553302737 6.61651e+07 2196
1553302737 7.71844e+07 2768
1553302737 8.89748e+07 4016
1553302738 3.41768e+07 2917
1553302738 4.59769e+07 1651
1553302740 51557530 217
1553302740 38919170 3382
1553302740 4.49189e+07 1950
1553302742 42785005 636
1553302744 13020325 397
1553302744 29340530 4535
1553302748 3.74515e+07 2642
1553302748 4.40928e+07 1311
1553302748 4.83757e+07 2151
1553302748 81379795 162
1553302750 41829895 566
1553302755 7.49832e+07 2628
1553302757 4359180 290
1553302757 4.92186e+07 1606
1553302759 69115835 963
1553302760 43195735 582
1553302766 11956595 4019
1553302767 4.25117e+07 2880
1553302767 7.23967e+07 4493
1553302768 2.67776e+06 2535
1553302768 59545340 536
1553302769 9.28144e+07 270
1553302772 41860750 3927
1553302773 40427215 578
1553302774 14540185 3195
1553302775 79053380 3049
1553302776 1.30102e+07 2456
1553302778 9.46684e+07 1883
1553302781 47301255 198
1553302782 3.82652e+07 2510
1553302782 4.6346e+07 2314
1553302782 8.29807e+07 2213
1553302783 48239295 424
1553302783 5.88902e+07 401
1553302785 2.72294e+07 337
1553302785 64357065 1321
1553302787 3.55815e+07 4210
1553302787 5.13518e+07 1325
1553302788 1.6583e+07 1095
1553302792 1.95469e+07 245
1553302793 25854510 472
1553302793 85530695 1909
1553302793 9.55876e+07 2196
1553302794 80557720 449
1553302795 3.51147e+07 340
1553302795 67582875 942
1553302799 45692270 2680
