<HH:MM:SS>
1552521600
1552521601
1552521601
1552521609
1552521609
1552521611
1552521611
1552521611
1552521613
1552521613
1552521614
1552521615
1552521615
1552521616
1552521617
1552521617
1552521618
1552521619
1552521620
1552521620
1552521622
1552521622
1552521623
1552521623
1552521623
1552521626
1552521626
1552521627
1552521627
1552521628
1552521629
1552521630
1552521631
1552521632
1552521632
1552521632
1552521633
1552521635
1552521636
1552521637
1552521638
1552521639
1552521640
1552521640
1552521640
1552521640
1552521641
1552521641
1552521643
1552521644
1552521645
1552521646
1552521647
1552521648
1552521649
1552521650
1552521651
1552521651
1552521652
1552521653
1552521653
1552521654
1552521654
1552521655
1552521656
1552521657
1552521658
1552521659
1552521660
1552521660
1552521661
1552521661
1552521661
1552521661
1552521663
1552521664
1552521665
1552521665
1552521666
1552521667
1552521667
1552521667
1552521669
1552521673
1552521673
1552521675
1552521675
1552521676
1552521677
1552521678
1552521679
1552521679
1552521680
1552521681
1552521682
1552521683
1552521684
1552521685
1552521685
1552521686
1552521686
1552521687
1552521687
1552521688
1552521688
1552521689
1552521690
1552521690
1552521692
1552521693
1552521694
1552521695
1552521696
1552521697
1552521698
1552521698
1552521703
1552521704
1552521705
1552521706
1552521707
1552521708
1552521709
1552521710
1552521711
1552521712
1552521713
1552521713
1552521715
1552521716
1552521717
1552521718
1552521719
1552521719
1552521720
1552521721
1552521722
1552521722
1552521724
1552521725
1552521726
1552521727
1552521728
1552521729
1552521731
1552521732
1552521733
1552521733
1552521734
1552521735
1552521735
1552521737
1552521738
1552521739
1552521740
1552521741
1552521742
1552521743
1552521744
1552521745
1552521746
1552521747
1552521748
1552521748
1552521750
1552521751
1552521752
1552521753
1552521754
1552521755
1552521756
1552521757
1552521758
1552521758
1552521760
1552521761
1552521762
1552521763
1552521764
1552521765
1552521766
1552521766
1552521767
1552521767
1552521769
1552521769
1552521771
1552521772
1552521773
1552521774
1552521775
1552521776
1552521777
1552521778
1552521779
1552521780
1552521780
1552521781
1552521782
1552521782
1552521784
1552521785
1552521786
1552521786
1552521787
1552521788
1552521789
1552521790
1552521791
1552521792
1552521792
1552521793
1552521794
1552521795
1552521796
1552521796
1552521797
1552521798
1552521799
1552521803
1552521804
1552521804
1552521805
1552521806
1552521807
1552521807
1552521809
1552521809
1552521810
1552521811
1552521811
1552521812
1552521814
1552521814
1552521815
1552521815
1552521818
1552521819
1552521819
1552521820
1552521821
1552521822
1552521822
1552521822
1552521824
1552521825
1552521826
1552521827
1552521828
1552521829
1552521830
1552521831
1552521832
1552521832
1552521833
1552521834
1552521838
1552521839
1552521839
1552521841
1552521841
1552521842
1552521842
1552521843
1552521843
1552521844
1552521845
1552521845
1552521846
1552521847
1552521847
1552521848
1552521848
1552521849
1552521849
1552521851
1552521851
1552521852
1552521852
1552521853
1552521853
1552521853
1552521855
1552521856
1552521856
1552521857
1552521857
1552521858
1552521858
1552521859
1552521860
1552521860
1552521861
1552521861
1552521862
1552521863
1552521863
1552521864
1552521865
1552521865
1552521866
1552521866
1552521866
1552521868
1552521868
1552521869
1552521870
1552521870
1552521871
1552521872
1552521872
1552521873
1552521874
1552521874
1552521875
1552521876
1552521877
1552521878
1552521879
1552521880
1552521881
1552521882
1552521883
1552521883
1552521884
1552521885
1552521885
1552521886
1552521887
1552521887
1552521887
1552521887
1552521889
1552521890
1552521891
1552521891
1552521892
1552521892
1552521893
1552521893
1552521894
1552521895
1552521895
1552521895
1552521897
1552521897
1552521898
1552521898
1552521899
1552521900
1552521900
1552521901
1552521901
1552521902
1552521903
1552521904
1552521904
1552521905
1552521905
1552521906
1552521907
1552521908
1552521908
1552521909
1552521909
1552521910
1552521910
1552521911
1552521911
1552521912
1552521913
1552521913
1552521913
1552521915
1552521915
1552521916
1552521917
1552521917
1552521918
1552521918
1552521918
1552521919
1552521921
1552521921
1552521922
1552521922
1552521923
1552521924
1552521925
1552521925
1552521926
1552521927
1552521928
1552521928
1552521929
1552521929
1552521930
1552521930
1552521931
1552521932
1552521932
1552521933
1552521934
1552521934
1552521939
1552521940
1552521941
1552521942
1552521942
1552521943
1552521944
1552521944
1552521945
1552521945
1552521945
1552521945
1552521947
1552521947
1552521948
1552521948
1552521949
1552521950
1552521951
1552521951
1552521952
1552521953
1552521953
1552521954
1552521954
1552521955
1552521955
1552521956
1552521956
1552521957
1552521957
1552521958
1552521958
1552521959
1552521959
1552521960
1552521960
1552521960
1552521960
1552521962
1552521963
1552521963
1552521964
1552521964
1552521965
1552521965
1552521966
1552521966
1552521967
1552521967
1552521968
1552521968
1552521969
1552521969
1552521973
1552521973
1552521974
1552521974
1552521975
1552521975
1552521976
1552521977
1552521977
1552521978
1552521978
1552521979
1552521979
1552521979
1552521979
1552521985
1552521985
1552521986
1552521986
1552521986
1552521986
1552521988
1552521988
1552521989
1552521989
1552521990
1552521990
1552521991
1552521991
1552521992
1552521992
1552521993
1552521993
1552521994
1552521994
1552521995
1552521995
1552521996
1552521996
1552521997
1552521997
1552521998
1552521998
1552521999
1552521999
1552522000
1552522000
1552522001
1552522001
1552522001
1552522001
1552522003
1552522003
1552522004
1552522004
1552522004
1552522004
1552522005
1552522005
1552522007
1552522007
1552522008
1552522008
1552522009
1552522009
1552522009
1552522009
1552522011
1552522011
1552522012
1552522012
1552522013
1552522013
1552522014
1552522014
1552522015
1552522015
1552522016
1552522016
1552522017
1552522017
1552522018
1552522018
1552522019
1552522019
1552522020
1552522020
1552522021
1552522021
1552522022
1552522022
1552522023
1552522023
1552522024
1552522024
1552522025
1552522025
1552522026
1552522026
1552522026
1552522026
1552522028
1552522028
1552522029
1552522029
1552522030
1552522030
1552522031
1552522031
1552522032
1552522032
1552522033
1552522033
1552522034
1552522034
1552522039
1552522039
1552522040
1552522040
1552522041
1552522041
1552522041
1552522041
1552522042
1552522042
1552522044
1552522044
1552522045
1552522045
1552522046
1552522046
1552522047
1552522047
1552522048
1552522048
1552522049
1552522049
1552522050
1552522050
1552522050
1552522050
1552522052
1552522052
1552522053
1552522053
1552522053
1552522053
1552522055
1552522055
1552522056
1552522056
1552522057
1552522057
1552522058
1552522058
1552522059
1552522059
1552522059
1552522059
1552522061
1552522061
1552522062
1552522062
1552522063
1552522063
1552522064
1552522064
1552522065
1552522065
1552522066
1552522066
1552522067
1552522067
1552522068
1552522068
1552522069
1552522069
1552522073
1552522073
1552522074
1552522074
1552522075
1552522075
1552522075
1552522075
1552522077
1552522077
1552522078
1552522078
1552522079
1552522079
1552522080
1552522080
1552522081
1552522081
1552522081
1552522082
1552522083
1552522083
1552522085
1552522085
1552522086
1552522086
1552522087
1552522087
1552522088
1552522088
1552522088
1552522088
1552522090
1552522090
1552522091
1552522091
1552522092
1552522092
1552522093
1552522093
1552522094
1552522094
1552522095
1552522095
1552522096
1552522096
1552522097
1552522097
1552522097
1552522097
1552522099
1552522099
1552522100
1552522100
1552522101
1552522101
1552522102
1552522102
1552522103
1552522103
1552522104
1552522104
1552522105
1552522105
1552522106
1552522106
1552522107
1552522107
1552522108
1552522108
1552522109
1552522109
1552522110
1552522110
1552522111
1552522111
1552522112
1552522112
1552522113
1552522113
1552522114
1552522114
1552522115
1552522115
1552522116
1552522116
1552522117
1552522117
1552522117
1552522117
1552522118
1552522118
1552522120
1552522120
1552522121
1552522121
1552522122
1552522122
1552522123
1552522123
1552522124
1552522124
1552522125
1552522125
1552522125
1552522125
1552522127
1552522127
1552522128
1552522128
1552522129
1552522129
1552522130
1552522130
1552522131
1552522131
1552522131
1552522131
1552522133
1552522133
1552522134
1552522134
1552522135
1552522135
1552522136
1552522136
1552522137
1552522137
1552522138
1552522138
1552522139
1552522139
1552522140
1552522140
1552522141
1552522141
1552522142
1552522142
1552522143
1552522143
1552522144
1552522144
1552522145
1552522145
1552522146
1552522146
1552522147
1552522147
1552522147
1552522147
1552522149
1552522149
1552522150
1552522150
1552522151
1552522151
1552522152
1552522152
1552522153
1552522153
1552522154
1552522154
1552522155
1552522155
1552522156
1552522157
1552522157
1552522158
1552522158
1552522159
1552522159
1552522160
1552522160
1552522161
1552522161
1552522162
1552522162
1552522163
1552522164
1552522164
1552522164
1552522164
1552522166
1552522166
1552522167
1552522167
1552522168
1552522168
1552522169
1552522169
1552522174
1552522174
1552522174
1552522174
1552522179
1552522180
1552522181
1552522181
1552522182
1552522183
1552522184
1552522185
1552522186
1552522186
1552522189
1552522190
1552522190
1552522191
1552522192
1552522192
1552522193
1552522194
1552522194
1552522195
1552522196
1552522197
1552522198
1552522199
1552522200
1552522201
1552522202
1552522202
1552522204
1552522205
1552522206
1552522207
1552522208
1552522209
1552522210
1552522211
1552522212
1552522213
1552522213
1552522214
1552522215
1552522216
1552522217
1552522218
1552522219
1552522219
1552522221
1552522222
1552522223
1552522224
1552522225
1552522226
1552522227
1552522227
1552522229
1552522230
1552522231
1552522232
1552522233
1552522234
1552522235
1552522236
1552522237
1552522237
1552522238
1552522239
1552522240
1552522241
1552522242
1552522243
1552522244
1552522245
1552522246
1552522246
1552522247
1552522248
1552522248
1552522250
1552522251
1552522251
1552522252
1552522253
1552522253
1552522254
1552522254
1552522255
1552522255
1552522257
1552522258
1552522258
1552522259
1552522260
1552522261
1552522262
1552522263
1552522264
1552522264
1552522265
1552522266
1552522267
1552522268
1552522269
1552522269
1552522270
1552522273
1552522274
1552522275
1552522276
1552522277
1552522278
1552522279
1552522280
1552522282
1552522282
1552522282
1552522285
1552522286
1552522287
1552522287
1552522288
1552522289
1552522290
1552522290
1552522291
1552522292
1552522293
1552522293
1552522294
1552522294
1552522295
1552522296
1552522296
1552522297
1552522298
1552522298
1552522299
1552522299
1552522300
1552522300
1552522301
1552522301
1552522301
1552522301
1552522303
1552522304
1552522304
1552522305
1552522305
1552522309
1552522310
1552522310
1552522310
1552522311
1552522311
1552522311
1552522313
1552522314
1552522314
1552522315
1552522315
1552522316
1552522317
1552522318
1552522318
1552522318
1552522318
1552522321
1552522322
1552522322
1552522323
1552522323
1552522324
1552522324
1552522325
1552522326
1552522326
1552522327
1552522328
1552522328
1552522329
1552522330
1552522331
1552522331
1552522331
1552522333
1552522333
1552522334
1552522334
1552522335
1552522335
1552522336
1552522337
1552522338
1552522338
1552522339
1552522339
1552522340
1552522340
1552522341
1552522341
1552522342
1552522342
1552522343
1552522343
1552522344
1552522344
1552522345
1552522345
1552522346
1552522347
1552522347
1552522348
1552522349
1552522349
1552522350
1552522350
1552522351
1552522351
1552522352
1552522353
1552522353
1552522354
1552522354
1552522355
1552522355
1552522356
1552522356
1552522357
1552522357
1552522358
1552522358
1552522358
1552522359
1552522360
1552522360
1552522361
1552522361
1552522362
1552522363
1552522363
1552522364
1552522364
1552522365
1552522365
1552522366
1552522366
1552522367
1552522367
1552522367
1552522367
1552522369
1552522369
1552522370
1552522370
1552522371
1552522371
1552522372
1552522372
1552522373
1552522373
1552522374
1552522374
1552522375
1552522375
1552522379
1552522379
1552522379
1552522379
1552522381
1552522381
1552522382
1552522382
1552522383
1552522383
1552522384
1552522384
1552522385
1552522385
1552522386
1552522386
1552522386
1552522388
1552522388
1552522389
1552522389
1552522390
1552522391
1552522391
1552522392
1552522392
1552522393
1552522393
1552522394
1552522394
1552522395
1552522395
1552522396
1552522397
1552522398
1552522398
1552522399
1552522399
1552522400
1552522400
1552522401
1552522401
1552522402
1552522402
1552522403
1552522403
1552522404
1552522404
1552522405
1552522405
1552522408
1552522408
1552522410
1552522410
1552522411
1552522412
1552522412
1552522413
1552522413
1552522414
1552522414
1552522415
1552522415
1552522416
1552522416
1552522417
1552522417
1552522418
1552522418
1552522419
1552522419
1552522420
1552522420
1552522421
1552522421
1552522422
1552522422
1552522423
1552522424
1552522424
1552522425
1552522425
1552522426
1552522426
1552522427
1552522427
1552522428
1552522428
1552522429
1552522429
1552522430
1552522430
1552522431
1552522431
1552522432
1552522432
1552522433
1552522433
1552522434
1552522434
1552522435
1552522435
1552522436
1552522436
1552522437
1552522437
1552522438
1552522438
1552522439
1552522439
1552522440
1552522440
1552522441
1552522441
1552522442
1552522442
1552522443
1552522443
1552522444
1552522444
1552522444
1552522444
1552522446
1552522446
1552522447
1552522447
1552522447
1552522447
1552522449
1552522449
1552522449
1552522449
1552522450
1552522450
1552522452
1552522453
1552522453
1552522454
1552522455
1552522455
1552522456
1552522456
1552522457
1552522457
1552522458
1552522458
1552522459
1552522459
1552522460
1552522461
1552522462
1552522462
1552522463
1552522463
1552522465
1552522465
1552522466
1552522467
1552522468
1552522468
1552522469
1552522469
1552522470
1552522471
1552522472
1552522473
1552522474
1552522474
1552522479
1552522479
1552522480
1552522480
1552522481
1552522481
1552522482
1552522482
1552522483
1552522483
1552522484
1552522484
1552522485
1552522485
1552522486
1552522486
1552522487
1552522487
1552522488
1552522489
1552522490
1552522490
1552522491
1552522492
1552522492
1552522493
1552522493
1552522494
1552522495
1552522495
1552522496
1552522496
1552522497
1552522497
1552522498
1552522499
1552522500
1552522500
1552522501
1552522501
1552522501
1552522501
1552522503
1552522503
1552522503
1552522503
1552522509
1552522509
1552522510
1552522510
1552522511
1552522512
1552522512
1552522513
1552522513
1552522514
1552522514
1552522515
1552522515
1552522516
1552522516
1552522517
1552522518
1552522518
1552522519
1552522519
1552522520
1552522521
1552522521
1552522522
1552522522
1552522523
1552522523
1552522524
1552522524
1552522526
1552522526
1552522527
1552522527
1552522527
1552522530
1552522530
1552522531
1552522531
1552522532
1552522533
1552522534
1552522534
1552522535
1552522535
1552522536
1552522536
1552522537
1552522538
1552522539
1552522540
1552522544
1552522544
1552522548
1552522548
1552522548
1552522548
1552522554
1552522555
1552522556
1552522557
1552522558
1552522558
1552522558
1552522560
1552522560
1552522561
1552522562
1552522563
1552522564
1552522564
1552522564
1552522566
1552522566
1552522568
1552522568
1552522569
1552522570
1552522570
1552522571
1552522572
1552522573
1552522574
1552522574
1552522575
1552522575
1552522575
1552522577
1552522577
1552522578
1552522579
1552522580
1552522581
1552522582
1552522583
1552522583
1552522585
1552522586
1552522587
1552522587
1552522588
1552522588
1552522589
1552522590
1552522591
1552522591
1552522593
1552522593
1552522594
1552522595
1552522596
1552522596
1552522597
1552522598
1552522598
1552522599
1552522600
1552522600
1552522601
1552522602
1552522603
1552522604
1552522605
1552522606
1552522606
1552522608
1552522609
1552522610
1552522611
1552522612
1552522613
1552522613
1552522615
1552522615
1552522615
1552522617
1552522618
1552522619
1552522620
1552522621
1552522621
1552522621
1552522623
1552522624
1552522625
1552522626
1552522627
1552522628
1552522629
1552522630
1552522631
1552522631
1552522633
1552522634
1552522635
1552522636
1552522637
1552522638
1552522639
1552522640
1552522645
1552522646
1552522647
1552522648
1552522649
1552522653
1552522654
1552522659
1552522659
1552522664
1552522665
1552522666
1552522667
1552522668
1552522669
1552522670
1552522671
1552522672
1552522673
1552522674
1552522675
1552522680
1552522681
1552522682
1552522683
1552522684
1552522684
1552522686
1552522687
1552522688
1552522689
1552522690
1552522691
1552522692
1552522693
1552522694
1552522694
1552522696
1552522697
1552522697
1552522700
1552522701
1552522702
1552522703
1552522704
1552522705
1552522706
1552522707
1552522707
1552522709
1552522710
1552522715
1552522716
1552522717
1552522718
1552522718
1552522720
1552522721
1552522722
1552522723
1552522724
1552522725
1552522726
1552522727
1552522728
1552522729
1552522730
1552522731
1552522732
1552522733
1552522734
1552522735
1552522736
1552522737
1552522738
1552522739
1552522740
1552522741
1552522742
1552522743
1552522744
1552522745
1552522746
1552522747
1552522748
1552522749
1552522750
1552522751
1552522752
1552522752
1552522753
1552522754
1552522755
1552522755
1552522757
1552522758
1552522759
1552522760
1552522760
1552522762
1552522763
1552522764
1552522765
1552522766
1552522766
1552522767
1552522767
1552522768
1552522768
1552522769
1552522770
1552522770
1552522770
1552522772
1552522773
1552522774
1552522775
1552522779
1552522780
1552522781
1552522781
1552522782
1552522782
1552522784
1552522785
1552522786
1552522787
1552522788
1552522788
1552522789
1552522789
1552522790
1552522791
1552522792
1552522792
1552522793
1552522794
1552522794
1552522796
1552522797
1552522799
1552522800
1552522800
1552522800
1552522800
1552522801
1552522803
1552522803
1552522804
1552522804
1552522805
1552522806
1552522806
1552522807
1552522807
1552522808
1552522809
1552522809
1552522810
1552522810
1552522814
1552522815
1552522815
1552522816
1552522816
1552522816
1552522818
1552522818
1552522819
1552522820
1552522820
1552522821
1552522823
1552522824
1552522824
1552522825
1552522825
1552522826
1552522826
1552522827
1552522827
1552522828
1552522829
1552522829
1552522830
1552522831
1552522831
1552522832
1552522832
1552522833
1552522833
1552522834
1552522834
1552522835
1552522835
1552522836
1552522836
1552522837
1552522838
1552522838
1552522839
1552522840
1552522840
1552522841
1552522842
1552522842
1552522842
1552522844
1552522844
1552522845
1552522845
1552522846
1552522846
1552522847
1552522847
1552522848
1552522848
1552522849
1552522849
1552522850
1552522850
1552522851
1552522851
1552522852
1552522852
1552522853
1552522853
1552522854
1552522854
1552522855
1552522855
1552522856
1552522856
1552522857
1552522857
1552522858
1552522858
1552522859
1552522859
1552522860
1552522860
1552522861
1552522861
1552522862
1552522862
1552522863
1552522863
1552522864
1552522864
1552522865
1552522865
1552522866
1552522866
1552522867
1552522867
1552522868
1552522868
1552522869
1552522869
1552522869
1552522869
1552522870
1552522870
1552522872
1552522872
1552522873
1552522873
1552522874
1552522874
1552522875
1552522875
1552522876
1552522876
1552522880
1552522880
1552522881
1552522881
1552522882
1552522882
1552522883
1552522883
1552522884
1552522884
1552522885
1552522885
1552522886
1552522886
1552522886
1552522886
1552522887
1552522887
1552522888
1552522888
1552522890
1552522890
1552522891
1552522891
1552522892
1552522892
1552522893
1552522893
1552522893
1552522893
1552522896
1552522896
1552522896
1552522896
1552522899
1552522899
1552522900
1552522900
1552522901
1552522901
1552522902
1552522902
1552522903
1552522903
1552522904
1552522904
1552522905
1552522905
1552522906
1552522906
1552522907
1552522907
1552522908
1552522908
1552522909
1552522909
1552522910
1552522910
1552522911
1552522911
1552522915
1552522915
1552522916
1552522916
1552522917
1552522917
1552522918
1552522918
1552522919
1552522919
1552522920
1552522920
1552522921
1552522921
1552522922
1552522922
1552522923
1552522923
1552522924
1552522924
1552522924
1552522924
1552522927
1552522927
1552522928
1552522928
1552522929
1552522929
1552522930
1552522930
1552522931
1552522931
1552522932
1552522932
1552522933
1552522933
1552522934
1552522934
1552522935
1552522935
1552522936
1552522936
1552522937
1552522937
1552522938
1552522938
1552522939
1552522939
1552522939
1552522939
1552522940
1552522940
1552522942
1552522942
1552522943
1552522943
1552522944
1552522944
1552522945
1552522945
1552522946
1552522946
1552522949
1552522949
1552522950
1552522950
1552522951
1552522951
1552522952
1552522952
1552522953
1552522953
1552522953
1552522953
1552522955
1552522955
1552522956
1552522956
1552522957
1552522957
1552522959
1552522959
1552522959
1552522959
1552522962
1552522962
1552522962
1552522962
1552522965
1552522965
1552522966
1552522966
1552522967
1552522967
1552522968
1552522968
1552522969
1552522969
1552522970
1552522970
1552522971
1552522971
1552522972
1552522972
1552522973
1552522973
1552522973
1552522973
1552522974
1552522974
1552522975
1552522975
1552522977
1552522977
1552522978
1552522978
1552522979
1552522979
1552522980
1552522980
1552522981
1552522981
1552522982
1552522982
1552522983
1552522983
1552522984
1552522984
1552522984
1552522984
1552522986
1552522986
1552522987
1552522987
1552522988
1552522988
1552522989
1552522989
1552522990
1552522990
1552522991
1552522991
1552522992
1552522992
1552522993
1552522993
1552522994
1552522994
1552522995
1552522995
1552522996
1552522996
1552522996
1552522996
1552522998
1552522998
1552522999
1552522999
1552523000
1552523000
1552523001
1552523001
1552523002
1552523002
1552523003
1552523003
1552523004
1552523004
1552523005
1552523005
1552523006
1552523006
1552523007
1552523007
1552523008
1552523008
1552523009
1552523009
1552523010
1552523010
1552523011
1552523011
1552523012
1552523012
1552523013
1552523013
1552523014
1552523014
1552523015
1552523015
1552523016
1552523016
1552523020
1552523020
1552523021
1552523021
1552523022
1552523022
1552523023
1552523023
1552523024
1552523024
1552523025
1552523025
1552523026
1552523026
1552523027
1552523027
1552523028
1552523028
1552523029
1552523029
1552523029
1552523030
1552523031
1552523031
1552523031
1552523031
1552523032
1552523032
1552523034
1552523034
1552523035
1552523035
1552523036
1552523036
1552523038
1552523038
1552523039
1552523039
1552523040
1552523040
1552523041
1552523041
1552523042
1552523042
1552523043
1552523043
1552523044
1552523044
1552523045
1552523045
1552523045
1552523046
1552523047
1552523047
1552523048
1552523048
1552523048
1552523048
1552523050
1552523050
1552523051
1552523051
1552523052
1552523052
1552523053
1552523053
1552523054
1552523054
1552523055
1552523055
1552523056
1552523056
1552523057
1552523057
1552523058
1552523058
1552523059
1552523059
1552523060
1552523060
1552523061
1552523061
1552523062
1552523062
1552523063
1552523063
1552523064
1552523064
1552523065
1552523065
1552523066
1552523066
1552523067
1552523067
1552523068
1552523068
1552523069
1552523069
1552523070
1552523070
1552523071
1552523071
1552523072
1552523072
1552523072
1552523072
1552523073
1552523073
1552523074
1552523074
1552523075
1552523075
1552523077
1552523077
1552523078
1552523078
1552523079
1552523079
1552523080
1552523080
1552523081
1552523081
1552523081
1552523081
1552523082
1552523082
1552523084
1552523084
1552523085
1552523085
1552523086
1552523086
1552523087
1552523087
1552523088
1552523088
1552523089
1552523089
1552523090
1552523090
1552523091
1552523092
1552523093
1552523093
1552523094
1552523094
1552523094
1552523094
1552523096
1552523096
1552523097
1552523097
1552523098
1552523098
1552523099
1552523099
1552523100
1552523100
1552523101
1552523101
1552523102
1552523102
1552523103
1552523103
1552523104
1552523104
1552523105
1552523105
1552523105
1552523105
1552523107
1552523107
1552523108
1552523108
1552523109
1552523109
1552523110
1552523110
1552523111
1552523111
1552523112
1552523112
1552523113
1552523113
1552523114
1552523114
1552523115
1552523115
1552523116
1552523116
1552523121
1552523122
1552523122
1552523123
1552523123
1552523124
1552523124
1552523125
1552523125
1552523126
1552523126
1552523127
1552523127
1552523131
1552523132
1552523132
1552523136
1552523136
1552523136
1552523136
1552523142
1552523142
1552523143
1552523144
1552523144
1552523145
1552523145
1552523146
1552523146
1552523147
1552523147
1552523148
1552523148
1552523149
1552523149
1552523150
1552523150
1552523151
1552523151
1552523156
1552523156
1552523157
1552523157
1552523158
1552523158
1552523159
1552523159
1552523160
1552523161
1552523161
1552523162
1552523162
1552523163
1552523163
1552523164
1552523164
1552523165
1552523165
1552523166
1552523166
1552523167
1552523167
1552523167
1552523167
1552523168
1552523168
1552523169
1552523169
1552523171
1552523171
1552523172
1552523172
1552523173
1552523173
1552523174
1552523174
1552523175
1552523175
1552523176
1552523176
1552523176
1552523176
1552523178
1552523178
1552523179
1552523179
1552523180
1552523180
1552523181
1552523182
1552523182
1552523183
1552523183
1552523184
1552523184
1552523185
1552523185
1552523186
1552523186
1552523190
1552523190
1552523191
1552523191
1552523192
1552523192
1552523193
1552523193
1552523193
1552523193
1552523195
1552523196
1552523196
1552523197
1552523197
1552523198
1552523198
1552523199
1552523199
1552523200
1552523200
1552523201
1552523201
1552523202
1552523202
1552523202
1552523202
1552523203
1552523203
1552523205
1552523205
1552523206
1552523206
1552523207
1552523207
1552523208
1552523208
1552523209
1552523209
1552523210
1552523211
1552523211
1552523212
1552523212
1552523213
1552523213
1552523213
1552523215
1552523216
1552523216
1552523217
1552523217
1552523219
1552523219
1552523220
1552523220
1552523221
1552523222
1552523222
1552523223
1552523224
1552523224
1552523224
1552523224
1552523226
1552523226
1552523227
1552523227
1552523228
1552523228
1552523229
1552523229
1552523230
1552523230
1552523230
1552523230
1552523232
1552523232
1552523233
1552523233
1552523234
1552523234
1552523235
1552523235
1552523236
1552523236
1552523237
1552523237
1552523238
1552523238
1552523238
1552523240
1552523240
1552523241
1552523241
1552523242
1552523242
1552523243
1552523243
1552523244
1552523244
1552523245
1552523245
1552523246
1552523246
1552523247
1552523247
1552523248
1552523248
1552523249
1552523249
1552523250
1552523251
1552523251
1552523252
1552523253
1552523253
1552523254
1552523254
1552523255
1552523255
1552523256
1552523256
1552523260
1552523261
1552523261
1552523262
1552523262
1552523263
1552523263
1552523264
1552523265
1552523265
1552523265
1552523265
1552523267
1552523267
1552523268
1552523268
1552523269
1552523269
1552523270
1552523270
1552523270
1552523270
1552523273
1552523273
1552523276
1552523277
1552523277
1552523277
1552523279
1552523279
1552523280
1552523281
1552523281
1552523282
1552523282
1552523283
1552523283
1552523284
1552523285
1552523285
1552523285
1552523290
1552523290
1552523291
1552523291
1552523292
1552523293
1552523294
1552523295
1552523295
1552523296
1552523296
1552523297
1552523297
1552523298
1552523298
1552523299
1552523300
1552523301
1552523301
1552523303
1552523303
1552523304
1552523304
1552523305
1552523306
1552523306
1552523306
1552523308
1552523309
1552523309
1552523310
1552523311
1552523311
1552523312
1552523313
1552523313
1552523314
1552523314
1552523315
1552523315
1552523316
1552523317
1552523318
1552523319
1552523320
1552523320
1552523321
1552523321
1552523323
1552523324
1552523324
1552523325
1552523325
1552523326
1552523326
1552523327
1552523328
1552523328
1552523329
1552523330
1552523331
1552523332
1552523332
1552523334
1552523335
1552523336
1552523337
1552523338
1552523338
1552523340
1552523340
1552523341
1552523342
1552523344
1552523345
1552523346
1552523346
1552523347
1552523348
1552523349
1552523349
1552523349
1552523351
1552523351
1552523355
1552523356
1552523356
1552523357
1552523357
1552523359
1552523360
1552523360
1552523361
1552523363
1552523363
1552523364
1552523365
1552523366
1552523367
1552523368
1552523368
1552523369
1552523369
1552523370
1552523370
1552523370
1552523372
1552523372
1552523373
1552523373
1552523375
1552523375
1552523376
1552523377
1552523378
1552523379
1552523379
1552523380
1552523381
1552523381
1552523381
1552523385
1552523386
1552523386
1552523387
1552523387
1552523388
1552523388
1552523389
1552523389
1552523390
1552523391
1552523392
1552523392
1552523393
1552523394
1552523395
1552523395
1552523395
1552523398
1552523398
1552523398
1552523401
1552523401
1552523402
1552523403
1552523404
1552523405
1552523405
1552523406
1552523407
1552523407
1552523407
1552523409
1552523410
1552523411
1552523412
1552523412
1552523413
1552523413
1552523414
1552523415
1552523415
1552523415
1552523417
1552523418
1552523418
1552523419
1552523419
1552523420
1552523421
1552523422
1552523422
1552523423
1552523424
1552523424
1552523425
1552523425
1552523426
1552523427
1552523427
1552523428
1552523428
1552523429
1552523430
1552523430
1552523431
1552523431
1552523432
1552523433
1552523433
1552523434
1552523434
1552523435
1552523436
1552523436
1552523437
1552523438
1552523438
1552523438
1552523440
1552523441
1552523442
1552523443
1552523443
1552523443
1552523444
1552523446
1552523447
1552523447
1552523451
1552523451
1552523452
1552523452
1552523453
1552523453
1552523454
1552523456
1552523456
1552523457
1552523458
1552523459
1552523460
1552523461
1552523461
1552523462
1552523463
1552523464
1552523465
1552523465
1552523466
1552523466
1552523467
1552523468
1552523469
1552523469
1552523469
1552523472
1552523472
1552523475
1552523476
1552523477
1552523477
1552523477
1552523477
1552523479
1552523480
1552523481
1552523482
1552523486
1552523487
1552523488
1552523489
1552523489
1552523490
1552523491
1552523492
1552523492
1552523493
1552523493
1552523494
1552523495
1552523495
1552523495
1552523497
1552523497
1552523498
1552523498
1552523499
1552523500
1552523500
1552523503
1552523504
1552523504
1552523505
1552523505
1552523506
1552523507
1552523508
1552523509
1552523510
1552523511
1552523511
1552523512
1552523512
1552523513
1552523514
1552523515
1552523516
1552523517
1552523521
1552523522
1552523523
1552523523
1552523524
1552523524
1552523525
1552523525
1552523526
1552523527
1552523528
1552523529
1552523529
1552523529
1552523532
1552523532
1552523534
1552523535
1552523536
1552523538
1552523539
1552523540
1552523541
1552523542
1552523543
1552523544
1552523544
1552523545
1552523546
1552523546
1552523547
1552523548
1552523549
1552523550
1552523550
1552523550
1552523552
1552523553
1552523554
1552523555
1552523556
1552523556
1552523557
1552523557
1552523558
1552523559
1552523559
1552523560
1552523561
1552523562
1552523563
1552523564
1552523564
1552523565
1552523566
1552523567
1552523567
1552523567
1552523569
1552523570
1552523571
1552523572
1552523573
1552523574
1552523575
1552523576
1552523576
1552523578
1552523578
1552523579
1552523579
1552523580
1552523581
1552523582
1552523582
1552523586
1552523587
1552523588
1552523588
1552523589
1552523590
1552523591
1552523592
1552523593
1552523593
1552523594
1552523595
1552523595
1552523597
1552523597
1552523597
1552523599
1552523600
1552523600
1552523601
1552523602
1552523603
1552523604
1552523604
1552523604
1552523606
1552523606
1552523607
1552523608
1552523609
1552523609
1552523610
1552523610
1552523611
1552523611
1552523612
1552523613
1552523614
1552523615
1552523616
1552523621
1552523622
1552523623
1552523624
1552523625
1552523625
1552523625
1552523627
1552523628
1552523628
1552523629
1552523630
1552523630
1552523631
1552523631
1552523632
1552523633
1552523633
1552523634
1552523635
1552523636
1552523637
1552523638
1552523639
1552523640
1552523640
1552523641
1552523642
1552523642
1552523643
1552523644
1552523645
1552523646
1552523647
1552523648
1552523649
1552523649
1552523651
1552523652
1552523653
1552523658
1552523659
1552523660
1552523661
1552523662
1552523663
1552523664
1552523665
1552523666
1552523667
1552523667
1552523669
1552523670
1552523670
1552523671
1552523672
1552523672
1552523674
1552523674
1552523675
1552523676
1552523677
1552523678
1552523679
1552523680
1552523681
1552523681
1552523683
1552523684
1552523685
1552523686
1552523687
1552523687
1552523689
1552523690
1552523691
1552523691
1552523693
1552523694
1552523695
1552523695
1552523697
1552523698
1552523699
1552523700
1552523701
1552523702
1552523703
1552523703
1552523704
1552523706
1552523707
1552523708
1552523709
1552523710
1552523711
1552523712
1552523713
1552523714
1552523715
1552523716
1552523717
1552523720
1552523722
1552523723
1552523724
1552523725
1552523726
1552523726
1552523728
1552523729
1552523730
1552523731
1552523732
1552523736
1552523738
1552523739
1552523740
1552523741
1552523742
1552523743
1552523743
1552523745
1552523746
1552523747
1552523748
1552523749
1552523750
1552523751
1552523756
1552523757
1552523758
1552523759
1552523759
1552523761
1552523762
1552523763
1552523764
1552523765
1552523766
1552523767
1552523767
1552523770
1552523771
1552523771
1552523774
1552523774
1552523776
1552523777
1552523778
1552523779
1552523780
1552523781
1552523782
1552523782
1552523784
1552523785
1552523786
1552523787
1552523788
1552523789
1552523789
1552523791
1552523792
1552523793
1552523794
1552523795
1552523796
1552523796
1552523798
1552523798
1552523800
1552523801
1552523802
1552523803
1552523804
1552523805
1552523806
1552523806
1552523807
1552523808
1552523810
1552523811
1552523812
1552523813
1552523814
1552523815
1552523816
1552523817
1552523818
1552523823
1552523824
1552523825
1552523826
1552523827
1552523828
1552523829
1552523830
1552523831
1552523832
1552523833
1552523834
1552523836
1552523837
1552523837
1552523840
1552523841
1552523842
1552523843
1552523844
1552523845
1552523846
1552523847
1552523848
1552523849
1552523850
1552523851
1552523852
1552523853
1552523857
1552523858
1552523859
1552523860
1552523861
1552523862
1552523863
1552523863
1552523865
1552523866
1552523867
1552523868
1552523869
1552523870
1552523871
1552523871
1552523873
1552523874
1552523875
1552523876
1552523877
1552523877
1552523879
1552523879
1552523881
1552523882
1552523883
1552523884
1552523885
1552523886
1552523887
1552523888
1552523889
1552523890
1552523891
1552523892
1552523893
1552523894
1552523895
1552523896
1552523897
1552523897
1552523898
1552523900
1552523901
1552523902
1552523903
1552523904
1552523905
1552523906
1552523906
1552523907
1552523908
1552523910
1552523912
1552523913
1552523914
1552523915
1552523916
1552523917
1552523917
1552523919
1552523920
1552523921
1552523922
1552523923
1552523924
1552523925
1552523926
1552523927
1552523927
1552523929
1552523930
1552523931
1552523932
1552523933
1552523934
1552523935
1552523936
1552523937
1552523938
1552523939
1552523940
1552523941
1552523942
1552523942
1552523944
1552523945
1552523946
1552523947
1552523948
1552523949
1552523950
1552523951
1552523952
1552523953
1552523957
1552523958
1552523959
1552523960
1552523961
1552523962
1552523963
1552523963
1552523964
1552523966
1552523967
1552523968
1552523969
1552523970
1552523971
1552523972
1552523973
1552523974
1552523974
1552523976
1552523976
1552523978
1552523979
1552523980
1552523981
1552523982
1552523983
1552523984
1552523985
1552523985
1552523987
1552523992
1552523992
1552523995
1552523996
1552523997
1552523998
1552523999
1552524000
1552524001
1552524002
1552524003
1552524003
1552524005
1552524006
1552524007
1552524008
1552524009
1552524010
1552524011
1552524011
1552524012
1552524013
1552524015
1552524015
1552524017
1552524018
1552524019
1552524020
1552524021
1552524022
1552524023
1552524024
1552524025
1552524026
1552524027
1552524028
1552524029
1552524030
1552524030
1552524032
1552524033
1552524034
1552524035
1552524036
1552524037
1552524038
1552524039
1552524039
1552524041
1552524042
1552524043
1552524044
1552524045
1552524045
1552524047
1552524048
1552524048
1552524049
1552524050
1552524051
1552524052
1552524053
1552524053
1552524056
1552524059
1552524060
1552524061
1552524062
1552524063
1552524067
1552524070
1552524071
1552524072
1552524073
1552524074
1552524075
1552524076
1552524077
1552524078
1552524078
1552524079
1552524079
1552524080
1552524082
1552524083
1552524084
1552524085
1552524086
1552524087
1552524087
1552524091
1552524094
1552524095
1552524096
1552524096
1552524098
1552524099
1552524100
1552524101
1552524101
1552524103
1552524104
1552524105
1552524106
1552524107
1552524107
1552524108
1552524109
1552524109
1552524110
1552524112
1552524113
1552524114
1552524115
1552524116
1552524117
1552524117
1552524119
1552524120
1552524121
1552524122
1552524123
1552524126
1552524129
1552524130
1552524131
1552524131
1552524133
1552524134
1552524135
1552524136
1552524137
1552524137
1552524139
1552524140
1552524141
1552524142
1552524143
1552524144
1552524145
1552524146
1552524146
1552524148
1552524149
1552524150
1552524151
1552524152
1552524152
1552524153
1552524155
1552524156
1552524157
1552524158
1552524163
1552524163
1552524166
1552524167
1552524168
1552524169
1552524170
1552524171
1552524172
1552524173
1552524174
1552524175
1552524176
1552524177
1552524177
1552524179
1552524180
1552524181
1552524182
1552524183
1552524184
1552524185
1552524186
1552524186
1552524188
1552524192
1552524195
1552524196
1552524197
1552524198
1552524199
1552524199
1552524200
1552524202
1552524203
1552524204
1552524205
1552524206
1552524207
1552524207
1552524208
1552524210
1552524211
1552524212
1552524213
1552524214
1552524215
1552524216
1552524217
1552524218
1552524219
1552524220
1552524221
1552524222
1552524223
1552524223
1552524227
1552524230
1552524231
1552524232
1552524233
1552524234
1552524235
1552524235
1552524237
1552524238
1552524239
1552524239
1552524241
1552524242
1552524243
1552524244
1552524245
1552524246
1552524247
1552524248
1552524249
1552524250
1552524251
1552524252
1552524252
1552524254
1552524258
1552524258
1552524261
1552524262
1552524266
1552524269
1552524270
1552524271
1552524272
1552524273
1552524274
1552524274
1552524275
1552524276
1552524277
1552524278
1552524279
1552524280
1552524281
1552524282
1552524283
1552524283
1552524284
1552524285
1552524287
1552524288
1552524289
1552524290
1552524290
1552524291
1552524291
1552524293
1552524294
1552524295
1552524296
1552524297
1552524298
1552524299
1552524300
1552524301
1552524302
1552524302
1552524303
1552524305
1552524306
1552524307
1552524307
1552524308
1552524309
1552524313
1552524316
1552524317
1552524317
1552524318
1552524319
1552524320
1552524322
1552524322
1552524323
1552524329
1552524334
1552524337
1552524338
1552524339
1552524340
1552524341
1552524342
1552524343
1552524343
1552524345
1552524346
1552524347
1552524348
1552524349
1552524352
1552524355
1552524356
1552524357
1552524358
1552524362
1552524365
1552524366
1552524367
1552524368
1552524369
1552524370
1552524371
1552524371
1552524372
1552524374
1552524375
1552524376
1552524377
1552524378
1552524379
1552524380
1552524381
1552524382
1552524383
1552524384
1552524385
1552524386
1552524387
1552524388
1552524389
1552524392
1552524395
1552524396
1552524397
1552524398
1552524399
1552524400
1552524401
1552524402
1552524403
1552524403
1552524405
1552524406
1552524407
1552524408
1552524409
1552524409
1552524411
1552524412
1552524413
1552524414
1552524415
1552524416
1552524417
1552524418
1552524419
1552524420
1552524421
1552524422
1552524423
1552524423
1552524427
1552524430
1552524431
1552524432
1552524433
1552524434
1552524434
1552524436
1552524437
1552524438
1552524439
1552524440
1552524441
1552524441
1552524443
1552524445
1552524446
1552524447
1552524448
1552524449
1552524450
1552524451
1552524452
1552524453
1552524454
1552524459
1552524462
1552524463
1552524464
1552524465
1552524466
1552524466
1552524467
1552524469
1552524470
1552524471
1552524472
1552524472
1552524475
1552524476
1552524477
1552524478
1552524479
1552524480
1552524481
1552524482
1552524483
1552524484
1552524485
1552524486
1552524487
1552524488
1552524488
1552524490
1552524491
1552524492
1552524493
1552524494
1552524495
1552524496
1552524497
1552524498
1552524498
1552524499
1552524501
1552524502
1552524503
1552524504
1552524505
1552524506
1552524506
1552524508
1552524509
1552524510
1552524511
1552524512
1552524513
1552524514
1552524515
1552524516
1552524517
1552524518
1552524519
1552524520
1552524521
1552524522
1552524523
1552524524
1552524525
1552524526
1552524527
1552524528
1552524529
1552524530
1552524531
1552524532
1552524533
1552524534
1552524535
1552524536
1552524537
1552524538
1552524539
1552524539
1552524541
1552524542
1552524543
1552524544
1552524545
1552524546
1552524547
1552524547
1552524549
1552524553
1552524554
1552524555
1552524556
1552524557
1552524558
1552524559
1552524560
1552524561
1552524562
1552524563
1552524564
1552524565
1552524566
1552524567
1552524568
1552524569
1552524570
1552524571
1552524572
1552524573
1552524574
1552524575
1552524576
1552524577
1552524578
1552524578
1552524580
1552524581
1552524582
1552524583
1552524589
1552524590
1552524591
1552524592
1552524593
1552524594
1552524595
1552524596
1552524597
1552524598
1552524599
1552524600
1552524601
1552524602
1552524603
1552524603
1552524604
1552524606
1552524607
1552524608
1552524609
1552524610
1552524611
1552524612
1552524613
1552524614
1552524615
1552524616
1552524617
1552524618
1552524619
1552524624
1552524625
1552524625
1552524626
1552524628
1552524629
1552524630
1552524631
1552524632
1552524633
1552524634
1552524634
1552524636
1552524637
1552524638
1552524639
1552524640
1552524641
1552524642
1552524642
1552524644
1552524644
1552524647
1552524647
1552524653
1552524654
1552524655
1552524656
1552524656
1552524658
1552524659
1552524660
1552524661
1552524662
1552524663
1552524667
1552524668
1552524669
1552524670
1552524671
1552524672
1552524673
1552524673
1552524675
1552524676
1552524677
1552524678
1552524679
1552524680
1552524682
1552524682
1552524688
1552524688
1552524690
1552524691
1552524692
1552524693
1552524694
1552524694
1552524696
1552524697
1552524698
1552524698
1552524700
1552524704
1552524705
1552524705
1552524706
1552524707
1552524709
1552524710
1552524711
1552524712
1552524713
1552524714
1552524715
1552524716
1552524717
1552524718
1552524723
1552524724
1552524725
1552524726
1552524727
1552524728
1552524729
1552524730
1552524730
1552524732
1552524733
1552524734
1552524735
1552524736
1552524737
1552524738
1552524738
1552524740
1552524741
1552524742
1552524743
1552524744
1552524745
1552524746
1552524746
1552524747
1552524749
1552524750
1552524751
1552524752
1552524753
1552524754
1552524755
1552524756
1552524757
1552524758
1552524758
1552524759
1552524761
1552524762
1552524763
1552524764
1552524765
1552524766
1552524767
1552524768
1552524769
1552524770
1552524771
1552524772
1552524773
1552524774
1552524775
1552524776
1552524778
1552524779
1552524779
1552524782
1552524782
1552524783
1552524784
1552524788
1552524788
1552524790
1552524791
1552524792
1552524793
1552524794
1552524795
1552524795
1552524797
1552524798
1552524799
1552524801
1552524801
1552524804
1552524804
1552524807
1552524808
1552524808
1552524810
1552524811
1552524812
1552524813
1552524814
1552524815
1552524816
1552524817
1552524818
1552524819
1552524820
1552524824
1552524825
1552524826
1552524827
1552524828
1552524829
1552524830
1552524830
1552524831
1552524833
1552524834
1552524835
1552524836
1552524838
1552524838
1552524839
1552524842
1552524843
1552524843
1552524845
1552524846
1552524847
1552524848
1552524849
1552524850
1552524851
1552524851
1552524853
1552524854
1552524855
1552524856
1552524857
1552524858
1552524859
1552524860
1552524861
1552524861
1552524863
1552524864
1552524865
1552524866
1552524867
1552524868
1552524869
1552524870
1552524871
1552524871
1552524872
1552524872
1552524874
1552524875
1552524875
1552524876
1552524877
1552524878
1552524879
1552524879
1552524880
1552524881
1552524882
1552524883
1552524884
1552524885
1552524886
1552524886
1552524887
1552524888
1552524889
1552524890
1552524894
1552524895
1552524896
1552524897
1552524898
1552524899
1552524899
1552524901
1552524902
1552524903
1552524904
1552524904
1552524907
1552524907
1552524908
1552524908
1552524908
1552524908
1552524910
1552524911
1552524912
1552524913
1552524914
1552524915
1552524915
1552524916
1552524916
1552524917
1552524919
1552524919
1552524920
1552524921
1552524922
1552524923
1552524924
1552524925
1552524929
1552524929
1552524929
1552524931
1552524932
1552524933
1552524934
1552524935
1552524936
1552524937
1552524938
1552524938
1552524940
1552524940
1552524941
1552524942
1552524943
1552524943
1552524944
1552524945
1552524945
1552524946
1552524947
1552524948
1552524949
1552524949
1552524950
1552524950
1552524951
1552524952
1552524953
1552524954
1552524955
1552524959
1552524959
1552524959
1552524961
1552524962
1552524963
1552524964
1552524965
1552524966
1552524967
1552524968
1552524969
1552524969
1552524969
1552524969
1552524972
1552524973
1552524974
1552524975
1552524975
1552524976
1552524976
1552524976
1552524976
1552524978
1552524979
1552524980
1552524981
1552524982
1552524982
1552524983
1552524983
1552524983
1552524983
1552524985
1552524986
1552524987
1552524988
1552524989
1552524990
1552524991
1552524992
1552524993
1552524993
1552524993
1552524995
1552524996
1552524997
1552524997
1552524998
1552524998
1552524999
1552524999
1552525001
1552525002
1552525003
1552525004
1552525005
1552525006
1552525007
1552525008
1552525008
1552525008
1552525010
1552525010
1552525011
1552525012
1552525013
1552525014
1552525014
1552525016
1552525017
1552525018
1552525019
1552525020
1552525020
1552525022
1552525023
1552525024
1552525024
1552525025
1552525025
1552525032
1552525033
1552525033
1552525034
1552525034
1552525034
1552525034
1552525036
1552525036
1552525037
1552525038
1552525038
1552525038
1552525038
1552525040
1552525041
1552525041
1552525042
1552525043
1552525044
1552525045
1552525045
1552525045
1552525047
1552525048
1552525048
1552525049
1552525049
1552525050
1552525050
1552525051
1552525052
1552525052
1552525053
1552525054
1552525054
1552525059
1552525060
1552525060
1552525060
1552525062
1552525062
1552525063
1552525063
1552525064
1552525065
1552525065
1552525066
1552525067
1552525068
1552525068
1552525069
1552525070
1552525070
1552525071
1552525071
1552525072
1552525072
1552525073
1552525074
1552525075
1552525076
1552525077
1552525077
1552525078
1552525079
1552525079
1552525079
1552525081
1552525082
1552525082
1552525083
1552525083
1552525084
1552525084
1552525085
1552525085
1552525086
1552525086
1552525087
1552525087
1552525088
1552525088
1552525089
1552525089
1552525090
1552525090
1552525091
1552525091
1552525092
1552525093
1552525093
1552525094
1552525094
1552525095
1552525095
1552525096
1552525096
1552525096
1552525098
1552525098
1552525099
1552525099
1552525100
1552525100
1552525101
1552525101
1552525102
1552525102
1552525103
1552525103
1552525104
1552525104
1552525105
1552525105
1552525106
1552525106
1552525107
1552525107
1552525108
1552525108
1552525109
1552525109
1552525109
1552525109
1552525111
1552525111
1552525112
1552525112
1552525113
1552525113
1552525114
1552525115
1552525115
1552525116
1552525116
1552525117
1552525117
1552525118
1552525118
1552525119
1552525119
1552525120
1552525120
1552525121
1552525121
1552525122
1552525122
1552525123
1552525123
1552525124
1552525124
1552525125
1552525125
1552525127
1552525127
1552525128
1552525128
1552525129
1552525129
1552525130
1552525130
1552525131
1552525131
1552525132
1552525132
1552525133
1552525133
1552525134
1552525134
1552525135
1552525135
1552525136
1552525136
1552525137
1552525137
1552525138
1552525138
1552525139
1552525139
1552525140
1552525140
1552525141
1552525141
1552525142
1552525142
1552525143
1552525143
1552525144
1552525144
1552525145
1552525145
1552525146
1552525146
1552525147
1552525147
1552525148
1552525148
1552525148
1552525148
1552525150
1552525150
1552525154
1552525154
1552525155
1552525155
1552525156
1552525156
1552525157
1552525157
1552525158
1552525158
1552525159
1552525159
1552525160
1552525160
1552525161
1552525161
1552525162
1552525162
1552525163
1552525163
1552525164
1552525164
1552525165
1552525165
1552525166
1552525166
1552525168
1552525168
1552525169
1552525169
1552525169
1552525169
1552525172
1552525172
1552525173
1552525173
1552525174
1552525174
1552525175
1552525175
1552525176
1552525176
1552525177
1552525177
1552525177
1552525177
1552525179
1552525179
1552525180
1552525180
1552525181
1552525181
1552525182
1552525182
1552525183
1552525183
1552525184
1552525184
1552525184
1552525184
1552525190
1552525190
1552525191
1552525191
1552525192
1552525192
1552525193
1552525193
1552525193
1552525193
1552525195
1552525195
1552525196
1552525196
1552525197
1552525197
1552525198
1552525198
1552525199
1552525199
