9.598958333333334 1.0
12.630208333333334 1.0
13.135416666666668 1.0
14.145833333333334 1.0
16.671875 1.0
17.177083333333336 2.0
17.682291666666668 1.0
18.692708333333336 2.0
19.703125 1.0
20.208333333333336 2.0
20.713541666666668 6.0
21.21875 5.0
21.723958333333336 12.0
22.229166666666668 20.0
22.734375 36.0
23.239583333333336 52.0
23.744791666666668 74.0
24.25 128.0
24.755208333333336 165.0
25.260416666666668 245.0
25.765625000000004 345.0
26.270833333333336 460.0
26.776041666666668 613.0
27.281250000000004 759.0
27.786458333333336 842.0
28.291666666666668 1001.0
28.796875000000004 1167.0
29.302083333333336 1343.0
29.807291666666668 1474.0
30.312500000000004 1503.0
30.817708333333336 1669.0
31.322916666666668 1737.0
31.828125000000004 1949.0
32.333333333333336 1851.0
32.83854166666667 1829.0
33.34375 1965.0
33.848958333333336 2072.0
34.35416666666667 2072.0
34.859375 2144.0
35.364583333333336 2111.0
35.86979166666667 2092.0
36.375 2049.0
36.880208333333336 1973.0
37.38541666666667 1990.0
37.890625 2010.0
38.395833333333336 2008.0
38.90104166666667 1975.0
39.40625 1985.0
39.911458333333336 1929.0
40.41666666666667 1985.0
40.921875 1981.0
41.427083333333336 1998.0
41.93229166666667 2050.0
42.4375 2033.0
42.942708333333336 1979.0
43.44791666666667 2099.0
43.953125 2051.0
44.458333333333336 2116.0
44.96354166666667 2155.0
45.46875 2188.0
45.973958333333336 2231.0
46.47916666666667 2347.0
46.984375 2269.0
47.489583333333336 2315.0
47.99479166666667 2321.0
48.5 2468.0
49.005208333333336 2472.0
49.51041666666667 2469.0
50.01562500000001 2570.0
50.520833333333336 2651.0
51.02604166666667 2674.0
51.53125000000001 2588.0
52.036458333333336 2617.0
52.54166666666667 2724.0
53.04687500000001 2807.0
53.552083333333336 2733.0
54.05729166666667 2936.0
54.56250000000001 2934.0
55.067708333333336 2965.0
55.57291666666667 2881.0
56.07812500000001 3060.0
56.583333333333336 3060.0
57.08854166666667 3064.0
57.59375000000001 3124.0
58.098958333333336 3005.0
58.60416666666667 3083.0
59.10937500000001 3233.0
59.614583333333336 3256.0
60.11979166666667 3189.0
60.62500000000001 3173.0
61.130208333333336 3269.0
61.63541666666667 3239.0
62.14062500000001 3411.0
62.645833333333336 3211.0
63.15104166666667 3351.0
63.65625000000001 3287.0
64.16145833333334 3402.0
64.66666666666667 3337.0
65.171875 3402.0
65.67708333333334 3370.0
66.18229166666667 3398.0
66.6875 3307.0
67.19270833333334 3442.0
67.69791666666667 3408.0
68.203125 3349.0
68.70833333333334 3462.0
69.21354166666667 3333.0
69.71875 3484.0
70.22395833333334 3488.0
70.72916666666667 3362.0
71.234375 3415.0
71.73958333333334 3419.0
72.24479166666667 3517.0
72.75 3447.0
73.25520833333334 3439.0
73.76041666666667 3516.0
74.265625 3422.0
74.77083333333334 3370.0
75.27604166666667 3393.0
75.78125 3489.0
76.28645833333334 3316.0
76.79166666666667 3412.0
77.296875 3424.0
77.80208333333334 3360.0
78.30729166666667 3315.0
78.8125 3379.0
79.31770833333334 3369.0
79.82291666666667 3364.0
80.328125 3446.0
80.83333333333334 3449.0
81.33854166666667 3307.0
81.84375 3339.0
82.34895833333334 3442.0
82.85416666666667 3413.0
83.359375 3310.0
83.86458333333334 3347.0
84.36979166666667 3327.0
84.875 3233.0
85.38020833333334 3271.0
85.88541666666667 3195.0
86.390625 3294.0
86.89583333333334 3212.0
87.40104166666667 3266.0
87.90625 3219.0
88.41145833333334 3257.0
88.91666666666667 3203.0
89.421875 3280.0
89.92708333333334 3143.0
90.43229166666667 3159.0
90.9375 3175.0
91.44270833333334 3140.0
91.94791666666667 3133.0
92.453125 3136.0
92.95833333333334 3071.0
93.46354166666667 3140.0
93.96875 3140.0
94.47395833333334 3135.0
94.97916666666667 3028.0
95.484375 3145.0
95.98958333333334 3052.0
96.49479166666667 2979.0
97.0 3073.0
97.50520833333334 3055.0
98.01041666666667 2992.0
98.51562500000001 2945.0
99.02083333333334 2997.0
99.52604166666667 2964.0
100.03125000000001 3001.0
100.53645833333334 3024.0
101.04166666666667 2977.0
101.54687500000001 2913.0
102.05208333333334 2849.0
102.55729166666667 2967.0
103.06250000000001 2936.0
103.56770833333334 2959.0
104.07291666666667 2910.0
104.57812500000001 2843.0
105.08333333333334 2850.0
105.58854166666667 2881.0
106.09375000000001 2877.0
106.59895833333334 2763.0
107.10416666666667 2873.0
107.60937500000001 2858.0
108.11458333333334 2777.0
108.61979166666667 2741.0
109.12500000000001 2724.0
109.63020833333334 2779.0
110.13541666666667 2805.0
110.64062500000001 2813.0
111.14583333333334 2814.0
111.65104166666667 2678.0
112.15625000000001 2744.0
112.66145833333334 2701.0
113.16666666666667 2732.0
113.67187500000001 2742.0
114.17708333333334 2877.0
114.68229166666667 2646.0
115.18750000000001 2746.0
115.69270833333334 2700.0
116.19791666666667 2640.0
116.70312500000001 2682.0
117.20833333333334 2604.0
117.71354166666667 2640.0
118.21875000000001 2663.0
118.72395833333334 2692.0
119.22916666666667 2655.0
119.73437500000001 2715.0
120.23958333333334 2599.0
120.74479166666667 2625.0
121.25000000000001 2594.0
121.75520833333334 2575.0
122.26041666666667 2561.0
122.76562500000001 2579.0
123.27083333333334 2620.0
123.77604166666667 2677.0
124.28125000000001 2638.0
124.78645833333334 2606.0
125.29166666666667 2614.0
125.79687500000001 2550.0
126.30208333333334 2613.0
126.80729166666667 2578.0
127.31250000000001 2571.0
127.81770833333334 2553.0
128.32291666666669 2633.0
128.828125 2505.0
129.33333333333334 2544.0
129.83854166666669 2614.0
130.34375 2638.0
130.84895833333334 2594.0
131.35416666666669 2581.0
131.859375 2545.0
132.36458333333334 2479.0
132.86979166666669 2433.0
133.375 2657.0
133.88020833333334 2517.0
134.38541666666669 2531.0
134.890625 2505.0
135.39583333333334 2591.0
135.90104166666669 2566.0
136.40625 2485.0
136.91145833333334 2539.0
137.41666666666669 2549.0
137.921875 2508.0
138.42708333333334 2540.0
138.93229166666669 2521.0
139.4375 2612.0
139.94270833333334 2534.0
140.44791666666669 2513.0
140.953125 2478.0
141.45833333333334 2585.0
141.96354166666669 2480.0
142.46875 2511.0
142.97395833333334 2542.0
143.47916666666669 2541.0
143.984375 2600.0
144.48958333333334 2604.0
144.99479166666669 2602.0
145.5 2577.0
146.00520833333334 2567.0
146.51041666666669 2637.0
147.015625 2584.0
147.52083333333334 2626.0
148.02604166666669 2551.0
148.53125 2637.0
149.03645833333334 2662.0
149.54166666666669 2621.0
150.046875 2489.0
150.55208333333334 2660.0
151.05729166666669 2537.0
151.5625 2563.0
152.06770833333334 2542.0
152.57291666666669 2589.0
153.078125 2525.0
153.58333333333334 2557.0
154.08854166666669 2607.0
154.59375 2573.0
155.09895833333334 2502.0
155.60416666666669 2584.0
156.109375 2499.0
156.61458333333334 2673.0
157.11979166666669 2632.0
157.625 2592.0
158.13020833333334 2595.0
158.63541666666669 2600.0
159.140625 2553.0
159.64583333333334 2599.0
160.15104166666669 2525.0
160.65625 2585.0
161.16145833333334 2536.0
161.66666666666669 2519.0
162.171875 2515.0
162.67708333333334 2669.0
163.18229166666669 2623.0
163.6875 2663.0
164.19270833333334 2630.0
164.69791666666669 2678.0
165.203125 2606.0
165.70833333333334 2682.0
166.21354166666669 2651.0
166.71875 2635.0
167.22395833333334 2552.0
167.72916666666669 2731.0
168.234375 2602.0
168.73958333333334 2486.0
169.24479166666669 2677.0
169.75 2694.0
170.25520833333334 2616.0
170.76041666666669 2692.0
171.265625 2664.0
171.77083333333334 2587.0
172.27604166666669 2633.0
172.78125 2722.0
173.28645833333334 2647.0
173.79166666666669 2791.0
174.296875 2640.0
174.80208333333334 2567.0
175.30729166666669 2633.0
175.8125 2618.0
176.31770833333334 2651.0
176.82291666666669 2551.0
177.328125 2613.0
177.83333333333334 2554.0
178.33854166666669 2608.0
178.84375 2599.0
179.34895833333334 2600.0
179.85416666666669 2628.0
180.359375 2537.0
180.86458333333334 2561.0
181.36979166666669 2572.0
181.875 2578.0
182.38020833333334 2579.0
182.88541666666669 2586.0
183.390625 2527.0
183.89583333333334 2599.0
184.40104166666669 2573.0
184.90625 2586.0
185.41145833333334 2575.0
185.91666666666669 2596.0
186.421875 2466.0
186.92708333333334 2507.0
187.43229166666669 2555.0
187.9375 2502.0
188.44270833333334 2500.0
188.94791666666669 2475.0
189.453125 2586.0
189.95833333333334 2584.0
190.46354166666669 2550.0
190.96875 2477.0
191.47395833333334 2489.0
191.97916666666669 2544.0
192.484375 2582.0
192.98958333333334 2574.0
193.49479166666669 2449.0
194.0 2532.0
194.50520833333334 2409.0
195.01041666666669 2416.0
195.51562500000003 2433.0
196.02083333333334 2476.0
196.52604166666669 2496.0
197.03125000000003 2440.0
197.53645833333334 2341.0
198.04166666666669 2421.0
198.54687500000003 2396.0
199.05208333333334 2370.0
199.55729166666669 2482.0
200.06250000000003 2429.0
200.56770833333334 2385.0
201.07291666666669 2359.0
201.57812500000003 2305.0
202.08333333333334 2336.0
202.58854166666669 2325.0
203.09375000000003 2414.0
203.59895833333334 2382.0
204.10416666666669 2308.0
204.60937500000003 2347.0
205.11458333333334 2296.0
205.61979166666669 2286.0
206.12500000000003 2267.0
206.63020833333334 2218.0
207.13541666666669 2342.0
207.64062500000003 2271.0
208.14583333333334 2300.0
208.65104166666669 2228.0
209.15625000000003 2252.0
209.66145833333334 2164.0
210.16666666666669 2128.0
210.67187500000003 2202.0
211.17708333333334 2164.0
211.68229166666669 2179.0
212.18750000000003 2188.0
212.69270833333334 2058.0
213.19791666666669 2173.0
213.70312500000003 2083.0
214.20833333333334 2087.0
214.71354166666669 2105.0
215.21875000000003 2070.0
215.72395833333334 2108.0
216.22916666666669 2156.0
216.73437500000003 2071.0
217.23958333333334 2036.0
217.74479166666669 2027.0
218.25000000000003 2019.0
218.75520833333334 2038.0
219.26041666666669 2039.0
219.76562500000003 2019.0
220.27083333333334 1993.0
220.77604166666669 2007.0
221.28125000000003 1946.0
221.78645833333334 1953.0
222.29166666666669 1944.0
222.79687500000003 2027.0
223.30208333333334 1931.0
223.80729166666669 1952.0
224.31250000000003 1925.0
224.81770833333334 1851.0
225.32291666666669 1915.0
225.82812500000003 1878.0
226.33333333333334 1815.0
226.83854166666669 1845.0
227.34375000000003 1779.0
227.84895833333334 1831.0
228.35416666666669 1811.0
228.85937500000003 1728.0
229.36458333333334 1803.0
229.86979166666669 1714.0
230.37500000000003 1726.0
230.88020833333334 1675.0
231.38541666666669 1766.0
231.89062500000003 1725.0
232.39583333333334 1678.0
232.90104166666669 1651.0
233.40625000000003 1692.0
233.91145833333334 1693.0
234.41666666666669 1646.0
234.92187500000003 1710.0
235.42708333333334 1604.0
235.93229166666669 1547.0
236.43750000000003 1617.0
236.94270833333334 1569.0
237.44791666666669 1571.0
237.95312500000003 1575.0
238.45833333333334 1608.0
238.96354166666669 1490.0
239.46875000000003 1572.0
239.97395833333334 1538.0
240.47916666666669 1473.0
240.98437500000003 1530.0
241.48958333333334 1515.0
241.99479166666669 1445.0
242.50000000000003 1473.0
243.00520833333334 1435.0
243.51041666666669 1455.0
244.01562500000003 1468.0
244.52083333333334 1451.0
245.02604166666669 1440.0
245.53125000000003 1380.0
246.03645833333334 1331.0
246.54166666666669 1373.0
247.04687500000003 1338.0
247.55208333333334 1359.0
248.05729166666669 1373.0
248.56250000000003 1331.0
249.06770833333334 1344.0
249.57291666666669 1312.0
250.07812500000003 1350.0
250.58333333333334 1285.0
251.08854166666669 1213.0
251.59375000000003 1249.0
252.09895833333334 1235.0
252.60416666666669 1254.0
253.10937500000003 1288.0
253.61458333333334 1238.0
254.11979166666669 1220.0
254.62500000000003 1142.0
255.13020833333334 1146.0
255.63541666666669 1224.0
256.140625 1187.0
256.64583333333337 1164.0
257.1510416666667 1184.0
257.65625 1229.0
258.16145833333337 1137.0
258.6666666666667 1038.0
259.171875 1087.0
259.67708333333337 1092.0
260.1822916666667 1128.0
260.6875 1100.0
261.19270833333337 1090.0
261.6979166666667 1076.0
262.203125 1069.0
262.70833333333337 1052.0
263.2135416666667 991.0
263.71875 961.0
264.22395833333337 1053.0
264.7291666666667 996.0
265.234375 1010.0
265.73958333333337 1026.0
266.2447916666667 936.0
266.75 933.0
267.25520833333337 975.0
267.7604166666667 932.0
268.265625 1008.0
268.77083333333337 974.0
269.2760416666667 900.0
269.78125 904.0
270.28645833333337 856.0
270.7916666666667 848.0
271.296875 924.0
271.80208333333337 856.0
272.3072916666667 876.0
272.8125 905.0
273.31770833333337 859.0
273.8229166666667 827.0
274.328125 869.0
274.83333333333337 909.0
275.3385416666667 830.0
275.84375 813.0
276.34895833333337 800.0
276.8541666666667 834.0
277.359375 816.0
277.86458333333337 813.0
278.3697916666667 800.0
278.875 767.0
279.38020833333337 743.0
279.8854166666667 711.0
280.390625 750.0
280.89583333333337 748.0
281.4010416666667 760.0
281.90625 739.0
282.41145833333337 708.0
282.9166666666667 697.0
283.421875 720.0
283.92708333333337 730.0
284.4322916666667 678.0
284.9375 749.0
285.44270833333337 669.0
285.9479166666667 668.0
286.453125 666.0
286.95833333333337 685.0
287.4635416666667 694.0
287.96875 668.0
288.47395833333337 628.0
288.9791666666667 640.0
289.484375 646.0
289.98958333333337 634.0
290.4947916666667 615.0
291.0 641.0
291.50520833333337 646.0
292.0104166666667 619.0
292.515625 561.0
293.02083333333337 648.0
293.5260416666667 638.0
294.03125 624.0
294.53645833333337 604.0
295.0416666666667 610.0
295.546875 574.0
296.05208333333337 559.0
296.5572916666667 589.0
297.0625 557.0
297.56770833333337 554.0
298.0729166666667 579.0
298.578125 561.0
299.08333333333337 601.0
299.5885416666667 558.0
300.09375 493.0
300.59895833333337 549.0
301.1041666666667 545.0
301.609375 517.0
302.11458333333337 493.0
302.6197916666667 511.0
303.125 510.0
303.63020833333337 488.0
304.1354166666667 467.0
304.640625 481.0
305.14583333333337 468.0
305.6510416666667 493.0
306.15625 505.0
306.66145833333337 477.0
307.1666666666667 447.0
307.671875 488.0
308.17708333333337 470.0
308.6822916666667 493.0
309.1875 498.0
309.69270833333337 447.0
310.1979166666667 477.0
310.703125 484.0
311.20833333333337 478.0
311.7135416666667 414.0
312.21875 450.0
312.72395833333337 467.0
313.2291666666667 461.0
313.734375 422.0
314.23958333333337 446.0
314.7447916666667 439.0
315.25 472.0
315.75520833333337 412.0
316.2604166666667 402.0
316.765625 402.0
317.27083333333337 429.0
317.7760416666667 401.0
318.28125 431.0
318.78645833333337 398.0
319.2916666666667 411.0
319.796875 393.0
320.30208333333337 384.0
320.8072916666667 407.0
321.3125 392.0
321.81770833333337 402.0
322.3229166666667 388.0
322.828125 369.0
323.33333333333337 356.0
323.8385416666667 376.0
324.34375 372.0
324.84895833333337 368.0
325.3541666666667 393.0
325.859375 360.0
326.36458333333337 342.0
326.8697916666667 305.0
327.375 346.0
327.88020833333337 364.0
328.3854166666667 350.0
328.890625 326.0
329.39583333333337 364.0
329.9010416666667 334.0
330.40625 348.0
330.91145833333337 351.0
331.4166666666667 334.0
331.921875 322.0
332.42708333333337 325.0
332.9322916666667 312.0
333.4375 322.0
333.94270833333337 314.0
334.4479166666667 333.0
334.953125 296.0
335.45833333333337 297.0
335.9635416666667 299.0
336.46875 303.0
336.97395833333337 297.0
337.4791666666667 299.0
337.984375 289.0
338.48958333333337 272.0
338.9947916666667 278.0
339.5 295.0
340.00520833333337 248.0
340.5104166666667 305.0
341.015625 277.0
341.52083333333337 270.0
342.0260416666667 281.0
342.53125 244.0
343.03645833333337 243.0
343.5416666666667 267.0
344.046875 260.0
344.55208333333337 261.0
345.0572916666667 277.0
345.5625 241.0
346.06770833333337 281.0
346.5729166666667 252.0
347.078125 272.0
347.58333333333337 240.0
348.0885416666667 257.0
348.59375 259.0
349.09895833333337 225.0
349.6041666666667 228.0
350.109375 197.0
350.61458333333337 236.0
351.1197916666667 232.0
351.625 216.0
352.13020833333337 205.0
352.6354166666667 226.0
353.140625 242.0
353.64583333333337 249.0
354.1510416666667 254.0
354.65625 202.0
355.16145833333337 221.0
355.6666666666667 214.0
356.171875 225.0
356.67708333333337 209.0
357.1822916666667 210.0
357.6875 250.0
358.19270833333337 215.0
358.6979166666667 215.0
359.203125 228.0
359.70833333333337 205.0
360.2135416666667 179.0
360.71875 221.0
361.22395833333337 213.0
361.7291666666667 225.0
362.234375 220.0
362.73958333333337 185.0
363.2447916666667 219.0
363.75 207.0
364.25520833333337 179.0
364.7604166666667 176.0
365.265625 197.0
365.77083333333337 164.0
366.2760416666667 200.0
366.78125 187.0
367.28645833333337 186.0
367.7916666666667 176.0
368.296875 179.0
368.80208333333337 162.0
369.3072916666667 182.0
369.8125 165.0
370.31770833333337 198.0
370.8229166666667 147.0
371.328125 184.0
371.83333333333337 144.0
372.3385416666667 166.0
372.84375 180.0
373.34895833333337 212.0
373.8541666666667 192.0
374.359375 166.0
374.86458333333337 154.0
375.3697916666667 173.0
375.875 168.0
376.38020833333337 168.0
376.8854166666667 152.0
377.390625 158.0
377.89583333333337 155.0
378.4010416666667 162.0
378.90625 156.0
379.41145833333337 141.0
379.9166666666667 166.0
380.421875 168.0
380.92708333333337 131.0
381.4322916666667 144.0
381.9375 156.0
382.44270833333337 140.0
382.9479166666667 134.0
383.453125 141.0
383.95833333333337 146.0
384.4635416666667 149.0
384.96875 141.0
385.47395833333337 144.0
385.9791666666667 137.0
386.484375 132.0
386.98958333333337 127.0
387.4947916666667 132.0
388.0 138.0
388.50520833333337 124.0
389.0104166666667 152.0
389.51562500000006 131.0
390.02083333333337 137.0
390.5260416666667 137.0
391.03125000000006 122.0
391.53645833333337 114.0
392.0416666666667 121.0
392.54687500000006 119.0
393.05208333333337 132.0
393.5572916666667 137.0
394.06250000000006 119.0
394.56770833333337 121.0
395.0729166666667 131.0
395.57812500000006 120.0
396.08333333333337 130.0
396.5885416666667 117.0
397.09375000000006 137.0
397.59895833333337 102.0
398.1041666666667 105.0
398.60937500000006 113.0
399.11458333333337 122.0
399.6197916666667 117.0
400.12500000000006 108.0
400.63020833333337 112.0
401.1354166666667 110.0
401.64062500000006 113.0
402.14583333333337 112.0
402.6510416666667 100.0
403.15625000000006 126.0
403.66145833333337 104.0
404.1666666666667 132.0
404.67187500000006 112.0
405.17708333333337 104.0
405.6822916666667 114.0
406.18750000000006 119.0
406.69270833333337 98.0
407.1979166666667 108.0
407.70312500000006 99.0
408.20833333333337 126.0
408.7135416666667 79.0
409.21875000000006 104.0
409.72395833333337 107.0
410.2291666666667 99.0
410.73437500000006 89.0
411.23958333333337 122.0
411.7447916666667 99.0
412.25000000000006 108.0
412.75520833333337 110.0
413.2604166666667 89.0
413.76562500000006 91.0
414.27083333333337 110.0
414.7760416666667 91.0
415.28125000000006 90.0
415.78645833333337 109.0
416.2916666666667 110.0
416.79687500000006 100.0
417.30208333333337 98.0
417.8072916666667 101.0
418.31250000000006 95.0
418.81770833333337 87.0
419.3229166666667 87.0
419.82812500000006 93.0
420.33333333333337 97.0
420.8385416666667 80.0
421.34375000000006 97.0
421.84895833333337 94.0
422.3541666666667 101.0
422.85937500000006 93.0
423.36458333333337 71.0
423.8697916666667 86.0
424.37500000000006 84.0
424.88020833333337 82.0
425.3854166666667 100.0
425.89062500000006 90.0
426.39583333333337 85.0
426.9010416666667 84.0
427.40625000000006 76.0
427.91145833333337 76.0
428.4166666666667 70.0
428.92187500000006 77.0
429.42708333333337 71.0
429.9322916666667 109.0
430.43750000000006 75.0
430.94270833333337 68.0
431.4479166666667 83.0
431.95312500000006 74.0
432.45833333333337 89.0
432.9635416666667 86.0
433.46875000000006 99.0
433.97395833333337 75.0
434.4791666666667 79.0
434.98437500000006 73.0
435.48958333333337 74.0
435.9947916666667 68.0
436.50000000000006 85.0
437.00520833333337 85.0
437.5104166666667 67.0
438.01562500000006 81.0
438.52083333333337 78.0
439.0260416666667 77.0
439.53125000000006 79.0
440.03645833333337 63.0
440.5416666666667 56.0
441.04687500000006 83.0
441.55208333333337 76.0
442.0572916666667 62.0
442.56250000000006 70.0
443.06770833333337 81.0
443.5729166666667 66.0
444.07812500000006 63.0
444.58333333333337 67.0
445.0885416666667 76.0
445.59375000000006 50.0
446.09895833333337 83.0
446.6041666666667 74.0
447.10937500000006 79.0
447.61458333333337 76.0
448.1197916666667 65.0
448.62500000000006 61.0
449.13020833333337 76.0
449.6354166666667 70.0
450.14062500000006 69.0
450.64583333333337 69.0
451.1510416666667 64.0
451.65625000000006 63.0
452.16145833333337 68.0
452.6666666666667 62.0
453.17187500000006 71.0
453.67708333333337 63.0
454.1822916666667 66.0
454.68750000000006 51.0
455.19270833333337 55.0
455.6979166666667 73.0
456.20312500000006 82.0
456.70833333333337 68.0
457.2135416666667 63.0
457.71875000000006 69.0
458.22395833333337 79.0
458.7291666666667 57.0
459.23437500000006 67.0
459.73958333333337 52.0
460.2447916666667 61.0
460.75000000000006 56.0
461.25520833333337 72.0
461.7604166666667 43.0
462.26562500000006 60.0
462.77083333333337 73.0
463.2760416666667 63.0
463.78125000000006 61.0
464.28645833333337 38.0
464.7916666666667 69.0
465.29687500000006 58.0
465.80208333333337 58.0
466.3072916666667 61.0
466.81250000000006 58.0
467.31770833333337 57.0
467.8229166666667 62.0
468.32812500000006 70.0
468.83333333333337 56.0
469.3385416666667 58.0
469.84375000000006 56.0
470.34895833333337 52.0
470.8541666666667 47.0
471.35937500000006 65.0
471.86458333333337 67.0
472.3697916666667 64.0
472.87500000000006 62.0
473.38020833333337 49.0
473.8854166666667 59.0
474.39062500000006 59.0
474.89583333333337 70.0
475.4010416666667 48.0
475.90625000000006 63.0
476.41145833333337 53.0
476.9166666666667 60.0
477.42187500000006 48.0
477.92708333333337 58.0
478.4322916666667 55.0
478.93750000000006 56.0
479.44270833333337 49.0
479.9479166666667 54.0
480.45312500000006 35.0
480.95833333333337 70.0
481.4635416666667 38.0
481.96875000000006 53.0
482.47395833333337 58.0
482.9791666666667 55.0
483.48437500000006 44.0
483.98958333333337 61.0
484.4947916666667 58.0
485.00000000000006 66.0
485.50520833333337 48.0
486.0104166666667 66.0
486.51562500000006 56.0
487.02083333333337 58.0
487.5260416666667 52.0
488.03125000000006 49.0
488.53645833333337 51.0
489.0416666666667 46.0
489.54687500000006 44.0
490.05208333333337 38.0
490.5572916666667 50.0
491.06250000000006 51.0
491.56770833333337 54.0
492.0729166666667 54.0
492.57812500000006 52.0
493.08333333333337 32.0
493.5885416666667 47.0
494.09375000000006 51.0
494.59895833333337 53.0
495.1041666666667 52.0
495.60937500000006 61.0
496.11458333333337 54.0
496.6197916666667 48.0
497.12500000000006 49.0
497.63020833333337 44.0
498.1354166666667 41.0
498.64062500000006 39.0
499.14583333333337 50.0
499.6510416666667 37.0
500.15625000000006 50.0
500.66145833333337 41.0
501.1666666666667 49.0
501.67187500000006 43.0
502.17708333333337 44.0
502.6822916666667 47.0
503.18750000000006 44.0
503.69270833333337 42.0
504.1979166666667 43.0
504.70312500000006 39.0
505.20833333333337 41.0
505.7135416666667 34.0
506.21875000000006 41.0
506.72395833333337 41.0
507.2291666666667 54.0
507.73437500000006 35.0
508.23958333333337 47.0
508.7447916666667 47.0
509.25000000000006 35.0
509.75520833333337 45.0
510.2604166666667 36.0
510.76562500000006 38.0
511.27083333333337 41.0
511.7760416666667 34.0
512.28125 37.0
512.7864583333334 48.0
513.2916666666667 32.0
513.796875 40.0
514.3020833333334 47.0
514.8072916666667 44.0
515.3125 38.0
515.8177083333334 37.0
516.3229166666667 41.0
516.828125 39.0
517.3333333333334 33.0
517.8385416666667 39.0
518.34375 52.0
518.8489583333334 39.0
519.3541666666667 42.0
519.859375 31.0
520.3645833333334 32.0
520.8697916666667 41.0
521.375 32.0
521.8802083333334 30.0
522.3854166666667 28.0
522.890625 34.0
523.3958333333334 35.0
523.9010416666667 41.0
524.40625 28.0
524.9114583333334 34.0
525.4166666666667 47.0
525.921875 40.0
526.4270833333334 42.0
526.9322916666667 40.0
527.4375 46.0
527.9427083333334 32.0
528.4479166666667 40.0
528.953125 39.0
529.4583333333334 45.0
529.9635416666667 35.0
530.46875 27.0
530.9739583333334 38.0
531.4791666666667 31.0
531.984375 29.0
532.4895833333334 36.0
532.9947916666667 31.0
533.5 31.0
534.0052083333334 34.0
534.5104166666667 34.0
535.015625 39.0
535.5208333333334 35.0
536.0260416666667 32.0
536.53125 33.0
537.0364583333334 38.0
537.5416666666667 26.0
538.046875 21.0
538.5520833333334 31.0
539.0572916666667 31.0
539.5625 23.0
540.0677083333334 27.0
540.5729166666667 31.0
541.078125 33.0
541.5833333333334 31.0
542.0885416666667 34.0
542.59375 28.0
543.0989583333334 25.0
543.6041666666667 26.0
544.109375 30.0
544.6145833333334 21.0
545.1197916666667 38.0
545.625 34.0
546.1302083333334 38.0
546.6354166666667 33.0
547.140625 33.0
547.6458333333334 31.0
548.1510416666667 25.0
548.65625 22.0
549.1614583333334 28.0
549.6666666666667 27.0
550.171875 31.0
550.6770833333334 39.0
551.1822916666667 26.0
551.6875 25.0
552.1927083333334 31.0
552.6979166666667 24.0
553.203125 20.0
553.7083333333334 25.0
554.2135416666667 26.0
554.71875 21.0
555.2239583333334 24.0
555.7291666666667 33.0
556.234375 26.0
556.7395833333334 21.0
557.2447916666667 26.0
557.75 19.0
558.2552083333334 28.0
558.7604166666667 28.0
559.265625 30.0
559.7708333333334 32.0
560.2760416666667 24.0
560.78125 31.0
561.2864583333334 19.0
561.7916666666667 24.0
562.296875 25.0
562.8020833333334 30.0
563.3072916666667 27.0
563.8125 35.0
564.3177083333334 18.0
564.8229166666667 19.0
565.328125 21.0
565.8333333333334 32.0
566.3385416666667 30.0
566.84375 24.0
567.3489583333334 20.0
567.8541666666667 21.0
568.359375 26.0
568.8645833333334 24.0
569.3697916666667 26.0
569.875 20.0
570.3802083333334 18.0
570.8854166666667 20.0
571.390625 30.0
571.8958333333334 14.0
572.4010416666667 24.0
572.90625 26.0
573.4114583333334 19.0
573.9166666666667 24.0
574.421875 24.0
574.9270833333334 20.0
575.4322916666667 19.0
575.9375 21.0
576.4427083333334 29.0
576.9479166666667 17.0
577.453125 15.0
577.9583333333334 27.0
578.4635416666667 17.0
578.96875 23.0
579.4739583333334 32.0
579.9791666666667 32.0
580.484375 21.0
580.9895833333334 19.0
581.4947916666667 12.0
582.0 26.0
582.5052083333334 21.0
583.0104166666667 22.0
583.515625 21.0
584.0208333333334 20.0
584.5260416666667 20.0
585.03125 28.0
585.5364583333334 18.0
586.0416666666667 21.0
586.546875 14.0
587.0520833333334 20.0
587.5572916666667 21.0
588.0625 27.0
588.5677083333334 13.0
589.0729166666667 27.0
589.578125 22.0
590.0833333333334 19.0
590.5885416666667 23.0
591.09375 17.0
591.5989583333334 18.0
592.1041666666667 18.0
592.609375 23.0
593.1145833333334 24.0
593.6197916666667 20.0
594.125 22.0
594.6302083333334 25.0
595.1354166666667 20.0
595.640625 25.0
596.1458333333334 17.0
596.6510416666667 19.0
597.15625 21.0
597.6614583333334 17.0
598.1666666666667 19.0
598.671875 23.0
599.1770833333334 20.0
599.6822916666667 26.0
600.1875 27.0
600.6927083333334 23.0
601.1979166666667 24.0
601.703125 13.0
602.2083333333334 21.0
602.7135416666667 19.0
603.21875 17.0
603.7239583333334 14.0
604.2291666666667 19.0
604.734375 16.0
605.2395833333334 18.0
605.7447916666667 22.0
606.25 12.0
606.7552083333334 18.0
607.2604166666667 22.0
607.765625 21.0
608.2708333333334 15.0
608.7760416666667 17.0
609.28125 18.0
609.7864583333334 14.0
610.2916666666667 12.0
610.796875 16.0
611.3020833333334 19.0
611.8072916666667 19.0
612.3125 12.0
612.8177083333334 24.0
613.3229166666667 22.0
613.828125 20.0
614.3333333333334 15.0
614.8385416666667 19.0
615.34375 19.0
615.8489583333334 18.0
616.3541666666667 13.0
616.859375 14.0
617.3645833333334 15.0
617.8697916666667 21.0
618.375 27.0
618.8802083333334 15.0
619.3854166666667 11.0
619.890625 9.0
620.3958333333334 22.0
620.9010416666667 24.0
621.40625 14.0
621.9114583333334 21.0
622.4166666666667 21.0
622.921875 23.0
623.4270833333334 15.0
623.9322916666667 19.0
624.4375 8.0
624.9427083333334 16.0
625.4479166666667 21.0
625.953125 17.0
626.4583333333334 11.0
626.9635416666667 20.0
627.46875 11.0
627.9739583333334 17.0
628.4791666666667 18.0
628.984375 12.0
629.4895833333334 21.0
629.9947916666667 14.0
630.5 12.0
631.0052083333334 13.0
631.5104166666667 21.0
632.015625 21.0
632.5208333333334 21.0
633.0260416666667 18.0
633.53125 17.0
634.0364583333334 19.0
634.5416666666667 16.0
635.046875 20.0
635.5520833333334 14.0
636.0572916666667 15.0
636.5625 18.0
637.0677083333334 16.0
637.5729166666667 11.0
638.078125 16.0
638.5833333333334 18.0
639.0885416666667 10.0
639.59375 15.0
640.0989583333334 16.0
640.6041666666667 24.0
641.109375 14.0
641.6145833333334 17.0
642.1197916666667 11.0
642.625 14.0
643.1302083333334 13.0
643.6354166666667 11.0
644.140625 14.0
644.6458333333334 13.0
645.1510416666667 14.0
645.65625 18.0
646.1614583333334 17.0
646.6666666666667 10.0
647.171875 11.0
647.6770833333334 13.0
648.1822916666667 12.0
648.6875 14.0
649.1927083333334 18.0
649.6979166666667 15.0
650.203125 23.0
650.7083333333334 17.0
651.2135416666667 10.0
651.71875 9.0
652.2239583333334 15.0
652.7291666666667 14.0
653.234375 19.0
653.7395833333334 11.0
654.2447916666667 14.0
654.75 13.0
655.2552083333334 5.0
655.7604166666667 17.0
656.265625 13.0
656.7708333333334 13.0
657.2760416666667 17.0
657.78125 11.0
658.2864583333334 14.0
658.7916666666667 16.0
659.296875 9.0
659.8020833333334 20.0
660.3072916666667 10.0
660.8125 13.0
661.3177083333334 8.0
661.8229166666667 17.0
662.328125 13.0
662.8333333333334 10.0
663.3385416666667 17.0
663.84375 13.0
664.3489583333334 9.0
664.8541666666667 11.0
665.359375 15.0
665.8645833333334 11.0
666.3697916666667 13.0
666.875 8.0
667.3802083333334 17.0
667.8854166666667 8.0
668.390625 18.0
668.8958333333334 10.0
669.4010416666667 15.0
669.90625 9.0
670.4114583333334 16.0
670.9166666666667 10.0
671.421875 14.0
671.9270833333334 11.0
672.4322916666667 8.0
672.9375 18.0
673.4427083333334 11.0
673.9479166666667 11.0
674.453125 11.0
674.9583333333334 13.0
675.4635416666667 13.0
675.96875 10.0
676.4739583333334 13.0
676.9791666666667 14.0
677.484375 12.0
677.9895833333334 15.0
678.4947916666667 10.0
679.0 13.0
679.5052083333334 8.0
680.0104166666667 15.0
680.515625 12.0
681.0208333333334 9.0
681.5260416666667 13.0
682.03125 7.0
682.5364583333334 10.0
683.0416666666667 11.0
683.546875 11.0
684.0520833333334 17.0
684.5572916666667 17.0
685.0625 15.0
685.5677083333334 11.0
686.0729166666667 15.0
686.578125 7.0
687.0833333333334 19.0
687.5885416666667 12.0
688.09375 11.0
688.5989583333334 15.0
689.1041666666667 9.0
689.609375 15.0
690.1145833333334 10.0
690.6197916666667 13.0
691.125 10.0
691.6302083333334 20.0
692.1354166666667 11.0
692.640625 16.0
693.1458333333334 10.0
693.6510416666667 10.0
694.15625 9.0
694.6614583333334 11.0
695.1666666666667 6.0
695.671875 6.0
696.1770833333334 6.0
696.6822916666667 16.0
697.1875 18.0
697.6927083333334 7.0
698.1979166666667 9.0
698.703125 10.0
699.2083333333334 16.0
699.7135416666667 15.0
700.21875 9.0
700.7239583333334 10.0
701.2291666666667 9.0
701.734375 12.0
702.2395833333334 12.0
702.7447916666667 13.0
703.25 8.0
703.7552083333334 13.0
704.2604166666667 14.0
704.765625 8.0
705.2708333333334 10.0
705.7760416666667 13.0
706.28125 6.0
706.7864583333334 7.0
707.2916666666667 9.0
707.796875 13.0
708.3020833333334 12.0
708.8072916666667 12.0
709.3125 7.0
709.8177083333334 5.0
710.3229166666667 11.0
710.828125 11.0
711.3333333333334 9.0
711.8385416666667 12.0
712.34375 12.0
712.8489583333334 14.0
713.3541666666667 10.0
713.859375 13.0
714.3645833333334 6.0
714.8697916666667 19.0
715.375 7.0
715.8802083333334 8.0
716.3854166666667 5.0
716.890625 12.0
717.3958333333334 12.0
717.9010416666667 8.0
718.40625 6.0
718.9114583333334 8.0
719.4166666666667 5.0
719.921875 8.0
720.4270833333334 9.0
720.9322916666667 6.0
721.4375 9.0
721.9427083333334 6.0
722.4479166666667 8.0
722.953125 11.0
723.4583333333334 7.0
723.9635416666667 8.0
724.46875 8.0
724.9739583333334 3.0
725.4791666666667 15.0
725.984375 4.0
726.4895833333334 4.0
726.9947916666667 10.0
727.5 7.0
728.0052083333334 16.0
728.5104166666667 10.0
729.015625 10.0
729.5208333333334 11.0
730.0260416666667 11.0
730.53125 10.0
731.0364583333334 5.0
731.5416666666667 8.0
732.046875 7.0
732.5520833333334 4.0
733.0572916666667 7.0
733.5625 18.0
734.0677083333334 16.0
734.5729166666667 5.0
735.078125 11.0
735.5833333333334 11.0
736.0885416666667 14.0
736.59375 3.0
737.0989583333334 7.0
737.6041666666667 16.0
738.109375 11.0
738.6145833333334 9.0
739.1197916666667 6.0
739.625 9.0
740.1302083333334 7.0
740.6354166666667 9.0
741.140625 12.0
741.6458333333334 14.0
742.1510416666667 8.0
742.65625 10.0
743.1614583333334 9.0
743.6666666666667 14.0
744.171875 9.0
744.6770833333334 10.0
745.1822916666667 8.0
745.6875 8.0
746.1927083333334 6.0
746.6979166666667 10.0
747.203125 10.0
747.7083333333334 11.0
748.2135416666667 9.0
748.71875 12.0
749.2239583333334 4.0
749.7291666666667 5.0
750.234375 11.0
750.7395833333334 8.0
751.2447916666667 9.0
751.75 10.0
752.2552083333334 8.0
752.7604166666667 8.0
753.265625 10.0
753.7708333333334 9.0
754.2760416666667 11.0
754.78125 5.0
755.2864583333334 7.0
755.7916666666667 8.0
756.296875 7.0
756.8020833333334 11.0
757.3072916666667 7.0
757.8125 13.0
758.3177083333334 10.0
758.8229166666667 9.0
759.328125 11.0
759.8333333333334 4.0
760.3385416666667 12.0
760.84375 7.0
761.3489583333334 9.0
761.8541666666667 9.0
762.359375 8.0
762.8645833333334 8.0
763.3697916666667 10.0
763.875 13.0
764.3802083333334 9.0
764.8854166666667 11.0
765.390625 6.0
765.8958333333334 8.0
766.4010416666667 7.0
766.90625 9.0
767.4114583333334 9.0
767.9166666666667 9.0
768.421875 7.0
768.9270833333334 16.0
769.4322916666667 8.0
769.9375 9.0
770.4427083333334 3.0
770.9479166666667 7.0
771.453125 8.0
771.9583333333334 4.0
772.4635416666667 3.0
772.96875 9.0
773.4739583333334 9.0
773.9791666666667 11.0
774.484375 7.0
774.9895833333334 5.0
775.4947916666667 14.0
776.0 6.0
776.5052083333334 6.0
777.0104166666667 9.0
777.5156250000001 3.0
778.0208333333334 8.0
778.5260416666667 5.0
779.0312500000001 7.0
779.5364583333334 7.0
780.0416666666667 11.0
780.5468750000001 10.0
781.0520833333334 9.0
781.5572916666667 3.0
782.0625000000001 2.0
782.5677083333334 7.0
783.0729166666667 8.0
783.5781250000001 5.0
784.0833333333334 7.0
784.5885416666667 6.0
785.0937500000001 2.0
785.5989583333334 6.0
786.1041666666667 8.0
786.6093750000001 4.0
787.1145833333334 5.0
787.6197916666667 5.0
788.1250000000001 8.0
788.6302083333334 4.0
789.1354166666667 5.0
789.6406250000001 3.0
790.1458333333334 3.0
790.6510416666667 5.0
791.1562500000001 4.0
791.6614583333334 6.0
792.1666666666667 8.0
792.6718750000001 3.0
793.1770833333334 7.0
793.6822916666667 7.0
794.1875000000001 1.0
794.6927083333334 5.0
795.1979166666667 3.0
795.7031250000001 6.0
796.2083333333334 4.0
796.7135416666667 5.0
797.2187500000001 9.0
797.7239583333334 8.0
798.2291666666667 6.0
798.7343750000001 8.0
799.2395833333334 1.0
799.7447916666667 3.0
800.2500000000001 5.0
800.7552083333334 5.0
801.2604166666667 8.0
801.7656250000001 10.0
802.2708333333334 9.0
802.7760416666667 2.0
803.2812500000001 7.0
803.7864583333334 3.0
804.2916666666667 9.0
804.7968750000001 4.0
805.3020833333334 8.0
805.8072916666667 4.0
806.3125000000001 8.0
806.8177083333334 2.0
807.3229166666667 6.0
807.8281250000001 8.0
808.3333333333334 9.0
808.8385416666667 4.0
809.3437500000001 6.0
809.8489583333334 7.0
810.3541666666667 7.0
810.8593750000001 3.0
811.3645833333334 8.0
811.8697916666667 4.0
812.3750000000001 1.0
812.8802083333334 3.0
813.3854166666667 4.0
813.8906250000001 2.0
814.3958333333334 7.0
814.9010416666667 4.0
815.4062500000001 8.0
815.9114583333334 7.0
816.4166666666667 7.0
816.9218750000001 6.0
817.4270833333334 5.0
817.9322916666667 5.0
818.4375000000001 4.0
818.9427083333334 7.0
819.4479166666667 8.0
819.9531250000001 5.0
820.4583333333334 3.0
820.9635416666667 6.0
821.4687500000001 2.0
821.9739583333334 8.0
822.4791666666667 8.0
822.9843750000001 3.0
823.4895833333334 5.0
823.9947916666667 10.0
824.5000000000001 5.0
825.0052083333334 3.0
825.5104166666667 3.0
826.0156250000001 7.0
826.5208333333334 4.0
827.0260416666667 6.0
827.5312500000001 5.0
828.0364583333334 6.0
828.5416666666667 1.0
829.0468750000001 7.0
829.5520833333334 10.0
830.0572916666667 9.0
830.5625000000001 9.0
831.0677083333334 7.0
831.5729166666667 5.0
832.0781250000001 7.0
832.5833333333334 4.0
833.0885416666667 7.0
833.5937500000001 1.0
834.0989583333334 6.0
834.6041666666667 6.0
835.1093750000001 4.0
835.6145833333334 8.0
836.1197916666667 6.0
836.6250000000001 5.0
837.1302083333334 4.0
837.6354166666667 5.0
838.1406250000001 8.0
838.6458333333334 5.0
839.1510416666667 6.0
839.6562500000001 3.0
840.1614583333334 3.0
840.6666666666667 5.0
841.1718750000001 5.0
841.6770833333334 8.0
842.1822916666667 5.0
842.6875000000001 5.0
843.1927083333334 4.0
843.6979166666667 4.0
844.2031250000001 8.0
844.7083333333334 4.0
845.2135416666667 4.0
845.7187500000001 3.0
846.2239583333334 3.0
846.7291666666667 4.0
847.2343750000001 9.0
847.7395833333334 8.0
848.2447916666667 3.0
848.7500000000001 8.0
849.2552083333334 3.0
849.7604166666667 7.0
850.2656250000001 1.0
850.7708333333334 3.0
851.2760416666667 3.0
851.7812500000001 4.0
852.2864583333334 11.0
852.7916666666667 2.0
853.2968750000001 3.0
853.8020833333334 4.0
854.3072916666667 2.0
854.8125000000001 5.0
855.3177083333334 6.0
855.8229166666667 5.0
856.3281250000001 4.0
856.8333333333334 4.0
857.3385416666667 5.0
857.8437500000001 4.0
858.8541666666667 5.0
859.3593750000001 4.0
859.8645833333334 2.0
860.3697916666667 5.0
860.8750000000001 8.0
861.3802083333334 11.0
861.8854166666667 5.0
862.3906250000001 7.0
862.8958333333334 3.0
863.4010416666667 8.0
863.9062500000001 4.0
864.4114583333334 7.0
864.9166666666667 2.0
865.4218750000001 2.0
865.9270833333334 5.0
866.4322916666667 5.0
866.9375000000001 4.0
867.4427083333334 5.0
867.9479166666667 3.0
868.4531250000001 5.0
868.9583333333334 4.0
869.4635416666667 6.0
869.9687500000001 4.0
870.4739583333334 8.0
870.9791666666667 5.0
871.4843750000001 5.0
871.9895833333334 9.0
872.4947916666667 4.0
873.0000000000001 4.0
873.5052083333334 2.0
874.0104166666667 1.0
874.5156250000001 6.0
875.0208333333334 4.0
875.5260416666667 2.0
876.0312500000001 5.0
876.5364583333334 6.0
877.0416666666667 7.0
877.5468750000001 4.0
878.0520833333334 4.0
878.5572916666667 6.0
879.0625000000001 2.0
879.5677083333334 2.0
880.0729166666667 4.0
880.5781250000001 10.0
881.0833333333334 5.0
881.5885416666667 5.0
882.0937500000001 9.0
882.5989583333334 4.0
883.1041666666667 5.0
883.6093750000001 6.0
884.1145833333334 8.0
884.6197916666667 4.0
885.1250000000001 6.0
885.6302083333334 8.0
886.1354166666667 3.0
886.6406250000001 4.0
887.1458333333334 2.0
887.6510416666667 4.0
888.1562500000001 4.0
888.6614583333334 6.0
889.1666666666667 5.0
889.6718750000001 5.0
890.1770833333334 6.0
890.6822916666667 3.0
891.1875000000001 3.0
891.6927083333334 2.0
892.1979166666667 5.0
892.7031250000001 4.0
893.2083333333334 6.0
893.7135416666667 5.0
894.2187500000001 5.0
894.7239583333334 4.0
895.2291666666667 3.0
895.7343750000001 5.0
896.2395833333334 4.0
896.7447916666667 4.0
897.2500000000001 4.0
897.7552083333334 6.0
898.2604166666667 3.0
898.7656250000001 4.0
899.2708333333334 3.0
899.7760416666667 7.0
900.2812500000001 2.0
900.7864583333334 4.0
901.2916666666667 5.0
901.7968750000001 8.0
902.3020833333334 7.0
902.8072916666667 7.0
903.3125000000001 5.0
903.8177083333334 4.0
904.3229166666667 5.0
904.8281250000001 5.0
905.3333333333334 3.0
905.8385416666667 3.0
906.3437500000001 8.0
906.8489583333334 4.0
907.3541666666667 5.0
907.8593750000001 4.0
908.3645833333334 5.0
908.8697916666667 4.0
909.3750000000001 6.0
909.8802083333334 4.0
910.3854166666667 5.0
910.8906250000001 3.0
911.3958333333334 5.0
911.9010416666667 4.0
912.4062500000001 5.0
912.9114583333334 7.0
913.4166666666667 5.0
913.9218750000001 6.0
914.4270833333334 4.0
914.9322916666667 4.0
915.4375000000001 6.0
915.9427083333334 8.0
916.4479166666667 4.0
916.9531250000001 11.0
917.4583333333334 11.0
917.9635416666667 5.0
918.4687500000001 5.0
918.9739583333334 3.0
919.4791666666667 6.0
919.9843750000001 4.0
920.4895833333334 4.0
920.9947916666667 1.0
921.5000000000001 5.0
922.0052083333334 3.0
922.5104166666667 5.0
923.0156250000001 6.0
923.5208333333334 5.0
924.0260416666667 6.0
924.5312500000001 5.0
925.0364583333334 5.0
925.5416666666667 3.0
926.0468750000001 1.0
926.5520833333334 7.0
927.5625000000001 4.0
928.0677083333334 4.0
928.5729166666667 3.0
929.0781250000001 1.0
929.5833333333334 5.0
930.0885416666667 3.0
930.5937500000001 5.0
931.0989583333334 5.0
931.6041666666667 2.0
932.1093750000001 4.0
932.6145833333334 1.0
933.1197916666667 4.0
933.6250000000001 2.0
934.1302083333334 4.0
934.6354166666667 3.0
935.1406250000001 4.0
935.6458333333334 7.0
936.1510416666667 9.0
936.6562500000001 6.0
937.1614583333334 3.0
937.6666666666667 3.0
938.1718750000001 5.0
938.6770833333334 1.0
939.1822916666667 5.0
939.6875000000001 8.0
940.1927083333334 3.0
940.6979166666667 2.0
941.2031250000001 6.0
941.7083333333334 5.0
942.2135416666667 9.0
942.7187500000001 6.0
943.2239583333334 5.0
943.7291666666667 4.0
944.2343750000001 7.0
944.7395833333334 3.0
945.2447916666667 5.0
945.7500000000001 2.0
946.2552083333334 2.0
946.7604166666667 6.0
947.2656250000001 1.0
947.7708333333334 7.0
948.2760416666667 3.0
948.7812500000001 2.0
949.2864583333334 6.0
949.7916666666667 3.0
950.2968750000001 4.0
950.8020833333334 4.0
951.3072916666667 7.0
951.8125000000001 6.0
952.3177083333334 5.0
952.8229166666667 4.0
953.3281250000001 4.0
953.8333333333334 3.0
954.3385416666667 3.0
954.8437500000001 7.0
955.3489583333334 5.0
955.8541666666667 3.0
956.3593750000001 1.0
956.8645833333334 2.0
957.3697916666667 4.0
957.8750000000001 4.0
958.3802083333334 3.0
958.8854166666667 5.0
959.3906250000001 2.0
959.8958333333334 7.0
960.4010416666667 2.0
960.9062500000001 5.0
961.4114583333334 4.0
961.9166666666667 6.0
962.4218750000001 2.0
962.9270833333334 2.0
963.4322916666667 4.0
963.9375000000001 6.0
964.4427083333334 6.0
964.9479166666667 6.0
965.4531250000001 1.0
965.9583333333334 5.0
966.4635416666667 2.0
966.9687500000001 7.0
967.4739583333334 3.0
967.9791666666667 6.0
968.4843750000001 4.0
968.9895833333334 9.0
969.4947916666667 2.0
970.0000000000001 4.0
970.5052083333334 4.0
971.0104166666667 3.0
971.5156250000001 4.0
972.0208333333334 2.0
972.5260416666667 2.0
973.0312500000001 3.0
973.5364583333334 4.0
974.0416666666667 3.0
974.5468750000001 3.0
975.0520833333334 3.0
975.5572916666667 7.0
976.0625000000001 3.0
976.5677083333334 1.0
977.0729166666667 1.0
977.5781250000001 5.0
978.0833333333334 2.0
978.5885416666667 6.0
979.0937500000001 6.0
979.5989583333334 6.0
980.1041666666667 4.0
980.6093750000001 5.0
981.1145833333334 3.0
981.6197916666667 5.0
982.1250000000001 2.0
982.6302083333334 1.0
983.1354166666667 2.0
983.6406250000001 3.0
984.1458333333334 2.0
984.6510416666667 5.0
985.1562500000001 8.0
985.6614583333334 5.0
986.1666666666667 8.0
986.6718750000001 1.0
987.1770833333334 5.0
987.6822916666667 4.0
988.1875000000001 2.0
988.6927083333334 3.0
989.1979166666667 1.0
989.7031250000001 5.0
990.2083333333334 1.0
990.7135416666667 2.0
991.2187500000001 3.0
991.7239583333334 5.0
992.2291666666667 3.0
992.7343750000001 4.0
993.2395833333334 2.0
993.7447916666667 2.0
994.2500000000001 5.0
994.7552083333334 3.0
995.2604166666667 5.0
995.7656250000001 6.0
996.2708333333334 5.0
996.7760416666667 3.0
997.2812500000001 1.0
997.7864583333334 1.0
998.2916666666667 4.0
998.7968750000001 7.0
999.3020833333334 4.0
999.8072916666667 3.0
1000.3125000000001 7.0
1000.8177083333334 1.0
1001.3229166666667 4.0
1001.8281250000001 4.0
1002.3333333333334 4.0
1002.8385416666667 5.0
1003.3437500000001 3.0
1003.8489583333334 5.0
1004.3541666666667 6.0
1004.8593750000001 3.0
1005.8697916666667 3.0
1006.3750000000001 2.0
1006.8802083333334 1.0
1007.3854166666667 3.0
1008.3958333333334 3.0
1008.9010416666667 4.0
1009.4062500000001 5.0
1009.9114583333334 3.0
1010.4166666666667 3.0
1010.9218750000001 4.0
1011.4270833333334 4.0
1011.9322916666667 2.0
1012.4375000000001 1.0
1012.9427083333334 3.0
1013.4479166666667 5.0
1014.9635416666667 1.0
1015.4687500000001 3.0
1015.9739583333334 3.0
1016.9843750000001 4.0
1017.4895833333334 2.0
1017.9947916666667 5.0
1018.5000000000001 6.0
1019.0052083333334 5.0
1019.5104166666667 2.0
1020.0156250000001 2.0
1020.5208333333334 6.0
1021.5312500000001 2.0
1022.0364583333334 2.0
1022.5416666666667 2.0
1023.0468750000001 4.0
1023.5520833333334 3.0
1024.0572916666667 3.0
1024.5625 5.0
1025.5729166666667 1.0
1026.078125 1.0
1026.5833333333335 3.0
1027.0885416666667 2.0
1027.59375 3.0
1028.0989583333335 9.0
1028.6041666666667 3.0
1029.109375 2.0
1029.6145833333335 2.0
1030.1197916666667 5.0
1030.625 2.0
1031.1302083333335 3.0
1031.6354166666667 3.0
1032.140625 1.0
1032.6458333333335 2.0
1033.1510416666667 3.0
1033.65625 2.0
1034.1614583333335 2.0
1034.6666666666667 1.0
1035.171875 1.0
1035.6770833333335 3.0
1036.1822916666667 2.0
1036.6875 2.0
1037.1927083333335 5.0
1037.6979166666667 3.0
1038.203125 3.0
1038.7083333333335 4.0
1039.2135416666667 2.0
1039.71875 3.0
1040.2239583333335 2.0
1040.7291666666667 3.0
1041.234375 1.0
1041.7395833333335 3.0
1042.2447916666667 2.0
1042.75 3.0
1043.2552083333335 2.0
1043.7604166666667 4.0
1044.265625 2.0
1044.7708333333335 1.0
1045.2760416666667 2.0
1045.78125 6.0
1046.2864583333335 3.0
1046.7916666666667 5.0
1047.296875 3.0
1047.8020833333335 3.0
1048.3072916666667 4.0
1048.8125 3.0
1049.3177083333335 3.0
1049.8229166666667 1.0
1050.328125 2.0
1050.8333333333335 1.0
1051.3385416666667 6.0
1051.84375 1.0
1052.3489583333335 1.0
1053.359375 1.0
1053.8645833333335 7.0
1054.3697916666667 2.0
1054.875 5.0
1055.3802083333335 2.0
1055.8854166666667 4.0
1056.390625 1.0
1056.8958333333335 5.0
1057.4010416666667 3.0
1057.90625 1.0
1058.4114583333335 2.0
1058.9166666666667 4.0
1059.421875 1.0
1060.4322916666667 2.0
1060.9375 1.0
1061.4427083333335 5.0
1061.9479166666667 2.0
1062.453125 3.0
1062.9583333333335 2.0
1063.96875 3.0
1064.4739583333335 2.0
1064.9791666666667 2.0
1065.484375 1.0
1066.4947916666667 1.0
1067.0 4.0
1067.5052083333335 4.0
1068.0104166666667 2.0
1068.515625 7.0
1069.5260416666667 3.0
1070.03125 4.0
1070.5364583333335 3.0
1071.0416666666667 1.0
1071.546875 3.0
1072.0520833333335 3.0
1072.5572916666667 4.0
1073.0625 3.0
1073.5677083333335 5.0
1074.0729166666667 4.0
1074.578125 2.0
1075.0833333333335 1.0
1075.5885416666667 2.0
1076.09375 6.0
1076.5989583333335 1.0
1077.1041666666667 1.0
1077.609375 2.0
1078.1145833333335 3.0
1078.6197916666667 2.0
1079.125 4.0
1079.6302083333335 5.0
1080.1354166666667 1.0
1080.640625 1.0
1081.1458333333335 2.0
1081.6510416666667 2.0
1082.15625 3.0
1082.6614583333335 1.0
1083.1666666666667 4.0
1083.671875 6.0
1084.6822916666667 2.0
1085.1875 6.0
1085.6927083333335 5.0
1086.1979166666667 3.0
1086.703125 3.0
1087.2083333333335 1.0
1087.7135416666667 2.0
1088.21875 3.0
1088.7239583333335 5.0
1089.2291666666667 5.0
1089.734375 3.0
1090.2395833333335 4.0
1090.7447916666667 3.0
1091.25 4.0
1091.7552083333335 3.0
1092.2604166666667 2.0
1092.765625 4.0
1093.2708333333335 2.0
1093.7760416666667 6.0
1094.28125 7.0
1094.7864583333335 4.0
1095.2916666666667 3.0
1095.796875 1.0
1096.3020833333335 2.0
1096.8072916666667 3.0
1097.3125 4.0
1097.8177083333335 3.0
1098.3229166666667 4.0
1098.828125 3.0
1099.3333333333335 5.0
1099.8385416666667 2.0
1100.34375 6.0
1100.8489583333335 1.0
1101.3541666666667 4.0
1101.859375 5.0
1102.3645833333335 3.0
1102.8697916666667 3.0
1103.375 4.0
1103.8802083333335 1.0
1104.3854166666667 2.0
1104.890625 2.0
1105.3958333333335 3.0
1105.9010416666667 2.0
1106.40625 4.0
1106.9114583333335 3.0
1107.4166666666667 7.0
1107.921875 1.0
1108.4270833333335 6.0
1108.9322916666667 4.0
1109.4375 5.0
1109.9427083333335 1.0
1110.4479166666667 2.0
1110.953125 2.0
1111.4583333333335 2.0
1111.9635416666667 1.0
1112.46875 1.0
1112.9739583333335 2.0
1113.4791666666667 3.0
1113.984375 1.0
1114.4895833333335 3.0
1114.9947916666667 3.0
1115.5 3.0
1116.0052083333335 3.0
1116.5104166666667 1.0
1117.015625 2.0
1117.5208333333335 3.0
1118.0260416666667 4.0
1118.53125 2.0
1119.0364583333335 6.0
1119.5416666666667 1.0
1120.046875 2.0
1120.5520833333335 4.0
1121.0572916666667 5.0
1121.5625 2.0
1122.0677083333335 2.0
1122.5729166666667 2.0
1123.078125 1.0
1124.0885416666667 6.0
1124.59375 3.0
1125.0989583333335 4.0
1125.6041666666667 1.0
1126.109375 2.0
1127.1197916666667 1.0
1127.625 2.0
1128.1302083333335 1.0
1128.6354166666667 3.0
1129.140625 2.0
1130.1510416666667 4.0
1130.65625 1.0
1131.6666666666667 3.0
1132.171875 5.0
1132.6770833333335 4.0
1133.1822916666667 2.0
1133.6875 2.0
1134.1927083333335 4.0
1134.6979166666667 2.0
1135.7083333333335 1.0
1136.71875 3.0
1137.2239583333335 3.0
1137.7291666666667 3.0
1138.234375 1.0
1138.7395833333335 3.0
1139.75 3.0
1140.2552083333335 2.0
1140.7604166666667 4.0
1141.265625 1.0
1141.7708333333335 3.0
1142.2760416666667 1.0
1142.78125 3.0
1143.2864583333335 5.0
1143.7916666666667 2.0
1144.296875 2.0
1144.8020833333335 3.0
1145.3072916666667 2.0
1145.8125 2.0
1146.8229166666667 2.0
1147.328125 2.0
1147.8333333333335 2.0
1148.84375 2.0
1149.3489583333335 1.0
1149.8541666666667 4.0
1150.359375 3.0
1150.8645833333335 4.0
1152.3802083333335 3.0
1152.8854166666667 2.0
1153.390625 2.0
1153.8958333333335 2.0
1154.90625 1.0
1155.4114583333335 3.0
1155.9166666666667 3.0
1156.421875 6.0
1157.4322916666667 3.0
1158.4427083333335 3.0
1158.9479166666667 2.0
1159.453125 2.0
1159.9583333333335 1.0
1160.4635416666667 1.0
1160.96875 1.0
1161.4739583333335 1.0
1161.9791666666667 1.0
1162.484375 3.0
1162.9895833333335 3.0
1163.4947916666667 4.0
1164.0 3.0
1164.5052083333335 3.0
1165.0104166666667 1.0
1165.515625 2.0
1166.0208333333335 2.0
1166.5260416666667 3.0
1167.03125 6.0
1167.5364583333335 4.0
1168.546875 1.0
1169.0520833333335 2.0
1170.5677083333335 5.0
1171.0729166666667 3.0
1171.578125 2.0
1172.0833333333335 2.0
1172.5885416666667 2.0
1173.09375 2.0
1173.5989583333335 2.0
1174.1041666666667 2.0
1174.609375 2.0
1175.6197916666667 2.0
1176.125 1.0
1176.6302083333335 3.0
1177.1354166666667 3.0
1177.640625 2.0
1178.1458333333335 1.0
1178.6510416666667 4.0
1179.15625 3.0
1179.6614583333335 2.0
1180.1666666666667 3.0
1180.671875 1.0
1181.1770833333335 2.0
1181.6822916666667 1.0
1182.6927083333335 3.0
1183.1979166666667 2.0
1184.2083333333335 5.0
1184.7135416666667 1.0
1185.21875 1.0
1185.7239583333335 2.0
1186.2291666666667 2.0
1186.734375 2.0
1187.2395833333335 3.0
1187.7447916666667 1.0
1188.25 2.0
1188.7552083333335 1.0
1189.2604166666667 4.0
1189.765625 3.0
1190.7760416666667 1.0
1191.28125 3.0
1191.7864583333335 2.0
1192.2916666666667 6.0
1192.796875 1.0
1193.3020833333335 1.0
1193.8072916666667 4.0
1195.3229166666667 1.0
1195.828125 1.0
1196.3333333333335 4.0
1196.8385416666667 2.0
1197.34375 3.0
1197.8489583333335 5.0
1198.3541666666667 1.0
1198.859375 4.0
1199.3645833333335 2.0
1199.8697916666667 4.0
1200.375 4.0
1200.8802083333335 5.0
1201.3854166666667 3.0
1201.890625 3.0
1202.3958333333335 3.0
1202.9010416666667 3.0
1203.40625 3.0
1204.4166666666667 2.0
1204.921875 1.0
1206.4375 2.0
1206.9427083333335 2.0
1207.4479166666667 2.0
1207.953125 1.0
1208.4583333333335 1.0
1209.46875 6.0
1209.9739583333335 2.0
1210.4791666666667 3.0
1210.984375 1.0
1211.9947916666667 3.0
1212.5 2.0
1213.0052083333335 3.0
1213.5104166666667 3.0
1214.015625 3.0
1214.5208333333335 3.0
1215.0260416666667 2.0
1216.0364583333335 4.0
1216.5416666666667 2.0
1217.046875 2.0
1217.5520833333335 4.0
1218.0572916666667 2.0
1218.5625 1.0
1219.0677083333335 2.0
1219.5729166666667 3.0
1220.078125 1.0
1220.5833333333335 3.0
1221.0885416666667 2.0
1221.59375 1.0
1222.0989583333335 1.0
1222.6041666666667 5.0
1223.109375 2.0
1223.6145833333335 2.0
1224.1197916666667 3.0
1224.625 3.0
1225.1302083333335 3.0
1225.6354166666667 9.0
1226.6458333333335 1.0
1227.1510416666667 2.0
1227.65625 2.0
1228.1614583333335 1.0
1228.6666666666667 1.0
1229.171875 6.0
1229.6770833333335 2.0
1230.1822916666667 1.0
1230.6875 2.0
1231.1927083333335 1.0
1231.6979166666667 1.0
1232.203125 1.0
1232.7083333333335 2.0
1233.2135416666667 2.0
1233.71875 1.0
1234.2239583333335 4.0
1234.7291666666667 1.0
1235.234375 4.0
1235.7395833333335 2.0
1236.2447916666667 1.0
1236.75 1.0
1237.2552083333335 2.0
1237.7604166666667 1.0
1238.265625 3.0
1239.2760416666667 1.0
1239.78125 2.0
1240.7916666666667 1.0
1241.296875 1.0
1242.3072916666667 2.0
1242.8125 3.0
1243.3177083333335 4.0
1243.8229166666667 3.0
1244.328125 4.0
1244.8333333333335 3.0
1245.3385416666667 1.0
1246.8541666666667 3.0
1247.359375 2.0
1247.8645833333335 2.0
1248.3697916666667 4.0
1248.875 2.0
1249.3802083333335 1.0
1249.8854166666667 5.0
1250.390625 2.0
1250.8958333333335 1.0
1251.4010416666667 1.0
1251.90625 1.0
1252.4114583333335 2.0
1253.421875 4.0
1253.9270833333335 1.0
1254.4322916666667 1.0
1254.9375 2.0
1255.4427083333335 4.0
1255.9479166666667 1.0
1256.453125 1.0
1256.9583333333335 1.0
1257.4635416666667 3.0
1257.96875 2.0
1258.4739583333335 1.0
1259.484375 2.0
1259.9895833333335 1.0
1261.0 2.0
1261.5052083333335 3.0
1262.0104166666667 1.0
1262.515625 1.0
1263.0208333333335 2.0
1263.5260416666667 3.0
1264.03125 1.0
1264.5364583333335 2.0
1265.0416666666667 3.0
1265.546875 2.0
1266.0520833333335 1.0
1268.0729166666667 3.0
1268.578125 2.0
1269.0833333333335 2.0
1269.5885416666667 1.0
1270.09375 3.0
1270.5989583333335 1.0
1271.1041666666667 1.0
1271.609375 1.0
1272.6197916666667 2.0
1273.125 1.0
1274.640625 1.0
1276.15625 1.0
1276.6614583333335 1.0
1277.1666666666667 3.0
1277.671875 1.0
1278.1770833333335 1.0
1279.1875 1.0
1279.6927083333335 1.0
1280.1979166666667 1.0
1280.703125 1.0
1281.2083333333335 2.0
1282.7239583333335 5.0
1283.2291666666667 1.0
1284.2395833333335 1.0
1284.7447916666667 2.0
1285.25 2.0
1285.7552083333335 1.0
1286.2604166666667 2.0
1286.765625 1.0
1287.2708333333335 2.0
1288.28125 4.0
1288.7864583333335 2.0
1289.796875 1.0
1290.3020833333335 1.0
1290.8072916666667 5.0
1291.3125 1.0
1291.8177083333335 2.0
1292.3229166666667 1.0
1292.828125 1.0
1293.3333333333335 2.0
1293.8385416666667 2.0
1294.34375 2.0
1294.8489583333335 3.0
1295.3541666666667 1.0
1295.859375 1.0
1296.3645833333335 1.0
1298.3854166666667 1.0
1299.3958333333335 1.0
1299.9010416666667 3.0
1300.9114583333335 6.0
1301.4166666666667 2.0
1301.921875 1.0
1302.9322916666667 3.0
1304.953125 2.0
1306.9739583333335 2.0
1308.4895833333335 1.0
1308.9947916666667 1.0
1309.5 3.0
1310.0052083333335 2.0
1310.5104166666667 2.0
1311.015625 2.0
1311.5208333333335 1.0
1312.0260416666667 1.0
1313.0364583333335 2.0
1313.5416666666667 4.0
1314.046875 3.0
1314.5520833333335 1.0
1315.5625 2.0
1316.0677083333335 2.0
1316.5729166666667 1.0
1317.5833333333335 1.0
1318.59375 2.0
1319.0989583333335 3.0
1319.6041666666667 2.0
1320.109375 3.0
1320.6145833333335 1.0
1321.1197916666667 1.0
1321.625 3.0
1323.140625 1.0
1323.6458333333335 3.0
1325.1614583333335 1.0
1326.171875 1.0
1326.6770833333335 2.0
1327.6875 3.0
1328.1927083333335 2.0
1328.6979166666667 3.0
1329.203125 3.0
1329.7083333333335 2.0
1330.2135416666667 3.0
1330.71875 2.0
1331.2239583333335 2.0
1331.7291666666667 2.0
1332.234375 1.0
1333.2447916666667 1.0
1333.75 4.0
1334.2552083333335 3.0
1334.7604166666667 1.0
1335.265625 1.0
1335.7708333333335 2.0
1336.2760416666667 3.0
1336.78125 3.0
1337.2864583333335 1.0
1337.7916666666667 3.0
1338.296875 1.0
1338.8020833333335 3.0
1339.3072916666667 3.0
1339.8125 2.0
1340.3177083333335 5.0
1340.8229166666667 3.0
1341.328125 2.0
1341.8333333333335 4.0
1342.3385416666667 1.0
1342.84375 2.0
1343.3489583333335 1.0
1343.8541666666667 1.0
1344.359375 2.0
1345.3697916666667 1.0
1345.875 2.0
1346.3802083333335 2.0
1346.8854166666667 2.0
1347.390625 3.0
1347.8958333333335 2.0
1348.4010416666667 1.0
1348.90625 1.0
1349.4114583333335 1.0
1349.9166666666667 1.0
1350.9270833333335 3.0
1351.4322916666667 4.0
1352.4427083333335 2.0
1352.9479166666667 1.0
1353.453125 1.0
1353.9583333333335 2.0
1354.4635416666667 1.0
1354.96875 2.0
1355.4739583333335 4.0
1355.9791666666667 4.0
1356.484375 1.0
1356.9895833333335 1.0
1357.4947916666667 1.0
1358.0 3.0
1358.5052083333335 2.0
1359.0104166666667 3.0
1359.515625 2.0
1360.0208333333335 2.0
1360.5260416666667 3.0
1361.03125 1.0
1362.546875 2.0
1363.0520833333335 4.0
1363.5572916666667 1.0
1364.0625 3.0
1364.5677083333335 1.0
1365.0729166666667 2.0
1365.578125 1.0
1366.0833333333335 1.0
1366.5885416666667 2.0
1367.09375 2.0
1368.1041666666667 6.0
1368.609375 1.0
1369.1145833333335 5.0
1369.6197916666667 2.0
1370.125 1.0
1370.6302083333335 3.0
1371.1354166666667 4.0
1371.640625 2.0
1372.1458333333335 2.0
1373.15625 1.0
1373.6614583333335 3.0
1374.1666666666667 1.0
1374.671875 2.0
1375.6822916666667 3.0
1376.1875 2.0
1376.6927083333335 1.0
1377.1979166666667 1.0
1377.703125 2.0
1378.2083333333335 3.0
1378.7135416666667 2.0
1379.21875 3.0
1379.7239583333335 3.0
1380.2291666666667 1.0
1380.734375 3.0
1381.2395833333335 4.0
1381.7447916666667 1.0
1382.25 1.0
1382.7552083333335 2.0
1383.2604166666667 3.0
1383.765625 5.0
1384.2708333333335 1.0
1384.7760416666667 1.0
1385.7864583333335 1.0
1386.2916666666667 2.0
1386.796875 5.0
1387.3020833333335 1.0
1387.8072916666667 3.0
1388.3125 4.0
1388.8177083333335 6.0
1389.3229166666667 1.0
1389.828125 3.0
1390.3333333333335 5.0
1390.8385416666667 1.0
1391.8489583333335 3.0
1392.3541666666667 2.0
1392.859375 3.0
1393.3645833333335 4.0
1393.8697916666667 1.0
1394.375 2.0
1395.3854166666667 3.0
1395.890625 3.0
1396.3958333333335 3.0
1396.9010416666667 2.0
1397.40625 3.0
1398.4166666666667 3.0
1398.921875 5.0
1399.4270833333335 2.0
1399.9322916666667 3.0
1400.4375 2.0
1400.9427083333335 2.0
1401.4479166666667 2.0
1401.953125 1.0
1402.4583333333335 2.0
1402.9635416666667 1.0
1403.9739583333335 3.0
1404.4791666666667 5.0
1404.984375 2.0
1405.4895833333335 3.0
1405.9947916666667 2.0
1406.5 2.0
1407.0052083333335 2.0
1407.5104166666667 5.0
1408.015625 2.0
1408.5208333333335 1.0
1409.53125 1.0
1410.0364583333335 3.0
1410.5416666666667 3.0
1411.046875 2.0
1411.5520833333335 3.0
1412.0572916666667 1.0
1412.5625 2.0
1413.0677083333335 2.0
1413.5729166666667 1.0
1414.078125 2.0
1414.5833333333335 1.0
1415.0885416666667 3.0
1415.59375 4.0
1416.0989583333335 4.0
1416.6041666666667 1.0
1417.109375 2.0
1417.6145833333335 2.0
1418.1197916666667 3.0
1419.6354166666667 2.0
1420.140625 1.0
1420.6458333333335 2.0
1421.1510416666667 1.0
1421.65625 1.0
1422.1614583333335 3.0
1423.171875 3.0
1423.6770833333335 1.0
1424.1822916666667 1.0
1425.1927083333335 2.0
1425.6979166666667 1.0
1426.203125 1.0
1427.2135416666667 2.0
1428.2239583333335 2.0
1429.234375 2.0
1429.7395833333335 1.0
1430.75 3.0
1431.2552083333335 1.0
1431.7604166666667 5.0
1432.265625 2.0
1432.7708333333335 2.0
1433.2760416666667 1.0
1434.2864583333335 1.0
1434.7916666666667 2.0
1435.8020833333335 2.0
1436.3072916666667 1.0
1437.3177083333335 2.0
1437.8229166666667 1.0
1438.328125 4.0
1438.8333333333335 2.0
1439.84375 1.0
1440.3489583333335 2.0
1440.8541666666667 1.0
1441.359375 2.0
1441.8645833333335 2.0
1443.3802083333335 4.0
1443.8854166666667 1.0
1444.390625 1.0
1444.8958333333335 1.0
1445.4010416666667 1.0
1445.90625 1.0
1446.4114583333335 4.0
1446.9166666666667 3.0
1447.421875 1.0
1447.9270833333335 3.0
1448.4322916666667 2.0
1449.9479166666667 2.0
1450.453125 2.0
1450.9583333333335 2.0
1451.4635416666667 3.0
1451.96875 1.0
1452.4739583333335 2.0
1452.9791666666667 2.0
1453.484375 1.0
1453.9895833333335 1.0
1454.4947916666667 3.0
1455.0 2.0
1455.5052083333335 1.0
1456.0104166666667 3.0
1456.515625 3.0
1457.0208333333335 3.0
1457.5260416666667 2.0
1458.03125 1.0
1458.5364583333335 1.0
1459.0416666666667 4.0
1459.546875 3.0
1461.5677083333335 3.0
1462.0729166666667 3.0
1462.578125 1.0
1463.0833333333335 2.0
1463.5885416666667 2.0
1464.09375 2.0
1464.5989583333335 2.0
1465.1041666666667 1.0
1465.609375 4.0
1466.1145833333335 1.0
1466.6197916666667 1.0
1467.6302083333335 1.0
1468.1354166666667 1.0
1469.1458333333335 1.0
1469.6510416666667 2.0
1470.15625 3.0
1471.1666666666667 1.0
1471.671875 1.0
1472.6822916666667 2.0
1473.1875 3.0
1473.6927083333335 2.0
1474.1979166666667 1.0
1474.703125 1.0
1475.2083333333335 3.0
1475.7135416666667 4.0
1476.21875 2.0
1477.2291666666667 2.0
1477.734375 2.0
1478.2395833333335 2.0
1478.7447916666667 1.0
1479.7552083333335 1.0
1480.2604166666667 2.0
1481.2708333333335 1.0
1481.7760416666667 3.0
1482.28125 3.0
1482.7864583333335 2.0
1483.2916666666667 3.0
1484.3020833333335 2.0
1484.8072916666667 1.0
1485.3125 1.0
1486.3229166666667 1.0
1486.828125 1.0
1487.3333333333335 1.0
1487.8385416666667 6.0
1488.34375 2.0
1488.8489583333335 1.0
1489.3541666666667 2.0
1489.859375 1.0
1490.3645833333335 1.0
1490.8697916666667 2.0
1491.375 3.0
1491.8802083333335 1.0
1492.3854166666667 4.0
1493.3958333333335 3.0
1493.9010416666667 4.0
1494.9114583333335 2.0
1495.4166666666667 1.0
1495.921875 2.0
1496.9322916666667 1.0
1497.4375 1.0
1498.953125 1.0
1499.4583333333335 1.0
1499.9635416666667 1.0
1500.46875 1.0
1500.9739583333335 1.0
1501.4791666666667 1.0
1502.4895833333335 1.0
1502.9947916666667 3.0
1503.5 4.0
1504.5104166666667 3.0
1505.015625 1.0
1505.5208333333335 1.0
1506.53125 1.0
1507.5416666666667 2.0
1509.5625 4.0
1510.5729166666667 1.0
1511.078125 1.0
1511.5833333333335 2.0
1512.59375 2.0
1513.6041666666667 1.0
1514.6145833333335 1.0
1515.1197916666667 2.0
1516.6354166666667 4.0
1517.140625 1.0
1518.1510416666667 2.0
1518.65625 2.0
1519.1614583333335 1.0
1519.6666666666667 4.0
1520.6770833333335 2.0
1521.1822916666667 1.0
1521.6875 1.0
1522.1927083333335 2.0
1522.6979166666667 1.0
1523.203125 2.0
1524.2135416666667 1.0
1524.71875 1.0
1525.7291666666667 3.0
1526.234375 2.0
1527.75 1.0
1528.7604166666667 3.0
1529.265625 1.0
1529.7708333333335 1.0
1530.2760416666667 3.0
1531.2864583333335 2.0
1531.7916666666667 2.0
1532.296875 2.0
1532.8020833333335 2.0
1533.8125 1.0
1534.3177083333335 1.0
1534.8229166666667 1.0
1535.328125 1.0
1535.8333333333335 1.0
1536.84375 2.0
1538.359375 1.0
1538.8645833333335 1.0
1540.3802083333335 2.0
1540.8854166666667 3.0
1541.390625 3.0
1542.4010416666667 2.0
1542.90625 2.0
1543.4114583333335 1.0
1543.9166666666667 2.0
1544.421875 3.0
1546.9479166666667 3.0
1547.453125 1.0
1547.9583333333335 1.0
1548.96875 3.0
1549.4739583333335 1.0
1549.9791666666667 1.0
1550.484375 1.0
1550.9895833333335 1.0
1551.4947916666667 2.0
1552.0 2.0
1553.5156250000002 2.0
1555.0312500000002 2.0
1556.0416666666667 1.0
1556.5468750000002 1.0
1557.5572916666667 2.0
1560.0833333333335 3.0
1562.1041666666667 1.0
1563.1145833333335 2.0
1563.6197916666667 1.0
1564.1250000000002 1.0
1565.6406250000002 1.0
1566.1458333333335 3.0
1567.6614583333335 1.0
1568.1666666666667 2.0
1569.6822916666667 3.0
1570.1875000000002 1.0
1571.1979166666667 1.0
1571.7031250000002 2.0
1572.2083333333335 1.0
1573.7239583333335 1.0
1575.2395833333335 1.0
1575.7447916666667 1.0
1576.2500000000002 4.0
1576.7552083333335 2.0
1577.2604166666667 1.0
1578.2708333333335 1.0
1579.7864583333335 2.0
1580.2916666666667 1.0
1581.8072916666667 3.0
1582.3125000000002 2.0
1586.3541666666667 2.0
1586.8593750000002 1.0
1588.3750000000002 1.0
1588.8802083333335 1.0
1589.3854166666667 1.0
1589.8906250000002 1.0
1590.3958333333335 2.0
1591.9114583333335 2.0
1593.4270833333335 1.0
1593.9322916666667 2.0
1594.4375000000002 1.0
1595.4479166666667 2.0
1595.9531250000002 2.0
1596.4583333333335 2.0
1597.4687500000002 3.0
1597.9739583333335 2.0
1598.4791666666667 4.0
1598.9843750000002 3.0
1599.4895833333335 1.0
1601.0052083333335 3.0
1601.5104166666667 3.0
1602.0156250000002 3.0
1602.5208333333335 3.0
1604.5416666666667 2.0
1605.0468750000002 3.0
1606.5625000000002 2.0
1607.0677083333335 1.0
1607.5729166666667 1.0
1608.0781250000002 1.0
1608.5833333333335 2.0
1609.0885416666667 1.0
1609.5937500000002 3.0
1610.0989583333335 1.0
1611.1093750000002 1.0
1611.6145833333335 3.0
1612.6250000000002 3.0
1613.1302083333335 1.0
1614.1406250000002 4.0
1614.6458333333335 1.0
1615.1510416666667 1.0
1615.6562500000002 2.0
1616.1614583333335 1.0
1617.1718750000002 1.0
1618.1822916666667 1.0
1618.6875000000002 3.0
1619.6979166666667 1.0
1620.2031250000002 1.0
1620.7083333333335 1.0
1621.7187500000002 1.0
1622.2239583333335 1.0
1622.7291666666667 3.0
1623.2343750000002 2.0
1623.7395833333335 1.0
1624.7500000000002 3.0
1625.2552083333335 1.0
1625.7604166666667 1.0
1626.7708333333335 2.0
1627.2760416666667 2.0
1627.7812500000002 2.0
1628.2864583333335 1.0
1628.7916666666667 3.0
1629.2968750000002 3.0
1629.8020833333335 1.0
1630.3072916666667 2.0
1631.3177083333335 2.0
1631.8229166666667 1.0
1633.3385416666667 6.0
1633.8437500000002 1.0
1634.3489583333335 1.0
1635.8645833333335 4.0
1636.3697916666667 4.0
1638.3906250000002 3.0
1638.8958333333335 2.0
1639.4010416666667 1.0
1639.9062500000002 1.0
1640.9166666666667 1.0
1641.4218750000002 4.0
1641.9270833333335 1.0
1642.9375000000002 1.0
1643.4427083333335 1.0
1643.9479166666667 1.0
1644.4531250000002 4.0
1645.4635416666667 1.0
1645.9687500000002 1.0
1646.4739583333335 3.0
1646.9791666666667 1.0
1647.4843750000002 3.0
1647.9895833333335 2.0
1648.4947916666667 1.0
1649.0000000000002 1.0
1650.0104166666667 3.0
1650.5156250000002 2.0
1651.0208333333335 2.0
1651.5260416666667 1.0
1652.0312500000002 1.0
1652.5364583333335 3.0
1653.0416666666667 1.0
1653.5468750000002 3.0
1654.0520833333335 3.0
1655.0625000000002 1.0
1655.5677083333335 2.0
1656.5781250000002 2.0
1657.5885416666667 1.0
1658.0937500000002 1.0
1658.5989583333335 1.0
1659.1041666666667 1.0
1660.1145833333335 2.0
1661.1250000000002 2.0
1661.6302083333335 3.0
1662.1354166666667 3.0
1663.1458333333335 2.0
1663.6510416666667 1.0
1664.1562500000002 3.0
1664.6614583333335 1.0
1665.6718750000002 1.0
1666.1770833333335 1.0
1666.6822916666667 3.0
1667.1875000000002 2.0
1667.6927083333335 1.0
1668.1979166666667 2.0
1668.7031250000002 2.0
1669.7135416666667 1.0
1670.2187500000002 2.0
1670.7239583333335 1.0
1671.2291666666667 1.0
1671.7343750000002 2.0
1672.2395833333335 1.0
1672.7447916666667 1.0
1673.2500000000002 2.0
1673.7552083333335 3.0
1674.7656250000002 2.0
1675.2708333333335 1.0
1675.7760416666667 1.0
1676.2812500000002 3.0
1678.3020833333335 6.0
1678.8072916666667 2.0
1679.3125000000002 1.0
1679.8177083333335 1.0
1680.3229166666667 1.0
1680.8281250000002 2.0
1681.8385416666667 1.0
1683.3541666666667 2.0
1684.3645833333335 2.0
1685.3750000000002 2.0
1685.8802083333335 2.0
1686.3854166666667 1.0
1686.8906250000002 3.0
1687.9010416666667 2.0
1688.4062500000002 1.0
1689.9218750000002 3.0
1690.4270833333335 2.0
1690.9322916666667 1.0
1691.4375000000002 3.0
1691.9427083333335 1.0
1692.4479166666667 1.0
1692.9531250000002 1.0
1693.4583333333335 2.0
1694.9739583333335 2.0
1695.4791666666667 3.0
1695.9843750000002 1.0
1696.4895833333335 1.0
1696.9947916666667 1.0
1697.5000000000002 1.0
1698.0052083333335 2.0
1698.5104166666667 2.0
1699.5208333333335 4.0
1700.0260416666667 1.0
1700.5312500000002 1.0
1701.5416666666667 1.0
1702.0468750000002 2.0
1703.0572916666667 2.0
1703.5625000000002 3.0
1704.5729166666667 1.0
1705.0781250000002 2.0
1706.0885416666667 1.0
1706.5937500000002 3.0
1707.0989583333335 1.0
1708.1093750000002 3.0
1708.6145833333335 5.0
1709.1197916666667 4.0
1709.6250000000002 1.0
1710.1302083333335 2.0
1712.1510416666667 2.0
1713.1614583333335 1.0
1715.1822916666667 2.0
1715.6875000000002 1.0
1716.6979166666667 1.0
1717.2031250000002 2.0
1717.7083333333335 2.0
1718.2135416666667 1.0
1718.7187500000002 2.0
1719.2239583333335 1.0
1719.7291666666667 1.0
1720.2343750000002 1.0
1721.2447916666667 2.0
1721.7500000000002 1.0
1722.2552083333335 3.0
1722.7604166666667 1.0
1723.2656250000002 2.0
1723.7708333333335 1.0
1724.2760416666667 1.0
1724.7812500000002 1.0
1725.7916666666667 1.0
1726.8020833333335 1.0
1727.8125000000002 2.0
1728.3177083333335 1.0
1728.8229166666667 1.0
1730.8437500000002 1.0
1731.3489583333335 1.0
1732.3593750000002 1.0
1732.8645833333335 1.0
1734.3802083333335 1.0
1735.3906250000002 3.0
1735.8958333333335 2.0
1736.4010416666667 1.0
1737.4114583333335 1.0
1737.9166666666667 3.0
1738.4218750000002 2.0
1738.9270833333335 1.0
1739.4322916666667 1.0
1740.4427083333335 1.0
1741.4531250000002 3.0
1741.9583333333335 1.0
1742.4635416666667 2.0
1742.9687500000002 3.0
1743.9791666666667 4.0
1745.4947916666667 1.0
1746.0000000000002 1.0
1747.0104166666667 2.0
1747.5156250000002 1.0
1748.0208333333335 3.0
1748.5260416666667 1.0
1749.0312500000002 1.0
1749.5364583333335 2.0
1750.0416666666667 1.0
1750.5468750000002 4.0
1751.5572916666667 2.0
1752.0625000000002 1.0
1752.5677083333335 1.0
1753.0729166666667 1.0
1753.5781250000002 1.0
1755.0937500000002 1.0
1755.5989583333335 1.0
1756.1041666666667 1.0
1756.6093750000002 1.0
1757.1145833333335 2.0
1757.6197916666667 2.0
1758.6302083333335 2.0
1759.1354166666667 3.0
1760.1458333333335 1.0
1760.6510416666667 3.0
1762.1666666666667 2.0
1762.6718750000002 2.0
1763.1770833333335 1.0
1764.1875000000002 2.0
1764.6927083333335 1.0
1765.1979166666667 1.0
1766.7135416666667 1.0
1767.7239583333335 1.0
1769.2395833333335 1.0
1769.7447916666667 2.0
1770.7552083333335 1.0
1771.2604166666667 1.0
1772.7760416666667 1.0
1773.2812500000002 2.0
1773.7864583333335 3.0
1774.2916666666667 1.0
1774.7968750000002 2.0
1777.3229166666667 1.0
1777.8281250000002 1.0
1779.8489583333335 1.0
1780.3541666666667 1.0
1780.8593750000002 1.0
1781.8697916666667 1.0
1782.3750000000002 2.0
1783.3854166666667 3.0
1783.8906250000002 3.0
1784.3958333333335 1.0
1784.9010416666667 1.0
1785.4062500000002 2.0
1786.4166666666667 1.0
1786.9218750000002 2.0
1787.4270833333335 1.0
1788.9427083333335 2.0
1789.9531250000002 1.0
1790.9635416666667 1.0
1791.4687500000002 3.0
1792.4791666666667 1.0
1792.9843750000002 2.0
1793.4895833333335 3.0
1793.9947916666667 4.0
1794.5000000000002 4.0
1795.0052083333335 1.0
1795.5104166666667 1.0
1796.0156250000002 1.0
1797.0260416666667 2.0
1798.0364583333335 1.0
1798.5416666666667 1.0
1799.0468750000002 1.0
1799.5520833333335 2.0
1800.0572916666667 1.0
1801.0677083333335 1.0
1802.0781250000002 1.0
1802.5833333333335 2.0
1803.0885416666667 2.0
1803.5937500000002 2.0
1804.0989583333335 2.0
1804.6041666666667 3.0
1805.1093750000002 2.0
1806.1197916666667 1.0
1806.6250000000002 1.0
1807.6354166666667 1.0
1809.1510416666667 1.0
1810.1614583333335 1.0
1811.1718750000002 3.0
1811.6770833333335 2.0
1813.1927083333335 1.0
1813.6979166666667 2.0
1815.7187500000002 1.0
1816.2239583333335 1.0
1816.7291666666667 1.0
1817.2343750000002 1.0
1819.7604166666667 1.0
1821.7812500000002 2.0
1822.2864583333335 2.0
1823.8020833333335 1.0
1825.3177083333335 2.0
1826.8333333333335 1.0
1827.3385416666667 4.0
1828.8541666666667 1.0
1829.3593750000002 2.0
1829.8645833333335 2.0
1830.3697916666667 2.0
1831.3802083333335 1.0
1831.8854166666667 1.0
1833.4010416666667 1.0
1833.9062500000002 1.0
1834.4114583333335 1.0
1835.4218750000002 1.0
1836.4322916666667 1.0
1836.9375000000002 1.0
1837.4427083333335 1.0
1837.9479166666667 1.0
1838.4531250000002 1.0
1838.9583333333335 1.0
1839.4635416666667 2.0
1839.9687500000002 1.0
1840.4739583333335 2.0
1841.9895833333335 1.0
1842.4947916666667 1.0
1843.5052083333335 2.0
1844.0104166666667 2.0
1844.5156250000002 2.0
1845.0208333333335 2.0
1845.5260416666667 1.0
1846.0312500000002 1.0
1846.5364583333335 2.0
1848.0520833333335 1.0
1848.5572916666667 1.0
1850.5781250000002 1.0
1851.0833333333335 1.0
1852.5989583333335 1.0
1854.1145833333335 3.0
1854.6197916666667 2.0
1855.1250000000002 1.0
1855.6302083333335 1.0
1856.1354166666667 2.0
1857.1458333333335 2.0
1857.6510416666667 1.0
1858.1562500000002 2.0
1859.6718750000002 1.0
1860.1770833333335 2.0
1860.6822916666667 3.0
1862.7031250000002 1.0
1863.7135416666667 1.0
1864.2187500000002 1.0
1864.7239583333335 3.0
1865.7343750000002 3.0
1866.2395833333335 1.0
1866.7447916666667 1.0
1867.2500000000002 2.0
1867.7552083333335 2.0
1868.7656250000002 1.0
1869.2708333333335 1.0
1871.2916666666667 2.0
1871.7968750000002 1.0
1872.3020833333335 2.0
1872.8072916666667 1.0
1873.8177083333335 2.0
1874.3229166666667 2.0
1874.8281250000002 2.0
1877.3541666666667 1.0
1877.8593750000002 2.0
1878.3645833333335 2.0
1878.8697916666667 1.0
1879.8802083333335 1.0
1881.3958333333335 3.0
1882.4062500000002 1.0
1883.4166666666667 1.0
1883.9218750000002 2.0
1884.4270833333335 1.0
1884.9322916666667 1.0
1885.9427083333335 1.0
1886.9531250000002 1.0
1887.9635416666667 2.0
1888.4687500000002 1.0
1888.9739583333335 1.0
1889.4791666666667 2.0
1889.9843750000002 1.0
1890.9947916666667 1.0
1891.5000000000002 2.0
1892.0052083333335 3.0
1892.5104166666667 4.0
1893.0156250000002 1.0
1893.5208333333335 1.0
1894.0260416666667 2.0
1894.5312500000002 2.0
1896.0468750000002 1.0
1897.5625000000002 1.0
1898.0677083333335 1.0
1899.0781250000002 3.0
1899.5833333333335 3.0
1901.6041666666667 2.0
1902.1093750000002 1.0
1902.6145833333335 1.0
1903.1197916666667 1.0
1903.6250000000002 2.0
1904.6354166666667 3.0
1905.6458333333335 1.0
1906.1510416666667 1.0
1906.6562500000002 1.0
1907.1614583333335 2.0
1908.6770833333335 1.0
1910.6979166666667 2.0
1911.2031250000002 1.0
1911.7083333333335 1.0
1912.2135416666667 1.0
1913.7291666666667 2.0
1914.2343750000002 2.0
1915.7500000000002 2.0
1916.7604166666667 2.0
1917.7708333333335 1.0
1918.7812500000002 1.0
1919.2864583333335 1.0
1920.2968750000002 1.0
1920.8020833333335 3.0
1921.3072916666667 5.0
1921.8125000000002 2.0
1922.3177083333335 2.0
1923.8333333333335 1.0
1924.3385416666667 1.0
1924.8437500000002 1.0
1925.3489583333335 2.0
1926.3593750000002 1.0
1926.8645833333335 2.0
1927.3697916666667 3.0
1928.3802083333335 1.0
1929.3906250000002 1.0
1930.4010416666667 2.0
1931.4114583333335 2.0
1932.4218750000002 1.0
1932.9270833333335 1.0
1933.9375000000002 3.0
1935.4531250000002 1.0
1937.4739583333335 1.0
1937.9791666666667 2.0
1938.9895833333335 1.0
1940.0000000000002 1.0
1940.5052083333335 1.0
1942.0208333333335 1.0
1943.5364583333335 1.0
1944.0416666666667 3.0
1944.5468750000002 1.0
1945.5572916666667 2.0
1947.0729166666667 1.0
1948.5885416666667 1.0
1949.5989583333335 1.0
1950.6093750000002 1.0
1951.6197916666667 1.0
1952.1250000000002 1.0
1952.6302083333335 2.0
1953.1354166666667 1.0
1956.1666666666667 2.0
1956.6718750000002 1.0
1957.6822916666667 1.0
1958.1875000000002 1.0
1958.6927083333335 1.0
1959.7031250000002 1.0
1961.2187500000002 1.0
1962.2291666666667 1.0
1962.7343750000002 1.0
1963.2395833333335 2.0
1963.7447916666667 2.0
1964.2500000000002 1.0
1964.7552083333335 2.0
1965.2604166666667 1.0
1965.7656250000002 4.0
1966.7760416666667 1.0
1967.2812500000002 1.0
1968.7968750000002 1.0
1969.3020833333335 2.0
1969.8072916666667 1.0
1970.8177083333335 1.0
1971.8281250000002 1.0
1973.8489583333335 2.0
1975.3645833333335 1.0
1975.8697916666667 1.0
1976.3750000000002 2.0
1976.8802083333335 2.0
1977.3854166666667 1.0
1977.8906250000002 1.0
1978.3958333333335 2.0
1979.9114583333335 1.0
1980.9218750000002 2.0
1981.4270833333335 1.0
1981.9322916666667 1.0
1982.4375000000002 2.0
1983.4479166666667 1.0
1983.9531250000002 1.0
1984.9635416666667 1.0
1985.9739583333335 1.0
1986.4791666666667 1.0
1986.9843750000002 3.0
1987.4895833333335 1.0
1987.9947916666667 1.0
1989.0052083333335 1.0
1989.5104166666667 1.0
1990.0156250000002 1.0
1991.0260416666667 1.0
1991.5312500000002 1.0
1992.0364583333335 1.0
1993.0468750000002 2.0
1993.5520833333335 2.0
1994.0572916666667 1.0
1995.0677083333335 1.0
1995.5729166666667 1.0
1997.0885416666667 2.0
1997.5937500000002 1.0
1998.0989583333335 1.0
2000.6250000000002 1.0
2002.1406250000002 2.0
2002.6458333333335 2.0
2003.1510416666667 3.0
2003.6562500000002 1.0
2004.6666666666667 2.0
2005.1718750000002 1.0
2005.6770833333335 1.0
2006.1822916666667 1.0
2006.6875000000002 1.0
2007.1927083333335 1.0
2009.7187500000002 1.0
2010.7291666666667 1.0
2011.2343750000002 1.0
2011.7395833333335 1.0
2012.2447916666667 1.0
2012.7500000000002 1.0
2013.2552083333335 1.0
2013.7604166666667 1.0
2014.7708333333335 1.0
2015.2760416666667 1.0
2015.7812500000002 4.0
2017.2968750000002 1.0
2017.8020833333335 2.0
2018.3072916666667 1.0
2019.3177083333335 1.0
2019.8229166666667 2.0
2020.8333333333335 2.0
2021.3385416666667 1.0
2021.8437500000002 1.0
2023.3593750000002 1.0
2023.8645833333335 2.0
2024.3697916666667 1.0
2024.8750000000002 3.0
2026.3906250000002 1.0
2026.8958333333335 2.0
2027.4010416666667 2.0
2028.9166666666667 2.0
2030.4322916666667 2.0
2030.9375000000002 1.0
2031.4427083333335 1.0
2032.4531250000002 2.0
2032.9583333333335 1.0
2033.4635416666667 2.0
2033.9687500000002 1.0
2034.9791666666667 3.0
2035.4843750000002 4.0
2037.0000000000002 1.0
2038.0104166666667 1.0
2039.0208333333335 1.0
2039.5260416666667 1.0
2040.0312500000002 1.0
2041.0416666666667 1.0
2041.5468750000002 1.0
2042.5572916666667 2.0
2044.0729166666667 2.0
2044.5781250000002 2.0
2045.5885416666667 1.0
2046.0937500000002 2.0
2048.1145833333335 1.0
2048.619791666667 1.0
2050.135416666667 3.0
2050.640625 1.0
2051.1458333333335 3.0
2052.15625 2.0
2052.6614583333335 2.0
2055.1875 1.0
2055.6927083333335 1.0
2057.2083333333335 1.0
2058.7239583333335 1.0
2059.229166666667 1.0
2059.734375 2.0
2060.2395833333335 2.0
2061.7552083333335 1.0
2062.260416666667 1.0
2063.776041666667 1.0
2064.28125 1.0
2064.7864583333335 1.0
2065.291666666667 2.0
2065.796875 1.0
2068.322916666667 1.0
2068.828125 1.0
2069.3333333333335 1.0
2069.838541666667 2.0
2070.34375 1.0
2071.354166666667 1.0
2071.859375 1.0
2072.869791666667 2.0
2073.375 1.0
2073.8802083333335 1.0
2074.385416666667 2.0
2074.890625 1.0
2075.3958333333335 1.0
2075.901041666667 1.0
2076.40625 1.0
2076.9114583333335 1.0
2077.416666666667 1.0
2077.921875 1.0
2079.9427083333335 1.0
2082.46875 1.0
2083.479166666667 1.0
2084.4895833333335 1.0
2084.994791666667 1.0
2087.015625 3.0
2087.5208333333335 1.0
2088.026041666667 1.0
2088.53125 1.0
2089.0364583333335 1.0
2089.541666666667 1.0
2090.5520833333335 2.0
2093.078125 1.0
2094.59375 1.0
2095.604166666667 1.0
2097.119791666667 2.0
2097.625 1.0
2099.140625 2.0
2099.6458333333335 2.0
2100.151041666667 2.0
2102.171875 1.0
2102.6770833333335 1.0
2103.6875 2.0
2104.697916666667 1.0
2106.213541666667 2.0
2108.7395833333335 2.0
2109.244791666667 2.0
2110.2552083333335 2.0
2111.265625 1.0
2112.276041666667 2.0
2113.2864583333335 1.0
2115.307291666667 1.0
2117.328125 1.0
2118.84375 1.0
2119.854166666667 1.0
2120.359375 1.0
2120.8645833333335 1.0
2121.369791666667 2.0
2121.875 1.0
2122.3802083333335 1.0
2122.885416666667 1.0
2123.390625 1.0
2124.401041666667 1.0
2125.4114583333335 1.0
2126.9270833333335 2.0
2128.947916666667 1.0
2129.453125 2.0
2129.9583333333335 1.0
2130.96875 1.0
2131.4739583333335 1.0
2131.979166666667 2.0
2133.494791666667 1.0
2134.5052083333335 2.0
2136.0208333333335 1.0
2136.526041666667 2.0
2137.03125 1.0
2138.546875 2.0
2139.0520833333335 2.0
2139.557291666667 2.0
2140.5677083333335 2.0
2141.072916666667 1.0
2143.09375 1.0
2144.104166666667 1.0
2144.609375 1.0
2145.1145833333335 1.0
2145.619791666667 1.0
2146.125 1.0
2146.6302083333335 1.0
2147.135416666667 2.0
2148.1458333333335 1.0
2148.651041666667 1.0
2150.671875 1.0
2151.682291666667 1.0
2152.1875 1.0
2152.6927083333335 1.0
2153.703125 1.0
2154.713541666667 1.0
2155.7239583333335 3.0
2156.229166666667 1.0
2156.734375 1.0
2158.25 1.0
2158.7552083333335 1.0
2159.260416666667 1.0
2159.765625 1.0
2160.776041666667 1.0
2161.28125 1.0
2161.7864583333335 2.0
2162.291666666667 2.0
2162.796875 1.0
2164.3125 1.0
2164.8177083333335 1.0
2166.838541666667 2.0
2167.34375 1.0
2170.375 4.0
2170.8802083333335 1.0
2171.385416666667 2.0
2171.890625 1.0
2172.901041666667 1.0
2173.40625 1.0
2174.416666666667 1.0
2174.921875 2.0
2175.4270833333335 2.0
2175.932291666667 3.0
2177.953125 1.0
2178.4583333333335 2.0
2179.46875 2.0
2181.4895833333335 1.0
2181.994791666667 1.0
2183.510416666667 2.0
2184.015625 2.0
2185.026041666667 1.0
2185.53125 1.0
2186.0364583333335 1.0
2187.046875 2.0
2187.5520833333335 1.0
2189.0677083333335 1.0
2193.109375 1.0
2194.119791666667 1.0
2195.635416666667 1.0
2196.140625 1.0
2197.151041666667 1.0
2199.6770833333335 1.0
2200.182291666667 1.0
2200.6875 3.0
2201.1927083333335 1.0
2203.71875 2.0
2204.2239583333335 1.0
2207.760416666667 1.0
2209.276041666667 1.0
2209.78125 1.0
2211.296875 1.0
2211.8020833333335 1.0
2212.8125 1.0
2213.822916666667 2.0
2214.8333333333335 1.0
2215.338541666667 2.0
2215.84375 1.0
2219.3802083333335 2.0
2221.90625 1.0
2222.4114583333335 2.0
2222.916666666667 2.0
2223.421875 1.0
2223.9270833333335 1.0
2225.4427083333335 2.0
2225.947916666667 2.0
2226.453125 2.0
2228.4739583333335 2.0
2231.5052083333335 2.0
2232.515625 1.0
2234.03125 1.0
2236.0520833333335 2.0
2238.072916666667 1.0
2239.588541666667 1.0
2240.09375 2.0
2240.5989583333335 2.0
2244.135416666667 1.0
2244.640625 1.0
2245.651041666667 1.0
2246.15625 2.0
2246.6614583333335 2.0
2247.166666666667 1.0
2247.671875 1.0
2248.682291666667 2.0
2250.703125 1.0
2251.2083333333335 1.0
2252.21875 1.0
2252.7239583333335 1.0
2254.2395833333335 1.0
2256.260416666667 1.0
2257.776041666667 2.0
2258.28125 1.0
2258.7864583333335 1.0
2260.807291666667 2.0
2261.8177083333335 1.0
2262.322916666667 2.0
2263.3333333333335 1.0
2264.8489583333335 1.0
2266.869791666667 1.0
2267.375 1.0
2267.8802083333335 1.0
2269.901041666667 2.0
2270.40625 1.0
2272.932291666667 1.0
2276.46875 1.0
2276.9739583333335 1.0
2278.994791666667 1.0
2279.5 1.0
2280.0052083333335 1.0
2280.510416666667 1.0
2284.046875 1.0
2285.057291666667 1.0
2288.088541666667 1.0
2291.119791666667 1.0
2294.151041666667 1.0
2297.6875 1.0
2298.697916666667 1.0
2299.203125 1.0
2299.7083333333335 1.0
2303.244791666667 1.0
2304.2552083333335 2.0
2304.760416666667 1.0
2305.7708333333335 2.0
2306.276041666667 1.0
2306.78125 1.0
2307.2864583333335 1.0
2310.3177083333335 2.0
2312.338541666667 2.0
2313.3489583333335 1.0
2313.854166666667 2.0
2314.359375 2.0
2314.8645833333335 1.0
2315.369791666667 3.0
2315.875 2.0
2316.3802083333335 3.0
2316.885416666667 1.0
2317.8958333333335 1.0
2318.401041666667 1.0
2319.4114583333335 1.0
2320.421875 2.0
2322.947916666667 1.0
2323.453125 2.0
2324.96875 1.0
2326.9895833333335 1.0
2327.494791666667 1.0
2328.0 2.0
2328.5052083333335 2.0
2330.0208333333335 1.0
2331.03125 1.0
2333.557291666667 1.0
2339.1145833333335 1.0
2340.6302083333335 1.0
2343.6614583333335 2.0
2344.671875 2.0
2346.1875 1.0
2346.6927083333335 2.0
2347.197916666667 1.0
2348.2083333333335 1.0
2349.21875 1.0
2349.7239583333335 1.0
2350.734375 1.0
2351.744791666667 1.0
2353.765625 1.0
2354.2708333333335 1.0
2354.776041666667 1.0
2355.7864583333335 1.0
2356.291666666667 2.0
2357.3020833333335 1.0
2357.807291666667 1.0
2359.322916666667 1.0
2359.828125 1.0
2360.3333333333335 2.0
2360.838541666667 1.0
2361.34375 1.0
2363.869791666667 1.0
2364.375 1.0
2364.8802083333335 1.0
2365.890625 1.0
2366.901041666667 1.0
2367.40625 2.0
2368.416666666667 1.0
2368.921875 1.0
2370.4375 1.0
2370.9427083333335 1.0
2371.953125 1.0
2372.4583333333335 2.0
2373.46875 1.0
2378.015625 3.0
2378.5208333333335 1.0
2379.026041666667 2.0
2381.046875 1.0
2381.5520833333335 1.0
2382.5625 1.0
2389.1302083333335 1.0
2389.635416666667 1.0
2390.6458333333335 1.0
2391.151041666667 1.0
2392.1614583333335 1.0
2393.171875 1.0
2397.71875 2.0
2398.2239583333335 1.0
2399.7395833333335 1.0
2400.244791666667 1.0
2402.7708333333335 1.0
2404.2864583333335 3.0
2406.307291666667 1.0
2406.8125 1.0
2407.822916666667 1.0
2408.8333333333335 1.0
2410.854166666667 1.0
2412.875 1.0
2416.4114583333335 1.0
2416.916666666667 1.0
2418.432291666667 1.0
2419.4427083333335 1.0
2420.453125 1.0
2425.5052083333335 1.0
2426.010416666667 1.0
2428.03125 1.0
2428.5364583333335 2.0
2429.546875 1.0
2431.5677083333335 1.0
2433.0833333333335 2.0
2433.588541666667 1.0
2438.135416666667 1.0
2439.651041666667 2.0
2440.6614583333335 1.0
2442.682291666667 1.0
2444.197916666667 1.0
2444.703125 1.0
2446.21875 1.0
2447.734375 1.0
2449.25 1.0
2449.7552083333335 1.0
2451.776041666667 1.0
2452.7864583333335 1.0
2453.291666666667 2.0
2454.3020833333335 1.0
2456.322916666667 1.0
2457.3333333333335 1.0
2458.34375 2.0
2460.3645833333335 1.0
2460.869791666667 1.0
2461.375 1.0
2462.385416666667 1.0
2463.3958333333335 1.0
2463.901041666667 1.0
2464.40625 1.0
2464.9114583333335 1.0
2465.416666666667 1.0
2465.921875 1.0
2469.4583333333335 1.0
2469.963541666667 1.0
2470.9739583333335 1.0
2471.479166666667 1.0
2471.984375 1.0
2472.4895833333335 1.0
2473.5 1.0
2475.015625 1.0
2475.5208333333335 3.0
2476.026041666667 1.0
2476.53125 1.0
2479.057291666667 2.0
2479.5625 1.0
2480.572916666667 1.0
2484.6145833333335 1.0
2486.1302083333335 1.0
2489.1614583333335 1.0
2489.666666666667 2.0
2490.171875 1.0
2491.182291666667 2.0
2491.6875 1.0
2492.1927083333335 2.0
2496.234375 1.0
2496.7395833333335 1.0
2499.265625 3.0
2500.276041666667 1.0
2502.296875 1.0
2503.307291666667 1.0
2503.8125 1.0
2505.8333333333335 2.0
2510.885416666667 1.0
2511.390625 2.0
2512.90625 1.0
2515.432291666667 1.0
2516.4427083333335 1.0
2516.947916666667 1.0
2518.463541666667 1.0
2518.96875 2.0
2519.4739583333335 1.0
2519.979166666667 1.0
2520.9895833333335 1.0
2521.494791666667 1.0
2522.5052083333335 2.0
2523.515625 2.0
2524.526041666667 3.0
2525.03125 1.0
2526.041666666667 2.0
2526.546875 1.0
2529.578125 1.0
2530.588541666667 3.0
2531.5989583333335 1.0
2532.104166666667 2.0
2533.1145833333335 2.0
2534.125 1.0
2536.1458333333335 1.0
2536.651041666667 2.0
2537.6614583333335 1.0
2538.166666666667 1.0
2539.1770833333335 1.0
2539.682291666667 1.0
2541.703125 1.0
2542.713541666667 2.0
2543.7239583333335 1.0
2544.229166666667 2.0
2544.734375 3.0
2545.744791666667 2.0
2547.260416666667 1.0
2547.765625 1.0
2548.2708333333335 1.0
2548.776041666667 1.0
2549.28125 1.0
2550.291666666667 1.0
2551.807291666667 1.0
2553.828125 1.0
2554.838541666667 1.0
2555.8489583333335 3.0
2556.859375 1.0
2557.3645833333335 2.0
2557.869791666667 1.0
2558.8802083333335 1.0
2559.385416666667 4.0
2561.9114583333335 4.0
2563.4270833333335 1.0
2564.9427083333335 4.0
2565.447916666667 1.0
2566.4583333333335 1.0
2566.963541666667 1.0
2568.479166666667 1.0
2570.5 1.0
2571.510416666667 1.0
2572.5208333333335 1.0
2578.078125 1.0
2578.5833333333335 1.0
2579.088541666667 2.0
2579.59375 1.0
2580.604166666667 1.0
2581.109375 2.0
2581.6145833333335 2.0
2583.1302083333335 2.0
2584.140625 2.0
2584.6458333333335 2.0
2585.151041666667 1.0
2586.1614583333335 1.0
2587.171875 3.0
2588.182291666667 2.0
2589.1927083333335 2.0
2589.697916666667 1.0
2591.213541666667 2.0
2591.71875 2.0
2593.234375 1.0
2593.7395833333335 3.0
2594.244791666667 1.0
2595.2552083333335 1.0
2595.760416666667 3.0
2596.265625 1.0
2596.7708333333335 2.0
2597.276041666667 1.0
2598.2864583333335 2.0
2599.8020833333335 1.0
2600.307291666667 1.0
2600.8125 3.0
2601.3177083333335 1.0
2601.822916666667 2.0
2602.8333333333335 2.0
2603.84375 1.0
2604.3489583333335 1.0
2605.359375 1.0
2605.8645833333335 1.0
2607.3802083333335 1.0
2607.885416666667 6.0
2608.390625 1.0
2608.8958333333335 3.0
2609.90625 1.0
2610.4114583333335 1.0
2610.916666666667 1.0
2611.421875 1.0
2611.9270833333335 1.0
2612.432291666667 1.0
2613.947916666667 2.0
2614.9583333333335 1.0
2615.96875 2.0
2616.4739583333335 1.0
2616.979166666667 2.0
2617.484375 2.0
2619.5052083333335 1.0
2620.515625 1.0
2622.03125 1.0
2622.5364583333335 2.0
2623.546875 1.0
2624.0520833333335 2.0
2624.557291666667 1.0
2625.0625 3.0
2625.5677083333335 1.0
2626.072916666667 5.0
2626.578125 1.0
2627.0833333333335 2.0
2627.588541666667 1.0
2629.104166666667 2.0
2629.609375 1.0
2630.619791666667 1.0
2631.125 1.0
2631.6302083333335 1.0
2632.135416666667 2.0
2632.640625 1.0
2635.166666666667 1.0
2635.671875 1.0
2636.682291666667 1.0
2637.6927083333335 1.0
2638.197916666667 1.0
2639.2083333333335 3.0
2639.713541666667 3.0
2640.21875 2.0
2640.7239583333335 2.0
2642.2395833333335 1.0
2643.7552083333335 2.0
2644.765625 1.0
2645.2708333333335 1.0
2645.776041666667 2.0
2646.28125 2.0
2648.3020833333335 3.0
2648.807291666667 4.0
2649.3125 2.0
2649.8177083333335 4.0
2650.322916666667 3.0
2651.3333333333335 1.0
2651.838541666667 2.0
2652.8489583333335 2.0
2653.859375 3.0
2654.869791666667 3.0
2655.375 1.0
2656.385416666667 3.0
2656.890625 1.0
2658.9114583333335 1.0
2659.921875 1.0
2661.4375 3.0
2661.9427083333335 3.0
2662.953125 1.0
2663.4583333333335 1.0
2663.963541666667 1.0
2665.479166666667 2.0
2665.984375 1.0
2668.0052083333335 1.0
2668.510416666667 1.0
2669.5208333333335 2.0
2670.026041666667 1.0
2670.53125 2.0
2672.5520833333335 3.0
2673.057291666667 1.0
2674.0677083333335 1.0
2675.078125 1.0
2675.5833333333335 2.0
2676.088541666667 1.0
2678.109375 1.0
2678.6145833333335 1.0
2679.119791666667 1.0
2680.635416666667 1.0
2682.151041666667 1.0
2682.65625 2.0
2683.1614583333335 1.0
2683.666666666667 2.0
2684.171875 1.0
2684.6770833333335 1.0
2685.6875 2.0
2686.1927083333335 1.0
2687.203125 1.0
2687.7083333333335 1.0
2689.729166666667 2.0
2690.234375 1.0
2690.7395833333335 1.0
2691.244791666667 1.0
2693.265625 1.0
2693.7708333333335 1.0
2695.2864583333335 1.0
2696.296875 1.0
2698.3177083333335 1.0
2699.328125 1.0
2701.3489583333335 1.0
2703.875 1.0
2704.3802083333335 1.0
2706.401041666667 1.0
2706.90625 2.0
2707.4114583333335 2.0
2710.947916666667 1.0
2711.453125 2.0
2713.4739583333335 1.0
2714.484375 1.0
2714.9895833333335 1.0
2718.526041666667 2.0
2721.0520833333335 1.0
2721.557291666667 2.0
2722.0625 1.0
2722.5677083333335 1.0
2723.072916666667 1.0
2723.578125 1.0
2724.0833333333335 1.0
2725.09375 2.0
2726.609375 1.0
2727.1145833333335 1.0
2729.640625 3.0
2730.651041666667 2.0
2732.671875 1.0
2733.1770833333335 1.0
2735.197916666667 1.0
2735.703125 1.0
2738.229166666667 2.0
2738.734375 1.0
2739.744791666667 1.0
2740.25 1.0
2743.7864583333335 1.0
2744.796875 3.0
2745.807291666667 3.0
2746.3125 1.0
2746.8177083333335 3.0
2747.322916666667 1.0
2747.828125 1.0
2749.34375 1.0
2749.8489583333335 1.0
2750.354166666667 1.0
2750.859375 2.0
2751.3645833333335 2.0
2751.869791666667 2.0
2752.375 1.0
2753.890625 1.0
2754.3958333333335 2.0
2754.901041666667 1.0
2755.40625 1.0
2756.921875 2.0
2757.932291666667 1.0
2760.963541666667 1.0
2763.4895833333335 1.0
2763.994791666667 1.0
2767.026041666667 1.0
2769.046875 1.0
2770.5625 1.0
2772.5833333333335 1.0
2775.109375 1.0
2775.6145833333335 2.0
2777.635416666667 1.0
2779.151041666667 1.0
2779.65625 1.0
2780.666666666667 1.0
2783.697916666667 1.0
2785.71875 1.0
2786.729166666667 1.0
2790.265625 1.0
2791.276041666667 4.0
2791.78125 1.0
2792.2864583333335 1.0
2794.8125 1.0
2795.822916666667 1.0
2796.8333333333335 1.0
2798.854166666667 1.0
2800.369791666667 1.0
2802.390625 1.0
2802.8958333333335 1.0
2806.432291666667 1.0
2807.4427083333335 1.0
2810.4739583333335 1.0
2814.515625 1.0
2815.0208333333335 1.0
2821.0833333333335 1.0
2822.09375 1.0
2823.609375 1.0
2826.640625 1.0
2830.682291666667 1.0
2837.25 2.0
2842.3020833333335 1.0
2842.807291666667 1.0
2846.34375 1.0
2847.859375 1.0
2856.953125 1.0
2857.4583333333335 1.0
2862.0052083333335 2.0
2862.510416666667 1.0
2864.026041666667 2.0
2871.0989583333335 1.0
2871.604166666667 1.0
2874.1302083333335 1.0
2885.244791666667 1.0
2885.75 1.0
2895.3489583333335 1.0
2903.432291666667 1.0
2915.0520833333335 1.0
2921.1145833333335 1.0
2940.3125 1.0
2946.8802083333335 1.0
2948.3958333333335 1.0
2965.572916666667 1.0
2967.59375 1.0
2992.854166666667 1.0
3002.9583333333335 1.0
3009.526041666667 1.0
3014.072916666667 1.0
3018.619791666667 1.0
3019.6302083333335 1.0
3022.6614583333335 1.0
3024.682291666667 1.0
3029.734375 1.0
3038.828125 1.0
3044.385416666667 1.0
3049.4375 1.0
3053.479166666667 1.0
3067.119791666667 1.0
3070.65625 1.0
3072.6770833333335 1.0
3101.979166666667 1.0
3124.2083333333335 1.0
3130.776041666667 1.0
3136.3333333333335 1.0
3141.8906250000005 1.0
3149.9739583333335 1.0
3161.5937500000005 1.0
3165.1302083333335 1.0
3185.338541666667 1.0
3187.8645833333335 1.0
3227.776041666667 1.0
3259.604166666667 1.0
3266.1718750000005 1.0
3279.8125000000005 1.0
3284.3593750000005 1.0
3291.9375000000005 1.0
3312.1458333333335 1.0
3320.7343750000005 1.0
3326.291666666667 1.0
3352.5625000000005 2.0
3361.6562500000005 1.0
3365.1927083333335 1.0
3369.7395833333335 1.0
3377.822916666667 1.0
3383.3802083333335 1.0
3385.9062500000005 1.0
3391.9687500000005 1.0
3417.229166666667 1.0
3418.744791666667 1.0
3427.3333333333335 1.0
3467.7500000000005 1.0
3487.9583333333335 1.0
3489.4739583333335 1.0
3500.588541666667 1.0
3542.0156250000005 1.0
3544.541666666667 1.0
3550.0989583333335 1.0
3557.6770833333335 2.0
3560.2031250000005 1.0
3583.4427083333335 1.0
3617.7968750000005 1.0
3640.026041666667 1.0
3641.0364583333335 1.0
3658.213541666667 1.0
3671.3489583333335 1.0
3675.3906250000005 1.0
3686.0000000000005 1.0
3703.682291666667 1.0
3709.2395833333335 1.0
3729.9531250000005 1.0
3743.088541666667 1.0
3744.604166666667 1.0
3756.2239583333335 1.0
3760.7708333333335 1.0
3774.916666666667 1.0
3815.3333333333335 1.0
3842.6145833333335 1.0
3856.2552083333335 1.0
3865.3489583333335 1.0
3925.4687500000005 1.0
3928.5000000000005 1.0
3961.8437500000005 1.0
3964.369791666667 1.0
3968.4114583333335 1.0
3971.947916666667 1.0
4006.807291666667 1.0
4012.869791666667 1.0
