11.35
11.35
11.35
11.35
11.67
11.35
11.35
11.35
11.05
11.79
11.79
11.35
11.35
11.35
11.35
11.35
11.35
11.05
11.35
11.79
11.35
11.35
11.35
11.35
11.05
11.05
11.50
11.79
11.05
11.35
11.35
11.35
11.35
11.35
11.05
11.05
11.79
11.35
11.35
11.35
11.67
11.35
11.35
11.05
11.79
11.35
11.35
11.35
11.35
11.35
11.35
11.05
11.05
11.35
11.67
11.35
11.35
11.05
11.35
11.35
11.35
11.35
11.35
11.35
11.79
11.35
11.35
11.35
11.35
11.35
11.35
11.35
11.35
11.35
11.05
11.35
11.35
11.35
11.05
11.35
11.35
11.35
11.35
11.35
11.35
11.35
11.35
11.35
11.35
11.35
11.35
11.05
11.05
11.35
11.05
11.35
11.35
11.35
11.35
11.35
11.35
11.35
11.05
11.35
11.35
11.35
11.35
11.35
11.05
11.05
11.35
11.05
11.35
11.35
11.35
11.35
11.35
11.35
11.35
11.35
11.35
11.35
11.67
11.35
11.35
11.35
11.35
11.35
11.35
11.35
11.35
11.35
11.67
11.35
011.35
11.67
11.35
11.35
11.35
11.67
11.67
11.35
11.35
11.35
11.67
11.35
11.35
11.35
11.35
11.67
11.35
11.35
11.35
11.67
11.35
11.35
11.35
11.67
11.35
11.35
11.67
11.67
11.35
11.67
11.35
11.67
11.67
11.67
11.35
11.35
11.35
11.35
11.35
11.67
11.35
11.35
11.35
11.67
11.35
11.35
11.35
11.67
11.35
11.35
11.67
11.35
11.67
11.35
11.35
11.67
11.67
11.67
11.67
11.67
11.35
11.35
11.35
11.67
11.35
11.67
11.35
11.67
11.67
11.67
11.67
11.67
11.67
11.35
11.35
11.35
11.35
11.35
11.67
11.35
11.67
11.35
11.67
11.35
11.35
11.67
11.67
11.67
11.35
11.67
11.67
11.35
11.67
11.67
11.67
11.67
11.67
11.67
11.35
11.67
11.35
11.35
11.35
11.35
11.67
11.35
11.35
11.67
11.35
11.67
11.35
11.35
11.35
11.35
11.35
11.67
11.35
11.67
11.67
11.35
11.35
11.35
11.35
11.67
11.35
11.35
11.11
11.67
11.67
11.67
11.67
11.67
11.67
11.35
11.67
11.67
11.67
11.67
11.67
11.67
11.67
11.67
11.67
11.35
11.35
11.67
11.67
11.67
11.67
11.35
11.35
11.67
11.35
11.35
11.35
11.35
11.67

11.35
11.67
11.67
11.35
11.35
11.35
11.67
11.35
11.35
11.35
11.35
11.35
11.43
11.67
11.67
11.67
10.81
11.67
11.35
11.67
11.67
11.35
11.67
11.35
11.67
11.67
11.67
11.67
11.67
11.67
11.67
11.43
11.67
11.67
11.35
11.35
11.67
11.67
11.67
11.67
11.35
11.35
11.35
11.67
11.35
11.35
11.35
11.67
11.35
11.35
11.35
11.35
11.35
11.67
11.35
11.35
11.35
11.35
11.35
11.35
11.35
11.35
11.35
11.35
11.67
11.67
11.67
11.35
11.35
11.67
11.67
11.67
11.35
11.11
11.35
11.35
11.35
11.67
11.67
11.67
11.35
11.67
11.67
11.67
11.35
11.67
11.67
11.35
11.35
11.67
11.67
11.67
11.35
11.67
11.67
11.35
11.35
11.11
11.67
11.67
11.67
11.67
11.35
11.67
11.35
11.35
11.35
11.35
11.35
11.67
11.67
11.35
11.43
11.67
11.67
11.35
11.35
11.67
11.35
11.67
11.67
11.67
11.35
11.67
11.67
11.67
11.67
11.67
11.67
11.67
11.35
11.67
11.35
11.35
11.35
11.35
11.35
11.35
11.67
11.67
11.35
11.35
11.35
11.35
11.67
11.35
11.35
11.35
11.35
11.35
11.35
11.05
11.35
11.35
11.35
11.67
11.35
11.35
11.67
11.35
11.35
11.67
11.35
11.35
11.35
11.67
11.35
11.35
11.35
