22.13
22.13
22.13
22.13
22.13
22.13
22.13
22.13
22.13
22.13
22.13
22.13
22.13
22.13
22.13
22.13
22.13
22.13
22.13
22.13
22.13
22.13
22.13
22.13
22.13
22.13
22.13
22.13
22.13
22.13
22.13
22.13
22.13
22.13
22.13
22.13
22.13
22.13
22.13
22.13
22.13
22.13
22.13
22.13
22.23
22.13
22.13
22.13
22.23
22.13
22.13
22.23
22.13
22.13
22.23
22.13
22.13
22.13
22.13
22.13
22.13
22.13
22.13
22.13
22.13
22.13
22.23
22.23
22.23
22.23
22.23
22.23
22.23
22.23
22.23
22.23
22.23
22.23
22.23
22.23
22.23
22.23
22.23
22.23
22.23
22.23
22.23
22.23
22.23
22.23
22.23
22.23
22.23
22.23
22.23
22.23
22.23
22.23
22.23
22.23
22.23
22.23
22.23
22.13
22.23
22.23
22.23
22.23
22.13
22.13
22.13
22.23
22.13
22.13
22.13
22.23
22.23
22.23
22.23
22.23
22.23
22.23
22.23
22.23
22.23
22.23
22.23
22.23
22.23
22.23
22.23
22.23
22.23
22.23
22.23
22.13
22.13
22.13
22.13
22.23
22.13
22.23
22.13
22.13
22.13
22.13
22.13
22.13
22.13
22.13
22.13
22.13
22.13
22.13
22.13
22.13
22.13
22.13
22.13
22.13
22.13
22.13
22.13
22.13
22.13
22.03
22.03
22.13
22.03
22.13
22.03
22.03
22.03
22.13
22.03
22.03
22.03
22.03
22.03
22.03
22.03
22.03
22.03
22.03
22.03
22.03
22.03
22.03
22.03
22.03
22.03
22.03
22.03
22.03
22.03
22.03
22.03
22.03
22.03
22.03
22.03
22.03
22.03
22.03
22.03
21.93
21.93
21.93
21.93
21.93
21.93
21.93
21.93
21.93
21.93
21.93
21.93
21.93
21.93
21.93
21.93
21.93
21.93
21.93
21.93
21.93
21.93
21.93
21.93
21.93
21.93
21.93
21.93
21.93
21.93
21.93
21.93
21.93
21.93
21.93
21.93
21.93
21.93
21.93
21.93
21.93
21.93
21.93
21.93
21.93
21.93
21.93
21.93
21.93
21.93
21.93
21.93
21.93
21.93
21.93
21.93
21.93
21.93
21.93
21.93
21.93
21.93
21.93
21.93
21.93
21.93
22.03
22.03
21.93
22.03
22.03
22.03
22.03
21.93
21.93
21.93
22.03
22.03
21.93
22.03
22.03
21.93
22.03
21.93
21.93
22.03
21.93
21.93
21.93
21.93
21.93
21.93
21.93
21.93
21.93
21.93
21.93
21.93
21.93
21.93
21.93
21.93
21.93
21.93
21.93
21.93
21.93
21.93
21.93
21.93
21.93
21.93
21.93
21.93
21.93
21.93
21.93
21.93
21.93
21.93
21.93
21.93
21.93
21.93
21.93
21.93
21.93
21.93
21.93
21.93
21.93
21.93
21.93
21.93
21.93
21.93
21.93
21.93
21.93
21.93
21.93
21.93
21.93
21.93
21.93
21.93
21.93
21.93
21.93
21.93
21.93
21.93
21.93
21.93
21.93
21.93
21.93
21.93
21.93
21.93
21.93
21.93
21.93
21.93
21.93
21.93
21.93
21.93
21.93
21.93
21.93
21.93
21.93
21.93
21.93
21.93
21.93
21.93
21.93
21.93
21.93
21.93
21.93
21.93
21.93
21.93
21.93
21.93
21.93
21.93
21.93
21.93
21.93
21.93
21.83
21.93
21.93
21.93
21.93
21.93
21.93
21.93
21.93
21.93
21.93
21.93
21.93
21.93
21.93
21.93
21.93
22.03
22.03
22.03
22.03
22.13
22.13
22.23
22.23
22.23
22.23
22.33
22.33
22.33
22.43
22.43
22.43
22.53
22.53
22.63
22.63
22.63
22.72
22.72
22.72
22.82
22.82
22.82
22.82
22.92
22.92
22.92
23.02
23.02
23.02
23.02
23.02
23.02
23.02
22.92
22.92
22.92
22.92
22.82
