Tiempo (s)  Temperatura (C)  Voltaje HV (V)   Corriente SiPM
0.10            49.07            41.43            0.61
1.52            49.22            41.45            1.61
1.93            49.51            41.47            1.68
2.33            49.02            41.47            1.64
2.74            48.83            41.47            1.71
3.15            48.93            41.49            1.72
3.55            49.32            41.47            1.75
3.96            49.32            41.46            1.79
4.37            49.17            41.45            1.83
4.77            49.17            41.47            1.83
5.18            48.88            41.51            1.73
5.59            49.22            41.47            1.80
5.99            49.12            41.44            1.85
6.40            49.27            41.46            1.90
6.80            49.41            41.47            1.87
7.21            49.76            41.45            1.81
7.62            48.88            41.46            1.84
8.02            49.22            41.47            1.89
8.43            49.51            41.47            1.89
8.84            49.27            41.47            1.80
9.24            49.32            41.46            1.92
9.65            49.12            41.48            1.89
10.06            49.46            41.44            1.89
10.46            49.02            41.47            1.93
10.87            49.07            41.47            1.91
11.27            49.22            42.13            1.97
11.68            49.12            41.95            1.95
12.09            49.61            41.92            2.00
12.49            49.07            41.93            1.98
12.90            49.02            42.02            1.89
13.31            49.12            42.00            2.00
13.71            49.07            41.98            1.98
14.12            48.97            42.00            1.98
14.53            49.07            41.95            1.89
14.93            49.32            42.01            1.97
15.34            49.71            41.98            1.94
15.75            49.66            42.00            1.97
16.15            49.41            41.98            1.98
16.56            49.61            41.95            1.95
16.96            49.66            42.00            1.94
17.37            48.88            41.97            1.94
17.78            48.97            41.96            1.97
18.18            49.22            42.57            2.02
18.59            49.12            42.55            1.85
19.00            49.07            42.40            2.01
19.40            48.83            42.45            1.99
19.81            49.07            42.46            2.06
20.21            49.07            42.47            2.07
20.62            49.22            42.47            2.01
21.03            48.88            42.48            2.01
21.43            49.37            42.45            2.07
21.84            49.46            42.46            2.08
22.25            49.22            42.49            2.08
22.65            49.32            42.48            2.04
23.06            49.17            42.47            2.02
23.47            49.27            42.42            2.05
23.87            48.93            42.45            2.07
24.28            48.97            42.45            2.01
24.69            49.17            42.67            2.50
25.09            49.76            43.02            1.79
25.50            49.27            42.91            1.96
25.90            48.83            42.91            1.92
26.31            49.22            42.94            1.98
26.72            49.46            42.96            1.91
27.12            49.02            42.95            1.98
27.53            49.51            42.94            1.98
27.94            48.88            42.95            2.05
28.34            49.17            42.95            1.95
28.75            49.51            42.94            1.92
29.16            49.41            42.94            2.03
29.56            48.78            42.93            1.90
29.97            49.41            42.96            1.96
30.37            48.88            42.95            1.97
30.78            49.02            42.96            1.99
31.19            49.41            42.96            2.00
31.59            49.32            42.95            2.02
32.00            49.02            42.98            2.04
32.41            48.93            42.98            2.02
32.81            49.76            42.93            2.00
33.22            49.17            42.93            2.05
33.63            49.56            43.56            2.09
34.03            49.46            43.57            2.08
34.44            48.93            43.40            2.06
34.85            49.22            43.41            2.05
35.25            49.46            43.44            2.05
35.66            49.17            43.43            2.06
36.07            49.37            43.43            2.13
36.47            49.27            43.44            2.12
36.88            49.07            43.42            2.13
37.28            48.97            43.43            2.04
37.69            49.17            43.43            2.02
38.10            49.02            43.45            1.89
38.50            49.07            43.46            2.02
38.91            49.76            43.58            2.61
39.32            49.27            44.07            2.05
39.72            49.80            43.90            2.02
40.13            49.51            43.88            2.12
40.54            49.56            43.91            2.09
40.94            49.27            43.91            2.13
41.35            49.07            43.92            2.12
41.75            49.27            43.92            2.08
42.16            49.71            43.91            2.12
42.57            49.12            43.92            2.11
42.97            49.37            43.89            2.07
43.38            49.32            43.94            2.08
43.79            49.56            44.37            2.46
44.19            49.12            44.55            2.03
44.60            49.17            44.49            1.90
45.01            49.37            44.35            2.02
45.41            49.61            44.42            1.95
45.82            48.73            44.40            2.02
46.23            49.27            44.40            2.08
46.63            49.46            44.41            2.13
47.04            49.61            44.44            2.13
47.44            49.46            44.45            2.14
47.85            49.46            44.40            2.03
48.26            49.46            44.40            2.11
48.66            49.27            44.40            2.11
49.07            49.71            44.44            2.10
49.48            49.12            44.40            2.10
49.88            49.71            44.39            2.11
50.29            49.27            44.66            2.59
50.70            49.07            45.01            2.10
51.10            49.17            44.98            1.91
51.51            49.41            44.88            2.07
51.91            49.32            44.88            2.16
52.32            49.37            44.89            2.22
52.73            49.56            44.92            2.18
53.13            49.41            44.90            2.16
53.54            49.76            44.89            2.21
53.95            49.51            44.90            2.24
54.35            49.80            44.88            2.28
54.76            49.71            44.92            2.22
55.17            49.41            44.92            2.25
55.57            49.46            44.91            2.26
55.98            49.61            45.42            2.72
56.38            49.07            45.52            2.22
56.79            49.56            45.36            2.20
57.20            49.56            45.34            2.26
57.60            49.56            45.34            2.23
58.01            49.32            45.37            2.23
58.42            49.02            45.42            2.11
58.82            48.97            45.41            2.17
59.23            49.37            45.42            2.17
59.64            49.46            45.37            2.27
60.04            49.46            45.97            2.25
60.45            49.80            46.01            2.21
60.86            49.46            45.83            2.19
61.26            49.95            45.88            2.15
61.67            49.56            45.86            2.26
62.07            49.27            45.85            2.28
62.48            49.46            45.87            2.19
62.89            49.02            45.86            2.20
63.29            48.97            45.85            2.26
63.70            49.85            45.84            2.19
64.11            49.90            45.90            2.21
64.51            49.61            45.86            2.19
64.92            49.37            45.86            2.21
65.33            49.56            45.84            2.23
65.73            49.90            45.85            2.19
66.14            49.32            46.43            2.62
66.54            49.46            46.46            2.23
66.95            49.46            46.28            2.30
67.36            49.27            46.33            2.24
67.76            49.56            46.33            2.26
68.17            48.97            46.35            2.20
68.58            49.71            46.33            2.25
68.98            48.93            46.33            2.24
69.39            49.12            46.36            2.28
69.80            49.80            46.36            2.25
70.20            49.02            46.98            2.17
70.61            49.61            46.90            2.08
71.02            50.00            46.79            2.22
71.42            49.41            46.83            2.21
71.83            49.41            46.81            2.26
72.23            49.37            46.82            2.11
72.64            49.51            46.84            2.27
73.05            49.56            46.83            2.22
73.45            49.46            46.81            2.25
73.86            49.80            46.84            2.17
74.27            49.07            46.82            2.26
74.67            50.00            46.82            2.35
75.08            49.95            46.84            2.28
75.49            49.41            46.81            2.25
75.89            49.66            46.83            2.20
76.30            48.97            46.85            2.21
76.70            49.12            47.38            2.30
77.11            48.97            47.39            2.04
77.52            49.61            47.27            2.16
77.92            49.32            47.29            2.21
78.33            49.80            47.27            2.29
78.74            49.85            47.28            2.26
79.14            49.37            47.33            2.25
79.55            49.71            47.29            2.24
79.95            49.41            47.32            2.30
80.36            49.56            47.30            2.30
80.77            49.56            47.34            2.30
81.18            49.61            47.33            2.31
81.58            49.76            47.35            2.27
81.99            49.56            47.32            2.25
82.40            49.66            47.74            2.83
82.80            50.20            47.88            2.25
86.23            50.00            47.87            1.82
88.66            49.90            48.34            2.13
89.07            49.71            48.25            2.31
89.47            49.32            48.25            2.29
89.88            49.37            48.26            2.32
90.29            49.76            48.27            2.25
90.69            49.51            48.29            2.24
91.10            49.80            48.28            2.28
91.50            49.85            48.29            2.27
91.91            49.66            48.26            2.27
92.32            49.76            48.28            2.28
92.72            49.61            48.27            2.29
93.13            49.85            48.27            2.30
93.54            49.22            48.25            2.34
93.94            49.85            48.88            2.37
94.35            49.56            48.89            2.34
94.76            49.46            48.75            2.30
95.16            49.46            48.74            2.36
95.57            49.22            48.75            2.30
95.98            49.32            48.78            2.32
96.38            49.66            48.78            2.25
96.79            49.76            48.77            2.27
97.20            49.66            48.77            2.12
97.60            49.22            48.78            2.30
98.01            49.61            48.78            2.29
98.41            49.61            48.77            2.32
98.82            50.00            48.77            2.33
99.23            49.90            48.77            2.33
99.63            49.71            48.77            2.30
100.04            49.80            48.77            2.20
100.45            49.12            48.77            2.16
100.85            49.61            49.34            2.30
101.26            49.37            49.22            2.26
101.67            49.76            49.27            2.29
102.07            49.71            49.22            2.29
102.48            50.05            49.23            2.30
105.91            49.71            49.38            1.70
108.34            49.27            50.22            2.21
108.74            49.51            50.29            2.27
109.15            49.95            50.24            2.24
109.56            49.61            50.26            2.27
109.96            49.76            50.25            2.23
110.37            49.51            50.24            2.29
110.78            49.66            50.25            2.23
111.18            49.76            50.23            2.27
111.59            49.51            50.24            2.23
112.00            49.41            50.25            2.24
112.40            50.00            50.27            2.20
112.81            49.80            50.25            2.22
113.21            49.80            50.22            2.25
113.62            49.07            50.26            2.17
114.03            49.56            50.28            2.19
114.43            49.61            50.24            2.25
114.84            49.66            50.22            2.25
115.25            49.32            50.26            2.27
115.65            49.41            50.26            2.29
116.06            49.46            50.27            2.64
116.47            49.80            50.81            2.30
116.87            49.27            50.70            2.31
117.28            49.85            50.73            2.23
117.69            49.90            50.69            2.30
118.09            49.27            50.67            2.30
118.50            49.46            50.73            2.27
118.90            49.56            50.75            2.25
119.31            49.27            50.71            2.27
119.72            49.51            50.68            2.31
120.12            49.22            50.72            2.34
120.53            49.80            50.75            2.31
120.94            49.56            51.00            2.81
121.34            49.46            51.31            2.29
121.75            49.32            51.16            2.30
122.16            49.56            51.19            2.37
122.56            49.76            51.22            2.28
122.97            48.97            51.19            2.37
123.38            49.37            51.21            2.36
123.78            49.66            51.20            2.33
124.19            49.12            51.19            2.29
124.60            49.85            51.19            2.33
125.00            49.41            51.19            2.33
125.41            49.32            51.22            2.35
125.81            49.46            51.22            2.35
126.22            49.37            51.17            2.40
126.63            49.76            51.17            2.33
127.03            49.22            51.23            2.34
127.44            48.97            51.23            2.34
127.85            49.37            51.22            2.38
128.25            49.66            51.77            2.40
128.66            49.32            51.76            2.34
129.07            50.05            51.72            2.32
132.50            49.07            51.79            1.96
134.93            49.80            52.19            2.29
135.33            49.07            52.17            2.43
135.74            49.41            52.16            2.36
136.14            49.32            52.16            2.33
136.55            49.12            52.19            2.32
136.96            49.46            52.19            2.36
137.36            49.07            52.17            2.31
137.77            49.46            52.19            2.33
138.18            49.76            52.19            2.34
138.58            50.10            52.21            2.40
142.01            50.00            52.76            1.92
144.44            49.80            52.66            2.29
144.85            49.51            52.68            2.32
145.26            49.66            52.68            2.28
145.66            49.17            52.65            2.32
146.07            49.46            52.66            2.32
146.48            49.07            52.71            2.42
146.88            50.05            52.67            2.38
150.31            49.46            53.26            1.92
152.74            49.02            53.19            2.28
153.15            49.32            53.15            2.37
153.55            49.17            53.17            2.37
153.96            48.83            53.19            2.28
154.37            49.51            53.20            2.35
154.77            49.61            53.19            2.38
155.18            49.56            53.15            2.44
155.59            49.27            53.18            2.39
155.99            49.37            53.75            5.73
156.40            49.32            53.63            3.71
156.81            49.37            53.64            3.83
157.21            49.27            53.65            3.93
157.62            48.97            53.66            4.00
158.02            49.32            53.67            4.04
158.43            49.61            53.65            4.09
158.84            49.37            53.64            4.10
159.24            49.80            53.68            4.03
159.65            49.02            53.67            4.07
160.06            49.32            53.66            4.13
160.46            49.32            53.67            4.17
160.87            49.27            53.67            4.15
161.28            49.17            53.64            4.17
161.68            49.12            53.67            4.13
162.09            49.46            53.62            4.16
162.50            49.02            53.67            4.25
162.90            49.37            53.65            4.19
163.31            49.66            53.68            4.23
163.72            49.37            53.67            4.23
164.12            49.61            53.71            4.23
164.53            48.93            53.69            4.22
164.93            49.32            53.67            4.14
165.34            49.37            53.68            4.18
165.75            48.93            54.27            22.48
166.15            49.46            54.20            22.88
166.56            49.17            54.11            18.54
166.97            49.12            54.10            19.13
167.37            49.41            54.15            19.17
167.78            49.51            54.16            19.28
168.19            49.37            54.14            19.58
168.59            49.02            54.12            19.52
169.00            48.78            54.19            19.25
169.41            48.93            54.11            19.55
169.81            49.02            54.15            19.54
170.22            49.37            54.16            19.73
170.63            49.22            54.12            19.79
171.03            48.93            54.14            19.81
171.44            49.61            54.15            19.86
171.85            49.41            54.16            19.72
172.25            49.61            54.11            19.71
172.66            49.22            54.24            21.86
173.07            49.17            54.71            40.44
173.47            49.61            54.64            38.55
173.88            49.32            54.59            39.15
174.28            49.32            54.59            38.93
174.69            48.88            54.61            38.91
175.10            49.41            54.63            39.07
175.50            48.88            54.59            39.19
175.91            49.32            54.66            39.18
176.32            49.27            54.65            39.18
176.72            49.17            54.63            39.28
177.13            49.37            54.65            39.19
177.54            49.12            54.64            39.41
177.94            49.07            54.65            39.45
178.35            49.17            54.60            39.51
178.76            49.02            54.64            39.32
179.16            49.12            54.65            39.42
179.57            49.22            54.66            39.44
179.98            49.27            54.60            39.57
180.38            49.22            54.64            39.28
180.79            48.88            54.61            39.43
181.19            49.02            55.20            40.02
181.60            48.97            55.19            40.08
182.01            48.97            55.10            40.07
182.41            49.17            55.12            40.08
182.82            49.22            55.12            40.07
183.23            49.02            55.11            40.05
183.63            49.17            55.12            40.08
184.04            49.17            55.14            40.06
184.45            49.12            55.14            40.08
184.85            49.12            55.11            40.07
185.26            48.93            55.70            40.06
185.67            48.93            55.67            40.07
186.07            49.22            55.58            40.05
186.48            49.32            55.63            40.06
186.89            49.17            55.62            40.06
187.29            49.56            55.59            40.04
187.70            49.17            55.60            40.04
188.11            49.66            55.61            40.06
188.51            49.56            55.62            40.04
188.92            48.58            55.60            40.06
189.33            49.02            55.63            40.04
189.73            48.97            55.64            40.05
190.14            49.22            55.62            40.06
190.54            49.27            55.61            40.03
190.95            48.88            55.60            40.05
191.36            49.27            55.63            40.06
191.76            49.32            55.63            40.05
192.17            49.02            55.62            40.04
192.58            49.32            55.65            40.06
192.98            49.02            55.62            40.06
193.39            49.22            55.63            40.04
193.80            49.32            55.60            40.04
194.20            49.61            55.64            40.05
194.61            49.27            55.63            40.04
195.02            49.02            55.63            40.04
195.42            49.17            55.62            40.03
195.83            49.51            55.74            40.05
196.24            49.27            56.11            40.04
196.64            48.83            56.07            40.04
197.05            48.93            56.09            40.05
197.46            49.17            56.13            40.05
197.86            49.22            56.07            40.03
198.27            48.97            56.08            40.02
198.67            49.41            56.10            40.05
199.08            49.32            56.10            40.04
199.49            49.41            56.08            40.03
199.89            49.51            56.64            40.03
200.30            49.61            56.59            40.05
200.71            48.97            56.59            40.04
201.11            49.27            56.57            40.04
201.52            48.93            56.57            40.02
201.93            49.27            56.60            40.04
202.33            48.73            56.57            40.03
202.74            48.83            56.57            40.04
203.15            48.97            56.59            40.05
203.55            49.66            56.60            40.03
203.96            49.02            56.58            40.04
204.37            49.37            56.58            40.02
204.77            49.12            57.13            40.04
205.18            49.71            57.12            40.05
205.59            49.41            57.03            40.02
205.99            49.56            57.03            40.03
206.40            48.97            57.08            40.03
206.80            49.27            57.05            40.02
207.21            49.37            57.03            40.03
207.62            49.32            57.05            40.02
208.02            49.12            57.09            40.03
208.43            48.97            57.05            40.03
208.84            49.27            57.04            40.02
209.24            49.32            57.07            40.02
209.65            49.41            57.61            40.03
210.06            49.22            57.62            40.01
210.46            49.51            57.52            40.01
210.87            49.46            57.55            40.01
211.28            49.27            57.54            40.02
211.68            49.56            57.53            40.02
212.09            49.51            57.53            40.02
212.50            48.88            57.54            40.04
212.90            49.66            57.58            40.01
213.31            49.51            57.55            40.01
213.72            49.51            57.54            40.00
214.12            49.46            57.59            40.03
214.53            49.61            57.54            40.02
214.93            49.17            57.54            40.01
215.34            49.22            58.06            40.02
215.75            49.37            58.09            40.01
216.15            49.90            58.03            40.01
216.56            49.56            58.03            40.00
216.97            49.56            58.05            40.01
217.37            49.17            58.07            40.01
217.78            49.66            58.05            40.02
218.19            49.32            58.05            40.00
218.59            48.58            58.06            40.02
219.00            49.56            58.04            40.02
219.41            49.66            58.06            40.00
219.81            49.07            58.02            40.00
220.22            49.17            58.06            40.02
220.63            49.17            58.05            40.00
221.03            49.56            58.02            40.01
221.44            49.66            58.06            40.00
221.85            49.46            58.05            40.01
222.25            49.90            58.03            40.02
222.66            49.22            58.05            39.99
223.07            49.56            58.03            40.00
223.47            49.61            58.58            40.01
223.88            49.51            58.50            40.01
224.28            49.37            58.53            39.99
224.69            49.17            58.54            40.00
225.10            49.51            58.54            40.00
225.50            49.02            58.50            40.01
225.91            49.56            58.55            40.01
226.32            49.46            58.54            40.00
226.72            49.41            58.54            40.00
227.13            49.37            58.54            39.99
227.54            49.71            58.53            39.98
227.94            49.41            59.14            40.00
228.35            49.56            58.99            39.99
228.76            49.22            58.99            39.98
229.16            49.41            59.01            39.99
229.57            49.32            59.03            40.01
229.98            49.37            59.01            40.00
230.38            49.02            58.98            40.00
230.79            49.46            59.01            40.01
231.19            49.22            59.01            40.01
231.60            48.63            58.98            40.00
232.01            49.32            58.99            39.99
232.41            49.85            59.02            40.01
232.82            49.85            59.07            39.99
233.23            48.93            59.00            39.98
233.63            49.80            58.97            40.00
234.04            49.76            59.03            40.01
234.45            49.37            60.04            39.99
234.85            49.76            59.95            39.99
235.26            49.71            59.97            39.99
235.67            50.15            59.96            40.00
239.10            50.20            60.09            40.06
239.50            49.71            60.10            40.05
241.93            49.56            60.00            39.99
242.34            49.46            60.03            40.00
242.75            49.17            60.02            40.02
243.15            49.71            60.04            39.99
243.56            50.00            60.01            39.99
243.96            49.41            60.00            39.98
244.37            49.61            60.03            40.00
244.78            49.07            60.00            40.00
245.18            49.61            59.99            39.99
245.59            49.61            59.99            39.98
246.00            50.05            60.00            39.99
