Tiempo (s)  Temperatura (C)  Voltaje HV (V)   Corriente SiPM
0.10            39.75            41.39            0.71
1.52            40.09            41.43            1.80
4.95            39.60            41.52            1.36
7.38            39.94            41.44            1.91
7.79            40.09            41.43            1.95
11.22            39.75            41.50            1.38
13.65            40.28            41.40            1.89
17.08            40.63            41.50            1.36
17.48            40.09            41.51            1.32
17.89            39.94            41.50            1.36
20.32            39.94            41.60            1.86
20.72            40.23            41.39            1.89
24.15            40.23            41.51            1.43
24.56            40.19            41.51            1.42
24.97            40.28            41.49            1.36
25.37            40.09            41.50            1.36
25.78            40.09            41.51            1.31
26.19            40.14            41.49            1.35
26.59            40.43            41.51            1.40
27.00            40.09            41.51            1.37
27.40            40.43            41.50            1.32
27.81            40.48            41.52            1.34
28.22            39.99            41.52            1.39
30.65            40.53            41.47            1.93
34.08            40.04            42.04            1.37
34.48            40.28            42.01            1.32
34.89            40.48            42.04            1.22
35.30            39.75            42.04            1.21
37.73            40.19            42.00            1.77
41.16            40.38            42.53            1.34
41.56            39.99            42.54            1.41
43.99            40.53            42.47            1.90
47.42            40.38            42.99            1.52
47.83            40.23            42.97            1.47
48.23            40.48            43.01            1.36
48.64            40.28            43.00            1.32
49.05            40.53            43.00            1.33
49.45            40.33            43.02            1.36
49.86            40.63            43.02            1.31
50.27            40.33            43.00            1.31
50.67            39.89            43.01            1.25
53.10            40.38            43.42            1.70
56.53            40.19            43.93            1.40
56.94            40.38            43.97            1.33
57.34            40.58            43.97            1.40
57.75            40.48            43.96            1.48
58.16            40.72            43.95            1.42
58.56            40.43            43.96            1.44
58.97            40.23            43.99            1.49
59.38            40.28            43.99            1.38
59.78            40.04            43.99            1.32
60.19            40.28            44.00            1.38
60.60            40.58            43.97            1.41
61.00            40.48            44.54            1.62
61.41            40.53            44.59            1.37
61.81            41.02            44.42            1.37
62.22            40.28            44.48            1.41
62.63            40.09            44.47            1.37
63.03            40.38            44.48            1.41
63.44            40.04            44.48            1.45
63.85            40.48            44.48            1.38
64.25            40.43            44.89            1.90
64.66            40.43            45.10            1.37
65.06            40.14            45.03            1.27
65.47            40.19            44.93            1.37
65.88            40.09            44.95            1.37
66.28            40.14            44.95            1.32
66.69            40.19            44.97            1.28
67.10            40.14            44.95            1.38
67.50            40.53            44.97            1.34
67.91            40.43            44.95            1.40
68.32            40.28            44.94            1.34
68.72            40.19            45.56            1.42
69.13            40.28            45.42            1.28
69.54            40.72            45.41            1.39
69.94            40.28            45.41            1.39
70.35            40.38            45.48            1.36
70.76            40.14            45.49            1.37
71.16            40.43            45.45            1.36
71.57            40.38            45.45            1.34
71.97            40.23            45.44            1.39
72.38            40.33            45.44            1.37
72.79            40.38            45.45            1.31
73.19            40.19            45.45            1.37
73.60            40.09            46.07            1.38
74.01            39.94            46.07            1.36
76.44            39.70            45.84            1.98
76.84            40.09            45.84            1.99
80.27            40.43            46.40            1.49
80.68            40.14            46.39            1.46
81.08            40.38            46.40            1.53
81.49            40.04            46.44            1.46
81.90            40.48            46.40            1.47
82.30            40.14            46.43            1.43
82.71            40.19            46.44            1.47
83.12            40.04            46.41            1.42
83.52            40.23            46.43            1.42
83.93            40.19            46.40            1.37
84.34            39.89            46.40            1.37
86.76            40.19            46.87            2.00
90.19            40.04            46.90            1.45
90.60            39.60            46.91            1.35
93.03            40.23            47.28            1.96
96.46            39.84            47.85            1.52
98.89            40.04            47.80            2.05
102.32            40.53            48.37            1.55
102.73            40.09            48.35            1.50
103.13            40.09            48.37            1.43
103.54            40.23            48.36            1.46
103.95            40.33            48.38            1.36
104.35            39.94            48.38            1.43
106.78            39.79            48.88            2.08
107.19            39.55            48.74            2.04
107.59            39.84            48.76            2.06
108.00            40.09            48.75            2.07
111.43            40.58            49.45            1.57
111.84            40.33            49.47            1.46
112.24            39.70            49.32            1.47
114.67            40.14            49.28            2.02
118.10            40.09            49.83            1.61
118.51            39.99            49.82            1.52
120.94            39.94            49.76            2.04
121.34            40.09            49.73            2.06
124.77            40.19            50.27            1.55
125.18            39.89            50.29            1.57
127.61            40.33            50.24            2.04
131.04            40.23            50.80            1.62
131.45            40.28            50.78            1.56
131.85            40.14            50.79            1.56
132.26            40.43            50.80            1.53
132.67            40.14            50.81            1.52
133.07            40.04            50.83            1.55
133.48            39.99            51.23            2.00
135.91            40.14            51.21            2.02
139.34            40.23            51.28            1.58
139.74            39.94            51.86            1.57
142.17            40.23            51.67            2.11
145.60            40.33            51.80            1.56
146.01            40.38            51.77            1.57
146.42            40.04            51.80            1.48
146.82            40.38            51.79            1.57
147.23            39.84            51.78            1.56
149.66            40.33            52.15            2.05
153.09            40.23            52.26            1.61
153.49            40.23            52.43            1.98
153.90            40.33            52.87            1.66
154.31            40.48            52.72            1.58
154.71            40.58            52.73            1.59
155.12            40.28            52.75            1.51
155.53            40.33            52.77            1.51
155.93            40.63            52.75            1.52
156.34            40.63            52.77            1.56
156.75            40.48            52.77            1.49
157.15            40.23            52.78            1.56
157.56            40.33            52.76            1.54
157.97            40.58            52.78            1.52
158.37            40.48            53.32            2.98
158.78            40.77            53.22            2.01
159.18            40.53            53.25            2.10
159.59            40.43            53.24            2.14
160.00            40.38            53.26            2.21
160.40            40.58            53.22            2.25
160.81            40.43            53.27            2.19
161.22            40.53            53.25            2.21
161.62            40.04            53.26            2.22
162.03            39.94            53.24            2.20
164.46            40.23            53.62            9.60
167.89            40.58            53.79            9.79
168.30            40.77            53.76            10.10
168.70            40.09            53.77            9.99
169.11            40.38            53.74            10.12
169.52            40.38            53.76            10.13
169.92            40.43            53.77            9.94
170.33            40.28            53.78            9.99
170.73            40.63            53.78            10.01
171.14            40.58            53.78            10.00
171.55            40.58            53.70            10.06
171.95            40.43            53.79            9.92
172.36            40.28            53.80            10.01
172.77            40.43            53.74            9.89
173.17            40.43            53.75            10.05
173.58            40.09            53.78            9.87
173.99            40.58            53.78            10.08
174.39            40.48            53.78            10.17
174.80            40.33            53.75            10.07
175.21            40.33            53.77            9.83
175.61            40.48            53.74            10.22
176.02            40.38            53.76            10.07
176.42            40.38            53.88            13.52
176.83            40.38            54.27            23.59
177.24            40.28            54.23            20.85
177.64            40.19            54.25            21.00
178.05            40.04            54.27            21.42
178.46            40.87            54.22            21.49
178.86            40.38            54.25            21.58
179.27            40.33            54.23            21.52
179.68            40.33            54.25            21.66
180.08            40.33            54.26            21.69
180.49            40.43            54.26            21.42
180.90            40.63            54.26            21.31
181.30            40.38            54.27            21.63
181.71            40.92            54.24            21.30
182.12            39.84            54.28            21.58
184.55            40.28            54.64            34.21
187.98            40.09            54.73            34.51
188.38            40.63            54.74            34.19
188.79            40.23            54.74            34.42
189.20            40.67            54.75            34.52
189.60            40.14            54.75            34.35
190.01            40.09            54.72            34.59
190.41            40.48            54.78            34.54
190.82            40.48            54.78            34.30
191.23            40.33            54.73            34.57
191.63            40.28            55.25            40.14
192.04            40.09            55.31            40.16
192.45            39.99            55.19            40.22
194.88            40.14            55.12            40.11
198.31            40.28            55.68            40.12
198.71            39.84            55.68            40.11
201.14            39.84            55.63            40.04
201.55            39.79            55.62            40.04
201.96            39.99            55.64            40.04
202.36            40.19            55.94            40.05
205.79            40.04            56.20            40.09
206.20            40.19            56.22            40.11
206.60            40.53            56.23            40.12
207.01            40.23            56.20            40.11
207.42            40.38            56.19            40.10
207.82            40.58            56.74            40.11
208.23            39.84            56.69            40.10
210.66            40.58            56.56            40.03
214.09            40.04            57.15            40.10
214.50            40.58            57.14            40.09
214.90            39.94            57.17            40.10
217.33            39.99            57.62            40.01
217.74            39.89            57.54            40.01
218.14            39.84            57.55            40.02
218.55            40.28            57.55            40.02
221.98            40.28            58.19            40.09
222.39            40.43            58.21            40.09
222.79            39.99            58.13            40.09
225.22            40.19            58.06            40.00
228.65            40.63            58.62            40.07
229.06            40.28            58.60            40.10
229.47            40.14            58.62            40.08
229.87            40.43            58.64            40.08
230.28            40.38            58.64            40.06
230.69            40.92            58.63            40.08
231.09            40.14            58.64            40.07
231.50            40.53            58.62            40.09
231.91            39.89            59.14            40.06
234.33            40.43            59.02            39.99
237.76            40.72            59.60            40.06
238.17            40.19            59.66            40.08
238.58            40.48            59.62            40.08
238.98            40.09            59.62            40.06
239.39            40.63            59.62            40.06
239.80            40.63            59.61            40.08
240.20            40.82            59.62            40.06
240.61            40.53            59.61            40.05
241.02            40.43            59.61            40.06
241.42            40.48            59.61            40.08
241.83            40.33            59.64            40.07
242.24            40.77            59.60            40.04
242.64            40.43            59.65            40.06
243.05            40.48            59.60            40.06
243.46            40.04            59.61            40.07
243.86            40.38            59.62            40.05
244.27            40.48            59.88            40.06
244.68            40.33            60.20            40.06
245.08            40.58            60.12            40.06
245.49            40.48            60.09            40.06
245.90            40.48            60.08            40.06
246.30            40.48            60.08            40.07
246.71            40.58            60.07            40.05
247.11            40.58            60.10            40.05
247.52            39.89            60.09            40.06
249.95            40.92            59.99            39.98
253.38            40.33            60.09            40.05
253.79            40.28            60.09            40.05
254.19            40.19            60.09            40.05
254.60            39.94            60.11            40.06
