2621 1
2622 2
2623 1
2624 2
2625 2
2626 3
2628 1
2629 2
3491 1
3495 1
3498 1
1300 61
1301 71
1302 49
1303 53
1304 72
1305 58
1306 53
1307 51
1308 56
1309 61
3950 1
2170 7
3951 1
2171 11
2172 10
2173 6
2174 3
3955 1
2175 10
0 1
2176 6
2177 7
2 2
2178 8
2179 6
7842 1
8 1
9 1
2631 3
2633 1
2635 2
2636 2
2637 3
2638 3
1310 57
1311 65
1312 64
1313 39
1314 57
1315 53
1316 54
1317 46
1318 64
1319 64
3960 1
2180 10
2181 8
2182 12
3962 1
2183 12
2184 11
3965 1
2185 10
2186 6
3967 1
2187 11
2188 6
2189 5
6068 1
6069 1
7853 1
7854 1
2640 2
2641 5
2642 2
2643 5
2645 3
2646 1
2647 2
400 103
2648 1
401 114
2649 1
402 92
403 105
404 112
405 103
406 98
407 93
408 112
409 90
1320 55
1321 62
1322 49
1323 63
1324 59
5200 1
1325 52
5201 3
1326 54
5202 1
1327 68
5203 1
1328 67
5204 2
1329 62
5205 1
5206 1
5208 1
5209 2
2190 6
2191 6
2192 4
2193 10
2194 10
2195 9
2196 7
6071 1
3977 2
2197 5
2198 4
3979 1
2199 9
6077 1
6079 1
2650 1
2651 3
2652 2
2654 2
2655 1
2656 3
2657 3
410 95
411 102
2658 1
2659 2
412 93
413 116
414 90
415 89
416 100
417 94
418 89
419 91
1330 58
1331 60
1332 73
1333 50
1334 63
5210 1
1335 67
1336 61
1337 68
1338 60
1339 64
5215 1
5216 1
5219 2
3981 1
3986 1
3987 2
6087 1
7874 1
2660 6
2662 2
2663 3
2664 2
2665 2
2666 1
2667 3
420 95
2668 2
421 92
2669 2
422 103
423 102
424 95
425 98
426 110
427 97
428 105
429 99
1340 62
1341 47
1342 60
1343 59
1344 61
1345 58
5221 1
1346 64
1347 51
5223 1
1348 54
1349 54
5227 2
5228 1
5229 1
3994 1
6090 1
6091 2
3996 1
3997 1
3998 2
3999 1
7880 1
1800 18
7882 1
1801 5
1802 14
1803 15
1804 12
1805 21
1806 10
1807 21
1808 17
1809 8
2670 4
2671 1
2672 5
2673 1
2674 2
2675 1
2676 1
2677 2
430 95
2678 4
431 86
2679 5
432 87
433 95
434 136
435 93
436 89
437 109
438 114
439 88
1350 78
1351 36
1352 53
1353 53
1354 54
5230 1
1355 54
5231 1
1356 41
5232 1
1357 71
1358 68
5234 1
1359 54
5237 1
5238 1
1810 13
1811 18
1812 9
1813 12
1814 23
1815 11
1816 16
1817 9
1818 7
1819 11
2680 1
2681 3
2682 1
2683 5
2684 3
2685 1
2686 2
2687 1
440 96
2688 3
441 93
2689 2
442 72
443 106
444 82
445 78
446 91
447 99
448 99
449 82
1360 59
1361 56
1362 52
1363 64
1364 61
1365 48
1366 60
5242 3
1367 61
900 61
5243 1
1368 67
901 49
1369 63
902 66
903 65
904 53
5247 1
905 44
906 60
5249 1
907 48
908 48
909 70
1820 13
1821 13
1822 12
1823 17
1824 19
5700 1
1825 17
5701 1
1826 13
5702 2
1827 11
1828 10
1829 11
5705 1
5708 1
2690 4
2691 3
2692 3
2693 3
2694 3
6570 1
2695 3
2696 3
450 88
2697 3
451 100
2698 3
2699 3
452 103
453 71
454 58
455 101
456 71
457 95
458 91
459 88
1370 49
1371 48
1372 56
1373 52
1374 65
1375 67
5251 1
1376 61
5252 2
1377 60
910 54
5253 1
1378 51
911 63
5254 1
1379 43
912 55
913 50
5256 1
914 55
915 53
5258 1
916 54
5259 1
917 66
918 49
919 46
1830 11
1831 13
1832 8
1833 15
1834 10
5710 1
1835 13
1836 10
1837 20
1838 21
1839 15
460 80
461 84
462 86
463 88
464 104
465 75
466 86
467 80
468 87
469 98
1380 60
1381 60
1382 53
1383 67
1384 43
1385 55
1386 56
5262 2
920 67
1387 50
921 55
1388 57
5264 1
922 48
1389 56
923 45
5265 2
924 55
5267 1
925 56
5268 2
926 67
5269 1
927 42
928 65
929 65
1840 17
1841 23
1842 14
1843 9
1844 10
1845 16
1846 12
5722 1
1847 14
1848 11
1849 10
5728 1
470 79
471 103
472 85
473 78
474 82
475 111
476 84
477 88
478 88
479 93
4404 1
4406 1
4408 1
4409 1
1390 52
1391 68
1392 46
1393 58
1394 43
5270 1
1395 49
1396 59
930 46
5272 1
1397 63
931 71
5273 3
1398 54
932 68
1399 58
933 49
934 56
5277 1
935 55
5278 2
936 50
937 53
938 40
939 70
1850 15
1851 10
1852 15
1853 18
1854 16
1855 9
1856 17
1857 10
1858 14
1859 20
5735 1
480 85
481 98
482 91
483 81
484 69
485 90
486 77
487 89
488 79
489 84
4412 2
4413 1
4416 1
4418 1
4419 1
8302 1
5281 1
5282 1
940 51
941 59
5284 1
942 53
943 52
5286 1
944 70
5287 2
945 45
946 41
5289 1
947 63
948 69
949 43
1860 18
1861 10
1862 10
1863 18
1864 23
1865 17
1866 18
5742 1
1867 16
1868 12
1869 19
490 93
491 92
492 74
493 89
494 60
495 80
496 76
497 75
498 88
499 83
4420 2
4421 1
4423 1
4426 2
4429 1
5290 1
5292 1
950 54
951 53
5294 3
952 56
5295 1
953 61
5296 4
954 55
955 45
5298 1
956 59
957 43
958 57
959 51
3100 3
3101 2
3102 2
3104 1
3107 2
3108 1
3109 1
1870 13
1871 16
1872 14
1873 20
1874 12
1875 17
1876 15
1877 15
1878 16
1879 17
5755 1
5758 1
4431 2
4432 2
4433 1
4434 1
8323 1
8324 1
960 55
961 57
962 46
963 49
964 45
965 58
966 59
967 56
968 52
969 44
3111 3
3112 1
3113 1
3114 1
3115 1
3116 2
3117 2
3118 1
3119 2
1880 19
1881 11
1882 8
1883 13
1884 15
1885 11
1886 8
1887 8
1888 17
1889 16
5767 1
4440 1
4441 1
4443 1
4444 1
4445 2
4447 1
4448 2
4449 1
970 63
971 46
972 42
973 58
8338 2
974 55
975 57
976 67
977 62
978 53
979 57
4900 1
4901 1
3121 1
3123 1
3125 2
3126 1
3127 2
4908 1
3128 1
4909 2
3129 1
1890 20
1891 14
1892 11
1893 19
1894 13
1895 12
1896 16
5772 2
1897 12
5773 1
1898 10
5774 1
1899 7
5777 1
5778 1
5779 1
4450 2
4454 1
4455 1
4457 1
4458 1
980 40
981 62
982 55
983 39
984 54
985 46
986 64
987 56
988 54
989 46
3130 3
3131 2
4911 1
3133 1
4915 2
4917 1
3137 2
4918 1
3139 4
5780 1
5789 1
4460 1
4462 1
4463 1
4464 1
4465 1
4466 2
990 64
991 69
992 43
993 65
994 49
995 52
996 46
997 45
998 59
999 36
4920 1
4921 1
3141 3
3142 1
3143 1
4923 2
4924 1
3144 1
3146 1
3147 2
3149 1
5795 1
5799 1
3601 2
3602 2
3603 1
3604 1
3605 1
3606 3
3609 1
4471 1
4472 1
4474 1
4476 2
4478 2
4479 1
8362 1
8364 1
3150 3
3151 2
4931 2
3152 1
3153 1
4933 1
4934 1
3154 2
3155 2
3156 1
4939 1
3610 2
3611 1
3614 1
3616 1
3617 1
3618 1
4481 2
4482 1
4483 2
4484 1
4485 1
4486 1
4488 1
3162 3
3163 3
3165 1
3166 3
3168 2
3169 2
7058 1
3620 4
3621 2
3623 2
3624 2
3625 2
3626 3
3629 1
4490 3
4491 1
4493 1
4495 1
4496 1
4498 1
8381 1
2300 4
2301 3
2302 4
2303 3
2304 1
2305 9
2306 3
2307 7
2308 1
2309 9
4950 2
4951 2
3171 3
3172 1
3173 1
3174 3
3175 1
4956 2
3177 1
4958 1
3178 2
3179 1
3630 2
3632 1
3633 2
3635 3
3636 1
3637 1
7523 1
2310 5
2311 6
2312 6
2313 5
2314 7
2315 6
2316 2
2317 8
8399 1
2318 7
2319 3
3180 2
3181 3
4961 1
-101 1
4962 1
4963 1
3183 3
3184 1
3187 1
4967 1
4968 2
3189 1
3641 1
3642 1
3643 1
3646 2
2320 2
2321 6
2322 4
2323 4
2324 4
2325 4
2326 3
2327 4
2328 2
2329 5
6207 1
3190 1
4970 2
3191 2
3192 1
4973 1
3193 1
3194 1
4974 1
3195 3
3196 1
4977 1
3197 1
4979 2
3199 2
-119 1
3650 1
3652 1
3653 1
3654 3
3655 1
3656 1
3657 1
3658 1
2330 6
2331 5
2332 3
2333 6
2334 6
2335 7
2336 3
2337 2
2338 6
2339 5
6218 1
-125 1
4986 1
1000 57
4987 1
1001 63
4988 2
1002 47
1003 57
1004 49
1005 50
1006 56
1007 47
1008 51
1009 61
3665 1
3668 2
7552 1
2340 5
2341 5
2342 3
2343 1
2344 7
2345 6
2346 4
100 1272
2347 7
101 1205
2348 3
102 1212
2349 5
103 1241
104 1259
105 1217
106 1127
107 1123
4990 1
108 1135
4991 1
109 1134
4993 1
1010 59
1011 54
1012 65
1013 50
1014 77
1015 49
1016 56
2800 1
1017 70
2801 2
1018 55
2802 1
1019 59
2803 2
2805 1
2806 1
2807 2
2808 1
2809 3
3670 1
3672 2
3673 1
3674 3
3675 1
3676 1
3677 2
3679 1
2350 4
2351 4
2352 3
2353 8
2354 4
2355 3
2356 2
110 1127
2357 5
111 1142
2358 6
112 1098
2359 2
113 1078
114 1029
6237 1
115 1066
116 975
117 1005
118 1046
119 944
1020 49
1021 57
1022 54
1023 47
1024 46
1025 43
1026 63
1027 40
2810 5
1028 50
2811 5
1029 50
2812 2
2813 2
2815 3
2816 1
2817 3
2818 3
2819 4
3680 1
3683 3
3685 2
3686 2
3688 4
2360 5
2361 6
2362 3
2363 4
2364 1
2365 1
2366 2
2367 3
120 949
2368 6
121 956
2369 8
122 901
123 958
124 936
125 891
126 879
127 931
128 825
129 812
1030 50
1031 53
1032 38
1033 51
1034 56
1035 51
1036 67
2820 3
1037 52
2821 6
1038 48
2822 5
1039 64
2823 7
2824 2
2825 1
2826 3
2827 3
2828 2
2829 2
3690 2
3692 1
3693 1
3694 2
3695 1
3696 2
3697 2
3698 1
3699 3
1500 47
1501 49
1502 43
7584 1
1503 37
1504 42
1505 44
1506 45
1507 43
1508 39
1509 46
2370 7
2371 5
2372 4
2373 5
2374 7
2376 6
2377 1
130 855
2378 7
131 816
2379 3
132 814
133 825
134 856
135 793
136 774
137 830
138 735
139 792
1040 38
1041 65
1042 54
1043 48
1044 54
1045 63
1046 47
2830 2
1047 57
2831 1
1048 52
2832 1
1049 50
2833 2
2834 3
2835 2
2836 4
2837 1
2838 1
2839 1
1510 53
1511 42
1512 49
1513 40
1514 41
1515 41
1516 39
1517 34
1518 51
1519 52
2380 3
2381 1
2382 3
2383 2
2384 2
2385 5
2386 4
140 750
2387 5
2388 1
141 765
142 742
143 753
6266 1
144 713
145 713
146 698
147 694
148 676
149 677
1050 48
1051 48
1052 47
1053 43
1054 57
1055 52
1056 44
2840 1
1057 55
2841 4
1058 49
2842 3
1059 47
2843 4
2844 5
2845 1
2846 2
2847 1
600 74
2848 1
601 65
2849 1
602 77
603 68
604 76
605 62
606 78
607 56
608 77
609 87
1520 28
1521 45
1522 42
1523 49
1524 36
5400 1
1525 35
5401 1
1526 38
5402 2
1527 39
1528 46
1529 42
5405 2
2390 2
2391 4
2393 2
2394 2
2395 4
2396 1
150 706
2397 6
2398 1
151 643
2399 2
152 640
153 664
154 623
155 618
156 613
157 662
158 640
159 634
1060 41
1061 49
1062 42
1063 49
1064 51
1065 58
1066 52
2850 3
1067 59
1068 55
2851 2
1069 50
2852 5
2853 2
2855 2
2856 3
2857 2
610 83
611 82
2858 3
612 67
2859 2
613 54
614 61
615 69
6738 1
616 69
617 86
618 83
619 78
1530 38
1531 28
1532 39
1533 27
1534 44
1535 26
1536 44
5412 2
1537 39
1538 32
1539 23
5415 1
160 649
161 590
162 605
163 630
164 589
165 625
166 574
167 595
168 586
169 541
1070 48
1071 55
1072 55
1073 50
1074 65
1075 46
1076 51
2860 5
1077 58
2861 3
1078 61
2862 3
1079 71
2863 3
2864 5
2865 1
2866 2
620 65
621 82
622 72
2869 4
623 76
624 73
625 63
626 63
627 54
628 71
629 67
1540 32
1541 32
1542 50
1543 34
1544 32
1545 46
1546 30
5422 2
1547 50
1548 28
5424 2
1549 42
5427 1
6292 1
170 534
171 536
172 545
173 537
174 551
175 582
176 517
177 547
178 511
179 506
4100 1
1080 51
1081 55
4105 1
1082 44
1083 52
1084 56
4108 1
1085 56
4109 1
1086 57
2870 4
1087 62
2871 2
1088 51
2872 3
1089 54
2873 2
2874 1
2875 1
2877 3
630 68
2878 3
631 51
2879 1
632 88
633 67
634 60
635 73
636 59
637 75
638 62
639 83
1550 38
1551 39
1552 37
1553 46
1554 41
5430 1
1555 34
5431 2
1556 31
1557 37
1558 30
1559 39
5436 1
5438 1
180 511
181 495
182 507
183 510
184 500
185 498
186 501
187 475
188 486
189 470
4110 1
4112 1
1090 49
1091 58
1092 54
4115 1
4116 1
1093 74
1094 51
4118 1
1095 59
4119 1
1096 48
2880 1
1097 50
2881 4
1098 56
2882 5
1099 55
2883 3
2884 2
2885 3
2886 2
2887 1
640 61
2888 1
641 75
2889 3
642 70
643 75
644 73
645 69
646 75
647 58
648 90
649 63
1560 33
1561 36
1562 44
1563 40
1564 34
5440 1
1565 49
1566 33
1567 32
1568 41
1569 30
5445 3
190 469
191 494
192 430
193 489
194 469
195 426
196 427
197 409
198 448
199 449
5902 1
4122 1
2890 1
2891 3
2892 2
2893 3
2894 1
2896 2
650 63
2897 2
2898 2
651 61
652 74
2899 1
653 68
654 69
655 58
656 61
657 70
658 69
659 78
1570 46
1571 29
1572 34
1573 40
1574 23
1575 30
1576 35
5452 1
1577 45
5453 2
1578 37
1579 32
5456 1
5457 1
5458 1
4135 1
5916 1
4139 1
8022 1
660 57
661 70
662 66
663 74
664 57
665 69
666 65
667 77
668 66
669 74
1580 35
1581 38
1582 25
1583 42
1584 36
5460 1
1585 41
1586 39
5462 2
1587 37
1588 33
1589 27
5466 2
5469 1
5921 1
4142 2
670 72
671 52
672 69
673 72
674 65
675 69
676 73
677 77
678 69
679 58
4601 3
4603 2
4605 1
1590 40
1591 25
1592 34
1593 42
1594 31
1595 36
5471 2
1596 27
1597 29
1598 32
1599 37
5477 2
4155 1
4156 1
4158 1
4159 2
8044 1
680 49
681 53
682 59
683 59
684 75
685 65
686 61
687 62
688 61
689 70
4613 1
4614 1
4615 1
4618 1
4619 1
8500 4
8501 2
8502 2
8503 2
8505 3
8506 2
5484 2
5485 1
8508 1
5489 1
5944 2
4164 1
5945 1
4167 1
690 71
691 66
692 54
693 72
694 65
695 55
696 71
697 73
698 66
699 53
4626 1
4627 2
8512 1
5492 1
5493 1
5494 1
5495 1
5496 1
3300 2
3301 1
3306 1
3307 1
4176 1
4178 1
4179 1
8065 1
4630 1
4631 1
4633 1
4635 1
4636 1
8526 1
8527 1
8529 1
3310 1
3314 1
3315 1
3316 1
3317 1
3318 2
3319 1
4180 1
4184 2
5966 1
4189 1
8071 1
4641 1
4642 1
4647 1
4648 1
3320 1
3321 2
3325 1
3326 2
3327 2
3328 1
4193 2
4195 1
4196 1
2000 12
2001 8
2002 5
2003 15
2004 13
2005 11
2006 15
2007 8
2008 13
2009 13
4650 1
4651 1
4654 1
4655 1
4657 1
3330 1
3331 1
3332 1
3335 1
3336 1
3337 1
3338 1
3339 1
5981 1
5983 1
2010 11
2011 16
2012 10
2013 17
2014 15
2015 10
2016 13
2017 12
2018 13
2019 13
4664 1
4665 1
4666 1
4668 1
3340 1
3342 1
3344 1
3347 1
3348 1
3349 2
2020 13
3800 1
3801 2
2021 16
2022 11
3803 1
2023 16
2024 15
3805 1
2025 14
2026 12
2027 18
3808 1
2028 14
2029 10
3809 1
4673 1
4676 1
3352 1
3354 1
3355 3
3356 1
3358 1
2030 8
3811 2
2031 20
2032 15
2033 14
3813 2
2034 13
2035 11
3816 1
2036 16
2037 8
2038 14
2039 9
7701 1
4686 1
4688 1
3360 1
3361 1
3362 1
3363 1
3364 2
3367 1
3369 3
3820 2
2040 13
2041 21
3822 2
2042 9
2043 9
2044 9
2045 15
3826 1
2046 12
3827 1
2047 8
3828 1
2048 12
2049 14
4691 1
7716 1
7718 2
4695 1
4696 2
4697 1
4698 1
2500 2
2501 6
2502 2
2503 2
2504 4
2505 1
2506 3
2507 2
2509 3
3370 1
3371 1
3372 2
3375 1
3377 1
3378 1
3830 1
2050 13
2051 15
3832 1
2052 12
2053 16
2054 7
3835 1
2055 16
3836 1
2056 10
2057 9
2058 12
2059 7
7721 1
7725 1
2510 2
2513 5
2514 1
2516 1
2517 3
2518 1
2519 1
3380 1
3381 1
3382 1
3383 1
3384 2
3388 1
3389 1
2060 20
2061 9
3841 3
2062 15
2063 19
2064 17
3844 3
3845 2
2065 12
2066 16
2067 9
3847 1
2068 12
2069 12
7730 1
7733 1
7735 1
7737 1
2520 1
2521 1
2522 2
2523 4
2524 1
2525 1
2527 3
2528 3
2529 2
3390 1
3391 1
3392 1
3393 2
3394 1
3395 1
3396 1
3397 2
3398 2
3399 1
1200 46
1201 66
1202 52
-1 1
1203 62
-2 3
1204 61
1205 57
1206 61
1207 63
1208 64
1209 47
2070 19
2071 15
2072 9
2073 13
3854 1
2074 12
3855 4
2075 8
2076 14
3857 1
2077 12
2078 9
3859 1
2079 17
7743 1
2530 3
2531 1
2532 1
2533 2
2534 2
2535 4
2536 1
2537 1
2538 3
2539 2
1210 53
1211 72
1212 56
7294 1
1213 54
1214 50
1215 53
1216 52
1217 56
1218 61
1219 55
3860 1
2080 10
3861 1
2081 14
3862 1
2082 12
3863 1
2083 11
2084 12
2085 7
2086 7
2087 13
2088 8
3869 3
2089 12
7751 1
2540 3
2541 1
2542 1
2543 3
2545 1
2546 3
2547 3
300 165
301 180
2548 4
302 171
2549 4
303 162
304 169
305 162
306 155
307 177
308 158
309 154
1220 38
1221 47
1222 52
1223 52
1224 71
1225 53
5101 1
1226 61
5102 1
1227 58
5103 1
1228 64
1229 63
5105 3
5107 1
3870 1
2090 11
3871 1
2091 13
3872 1
2092 5
3873 1
2093 6
3874 1
2094 16
3875 1
2095 10
2096 16
2097 22
2098 10
2099 7
2550 2
2551 2
2552 1
2553 3
2555 3
2556 1
310 168
2557 3
311 173
2558 2
312 163
313 172
314 162
315 173
316 170
317 161
318 153
319 151
1230 59
1231 54
1232 53
1233 54
1234 68
1235 55
1236 64
1237 60
1238 70
5114 1
1239 54
5115 1
5116 1
5117 1
5119 2
3882 2
3883 1
3884 1
3885 1
2560 5
2561 1
2562 2
2563 3
2565 2
2566 4
2567 3
320 136
2568 2
321 144
2569 3
322 142
323 140
324 155
325 165
326 145
6449 1
327 139
328 124
329 161
1240 54
1241 56
10 1
1242 55
1243 57
11 2
1244 51
12 1
1245 54
14 2
5121 2
1246 57
5122 1
1247 59
15 1
5123 2
1248 61
17 2
5124 4
1249 52
18 2
5125 1
19 3
5128 1
3891 1
3894 1
3896 1
3897 2
3898 3
3899 1
1700 19
1701 27
1702 25
1703 21
1704 19
1705 14
1706 19
1707 24
1708 14
1709 22
2570 3
2571 3
2572 2
2573 1
2574 3
2575 4
2576 1
2577 1
330 142
2578 2
331 144
2579 2
332 139
333 122
334 141
335 141
336 137
337 133
338 136
339 158
1250 62
1251 55
20 1
1252 71
21 4
1253 66
22 4
1254 55
1255 60
23 7
24 3
1256 57
5132 2
1257 55
25 6
1258 62
26 3
1259 66
27 6
6915 1
5135 2
28 7
5136 2
29 8
5137 2
5139 1
1710 21
1711 27
1712 26
1713 15
7795 1
1714 21
1715 18
1716 13
1717 27
1718 23
1719 23
2580 4
2581 2
2583 1
2584 3
2585 2
2586 2
2587 1
340 144
2588 1
341 124
342 126
2589 2
343 131
344 117
345 125
346 156
347 131
348 127
349 115
1260 63
1261 55
1262 52
30 21
1263 59
31 10
1264 54
32 21
5140 1
1265 63
33 43
5141 2
1266 54
34 32
1267 64
35 87
800 62
5143 1
1268 68
36 128
801 57
1269 59
37 177
802 48
5145 1
38 269
803 56
39 396
804 76
5147 1
805 61
5148 3
806 77
807 64
5149 2
808 55
809 67
1720 21
1721 17
1722 19
1723 21
1724 25
5600 1
1725 19
1726 19
5602 2
1727 16
5603 1
1728 12
1729 16
5608 1
2590 2
2591 3
2592 2
2593 1
2594 1
2595 1
2596 3
2597 3
350 126
351 124
2598 3
352 102
353 130
354 117
355 117
356 122
357 117
358 124
359 148
1270 59
1271 67
1272 72
40 610
1273 63
41 810
1274 61
42 1238
1275 56
43 1620
5151 2
1276 60
44 2211
5152 1
810 57
1277 50
45 2937
811 62
5153 2
1278 55
46 3734
812 67
1279 67
47 4609
813 64
48 5368
5156 1
814 62
49 6240
5157 1
815 54
816 69
817 58
5159 2
818 62
819 50
1730 24
1731 36
1732 20
1733 18
1734 16
1735 25
5611 1
1736 12
5612 1
1737 23
1738 28
1739 18
360 122
361 122
362 133
363 128
364 135
365 118
366 127
367 132
368 134
369 120
1280 72
1281 68
1282 60
50 6779
1283 53
51 7567
1284 71
52 7820
5160 3
1285 57
53 8011
5161 1
1286 55
54 8053
5162 2
1287 68
55 8165
820 59
5163 1
6943 1
1288 62
56 7943
821 51
5164 1
1289 54
57 7771
822 59
58 7350
823 55
5166 1
59 7007
824 76
825 67
6948 1
826 72
5169 1
827 45
828 69
829 63
1740 22
1741 13
1742 26
1743 14
1744 19
1745 18
5621 2
1746 24
5622 1
1747 17
1748 19
5624 1
1749 16
5625 1
370 101
371 94
372 120
373 117
374 122
375 116
376 139
377 107
378 122
379 97
4301 1
4304 1
1290 66
1291 56
1292 49
60 6610
1293 63
61 6073
1294 57
62 5568
1295 75
63 4879
1296 56
64 4460
5172 1
1297 61
65 4013
830 57
1298 64
66 3662
831 45
1299 60
67 3194
832 50
68 3047
833 46
5176 1
69 2894
834 48
5177 1
835 64
836 53
5179 2
837 52
838 52
839 66
1750 16
1751 16
1752 16
1753 19
1754 12
1755 15
1756 20
1757 15
5633 1
1758 17
1759 15
5636 1
380 109
381 102
382 103
383 111
384 105
385 116
386 118
387 108
388 108
389 120
4313 1
4314 3
4316 1
4317 1
70 2729
71 2551
72 2342
5180 2
73 2215
74 2219
75 2130
840 57
76 2011
841 51
77 1976
842 55
78 1918
843 58
5186 1
79 1807
844 62
5187 1
845 60
5188 1
846 65
5189 1
847 57
848 67
849 61
1760 15
1761 29
1762 14
1763 7
1764 19
1765 11
1766 14
1767 16
1768 19
1769 20
5645 2
5647 1
5648 1
5649 1
390 109
391 109
392 104
393 104
394 101
395 108
396 119
397 90
398 100
399 116
4321 1
4324 1
4327 1
80 1773
81 1824
82 1728
5190 2
83 1665
84 1635
850 46
85 1547
5193 1
851 59
86 1576
8217 1
5194 1
852 54
87 1569
853 65
5195 1
88 1508
5196 1
854 64
89 1560
5197 1
855 56
856 60
857 58
858 61
859 64
3001 2
3002 2
3003 4
3005 4
3007 2
3009 1
1770 13
1771 10
1772 28
1773 17
1774 20
5650 3
1775 18
1776 21
1777 24
1778 18
1779 19
5658 1
4330 1
4335 1
4338 1
4339 2
90 1531
91 1467
92 1458
93 1379
94 1415
95 1369
860 56
96 1335
861 56
97 1350
862 56
98 1251
863 63
99 1338
864 55
865 51
866 55
867 65
868 61
869 66
3010 1
3011 2
3012 3
3014 3
3015 3
3018 1
3019 1
1780 14
1781 22
1782 12
1783 17
1784 11
1785 18
1786 14
1787 9
1788 17
1789 14
4340 1
4342 1
4343 2
4344 1
4345 2
4346 1
4347 1
4349 1
870 41
871 54
872 57
873 47
8238 1
874 51
8239 1
875 54
876 57
877 56
878 56
879 60
3020 4
4800 1
3021 1
3022 1
4804 1
4805 1
3025 1
3026 1
3027 5
4807 2
3028 2
1790 13
1791 13
1792 16
1793 15
1794 18
1795 13
5671 2
1796 16
5672 1
1797 12
1798 20
5674 1
1799 8
5675 1
5679 1
4350 1
4351 2
4352 1
4354 1
4357 1
880 58
881 54
882 66
883 58
884 60
885 64
886 44
887 56
888 57
889 67
4810 1
3030 2
3031 1
4812 1
3032 2
3033 2
4813 2
3034 1
4814 1
4815 2
3035 3
3036 3
4816 1
3037 3
4818 2
3038 1
3039 2
5681 1
4360 3
4361 1
4368 1
890 55
891 77
8257 1
892 64
893 56
894 67
895 63
896 55
897 52
898 54
899 59
4820 1
3041 4
3043 1
3044 3
4826 1
3046 2
3047 1
4827 1
4828 2
4829 1
3049 2
5690 1
5694 1
5696 1
5697 1
5698 1
3501 2
3504 2
3505 1
3506 1
3507 2
3508 1
3509 2
4373 1
4375 1
4376 1
4377 1
4379 1
8260 1
3050 1
3051 1
4831 2
3052 1
4832 1
3053 2
4833 1
3054 1
3056 3
3057 2
4837 1
4838 1
3058 3
4839 1
3510 1
3514 1
3515 1
3517 2
3518 1
4381 1
4383 2
4384 2
4385 2
4388 1
3060 1
3061 4
3062 1
3063 4
3064 1
4844 2
3065 1
4846 1
3066 3
3067 2
3068 1
3069 1
3520 1
3522 1
3526 1
4390 1
4391 1
4393 1
4394 2
4395 2
4397 1
4398 1
4399 1
2200 7
8282 1
2201 12
8283 2
2202 2
2203 5
2204 12
2205 11
2206 14
2207 8
2208 9
2209 5
3070 1
3071 2
3072 1
4852 1
3073 1
3074 2
3075 4
3076 2
4857 1
3077 1
4858 1
3078 3
3079 3
3532 1
3533 2
3536 3
3537 2
3539 1
2210 9
2211 5
2212 7
2213 9
2214 8
2215 6
2216 5
2217 7
2218 4
2219 7
3080 4
3081 1
4862 1
4863 1
3083 1
4864 1
3085 1
3086 1
3087 3
3088 2
3540 1
3542 4
3543 1
3545 1
7438 1
2220 10
2221 5
2222 6
2223 10
2224 10
2225 7
2226 8
2227 6
2228 7
2229 7
6108 1
3090 3
3091 1
4871 1
3092 1
4873 2
3093 2
3094 1
3095 2
3096 2
3097 2
3098 1
4878 1
3099 1
3550 2
3551 1
3554 2
3555 3
2230 15
2231 9
2232 5
2233 7
2234 6
2235 10
2236 9
2237 8
2238 6
2239 8
4886 2
3560 1
3561 1
3563 2
3564 1
3565 1
3567 1
3568 2
3569 1
2240 6
2241 8
2242 4
2243 13
2244 9
2245 8
6120 1
2246 6
2247 8
6123 1
2248 2
2249 7
6125 1
7912 1
4890 2
4892 1
4898 1
2700 5
2701 1
2702 6
2703 2
2704 3
2705 1
2706 2
2707 3
2708 3
2709 2
3570 1
3574 2
3578 2
2250 7
2251 8
2252 6
2253 7
2254 13
2255 3
2256 6
2257 7
2258 10
2259 6
6135 2
7926 1
2710 3
2711 3
2712 1
2713 2
2714 4
2715 3
2716 5
2718 2
2719 2
3581 1
3582 1
3583 2
3584 1
3588 1
3589 1
2260 7
2261 2
2262 9
2263 7
2264 11
2265 5
6141 1
2266 10
2267 9
2268 6
2269 6
6146 1
6147 1
7939 1
2720 3
2721 1
2722 4
2723 3
2724 2
2725 4
2727 5
2728 2
2729 4
3591 3
3593 2
3596 1
3597 1
3598 2
3599 1
1400 58
1401 50
1402 51
1403 55
1404 63
1405 45
1406 60
1407 50
1408 55
1409 52
2270 4
2271 12
2272 9
2273 5
2274 4
2275 5
2276 5
2277 7
2278 5
6154 1
2279 6
6156 1
2731 2
2732 3
2733 3
2734 2
2735 2
2737 2
2738 1
2739 3
1410 57
1411 50
1412 53
1413 51
1414 63
1415 51
1416 57
1417 50
1418 45
1419 46
2280 5
2281 2
2282 7
2283 6
2284 10
2285 6
2286 6
2287 6
2288 4
2289 4
7950 1
6168 1
2740 1
2742 3
2743 2
2744 3
6620 1
2745 1
2746 4
2747 1
500 77
2748 2
501 76
2749 4
502 78
503 76
504 79
505 72
506 82
507 91
508 77
509 82
1420 45
1421 56
1422 50
1423 50
1424 51
5300 1
1425 57
1426 47
5302 1
1427 60
5303 1
1428 56
5304 1
1429 47
5305 1
5306 2
5307 1
5309 2
2290 6
2291 6
2292 4
2293 4
2294 4
2295 5
2296 6
2297 6
2298 2
2299 1
7965 1
2750 3
2751 1
2752 1
2753 2
2754 4
6630 1
2755 1
2756 1
2757 2
510 88
2758 5
511 82
2759 3
512 73
513 97
514 77
515 84
516 69
517 83
518 86
519 73
1430 43
1431 54
1432 48
1433 55
1434 53
5310 2
1435 50
1436 41
5312 2
1437 53
5313 2
1438 35
5314 2
1439 43
5317 1
5318 2
6182 1
7971 1
2760 3
2761 4
2762 4
2763 2
2764 5
2765 6
2766 4
2767 4
520 83
2768 3
521 96
2769 5
522 79
523 66
524 80
525 85
526 82
527 77
528 75
529 62
1440 52
1441 48
1442 40
1443 45
1444 50
5320 1
1445 58
1446 46
5322 1
1447 48
1448 41
5324 1
1449 50
5326 1
6198 1
1900 12
1901 14
1902 14
1903 15
1904 15
1905 18
1906 13
1907 20
4002 1
1908 8
1909 18
4006 1
4007 2
2770 5
2771 3
2772 2
2773 3
2774 2
2775 3
2776 5
530 83
2777 2
531 77
2778 1
532 77
2779 4
533 72
534 75
535 73
536 71
537 71
538 68
539 72
1450 45
1451 53
1452 53
1453 52
1454 57
1455 46
5331 1
1456 37
5332 3
1457 41
5333 1
1458 49
1459 49
5335 1
5337 1
5338 2
5339 1
1910 10
1911 6
1912 16
1913 10
1914 8
1915 8
1916 20
7998 1
1917 14
1918 25
4013 1
1919 11
4014 1
4017 1
2780 3
2782 4
2783 3
2784 3
2785 1
2786 1
540 73
541 105
2788 2
2789 2
542 78
543 100
544 61
545 68
546 70
547 74
548 72
549 75
1460 41
1461 55
1462 59
1463 48
1464 37
1465 57
5341 2
1466 55
5342 1
1467 50
5343 1
1468 46
1469 56
5345 1
5346 1
5347 1
5348 1
5349 1
1920 13
1921 11
1922 11
1923 16
1924 17
4020 1
1925 13
4021 1
1926 5
1927 11
4023 1
1928 10
1929 8
5806 1
4027 2
4029 2
5809 1
2790 2
2791 4
2793 2
2794 2
2796 3
550 87
2798 3
551 79
2799 3
552 72
553 74
554 80
555 77
556 83
557 62
558 72
559 67
1470 46
1471 51
1472 41
1473 49
1474 42
1475 52
1476 47
5352 1
1477 45
5353 1
1478 47
5354 1
1479 51
5355 2
5356 1
5357 3
5359 1
1930 12
1931 19
1932 9
1933 15
1934 14
1935 11
1936 14
1937 6
4032 1
4033 2
1938 12
1939 13
4035 1
5816 1
5817 1
4037 1
4038 1
5819 1
560 72
561 67
562 68
563 68
564 70
565 76
566 85
567 77
568 72
569 69
1480 42
1481 44
1482 42
1483 37
1484 32
1485 57
1486 53
1487 41
1488 42
1489 54
5366 2
5367 1
5368 2
5369 1
1940 16
1941 10
1942 7
1943 15
1944 10
5820 1
1945 15
5821 1
1946 15
1947 14
1948 11
1949 19
5825 1
4049 1
6691 1
570 76
571 71
572 71
573 59
574 86
575 76
576 67
577 74
578 65
579 71
4500 2
4503 1
4506 1
4509 1
1490 48
1491 46
1492 40
1493 40
1494 46
1495 57
1496 32
1497 50
5373 1
1498 47
1499 47
5375 2
5376 1
5377 1
1950 10
1951 10
1952 12
1953 12
1954 8
4050 2
1955 11
5831 1
1956 18
5832 1
1957 9
1958 14
1959 6
4058 1
5839 1
580 74
581 75
582 68
583 66
584 78
585 64
586 65
587 84
588 69
589 71
4511 1
4513 2
4515 1
4516 1
8404 1
5388 1
5389 1
1960 12
1961 22
1962 13
1963 7
1964 17
5840 1
1965 16
1966 5
4062 2
1967 11
4063 1
1968 12
1969 12
590 82
591 67
592 82
593 76
594 69
595 79
596 88
597 68
598 66
599 74
4521 1
4522 1
4524 2
4527 1
4528 2
4529 1
5394 1
5396 2
5398 2
3200 1
3201 1
3202 1
3203 4
3204 2
3205 2
3206 3
3207 1
3208 1
3209 1
1970 13
1971 17
1972 12
1973 10
1974 8
5850 1
1975 12
4071 1
1976 21
1977 21
4072 1
4073 1
1978 13
5854 1
1979 18
5855 1
4075 1
4077 2
4530 1
4532 1
4536 1
4538 1
3211 2
3212 1
3213 1
3215 1
3217 1
3218 2
3219 2
1980 12
1981 14
1982 10
1983 12
1984 11
1985 11
1986 14
1987 25
1988 13
4083 1
4084 1
1989 15
4085 1
5866 1
4086 1
4542 1
4543 1
4546 2
4547 1
8431 1
8438 1
3223 1
3224 1
3227 1
3229 3
1990 11
1991 10
1992 15
1993 10
1994 13
4090 1
1995 15
4091 1
1996 13
1997 13
5873 1
1998 13
4094 1
1999 18
4097 2
5878 1
4099 1
4553 1
4556 1
8440 1
8445 1
8446 1
8447 1
8448 1
3231 4
3232 1
3235 2
3236 1
3238 1
3239 3
4564 1
4567 1
8450 1
8455 2
8457 1
8459 2
3240 3
3241 2
3242 1
3243 2
3244 2
3246 1
3247 2
3249 1
5890 1
5892 1
5895 1
7139 1
5896 1
3701 2
3702 2
3705 1
3706 2
3707 2
3708 3
4572 1
4573 2
4574 1
4575 1
4576 1
4579 2
8460 3
8463 1
8466 2
8467 4
8468 2
8469 2
3250 1
3254 1
3255 3
3257 4
3258 1
3259 2
3711 2
3712 1
3713 1
3714 2
3716 2
3718 1
7602 1
4580 2
4581 1
4586 2
4587 1
8470 1
8471 2
8472 7
8473 2
8474 3
8475 3
8476 2
8477 7
8478 1
8479 4
3260 2
3261 2
3263 1
3268 2
3269 1
3726 2
3728 2
4590 4
4592 2
4593 1
4594 2
4595 1
4596 1
4598 2
4599 1
8480 2
8481 3
2400 2
8482 2
2401 7
8483 1
2402 3
2403 4
8484 3
8485 6
2404 5
2405 1
8486 4
2406 2
8487 14
8488 6
2407 3
2408 6
8489 5
2409 5
3271 3
3272 1
3273 1
3274 4
3275 3
3277 1
3278 3
3731 1
3732 1
3733 1
3734 1
3736 1
3738 1
3739 2
-14 1
-15 1
-19 1
7628 1
8490 5
8491 1
2410 3
2411 3
8492 4
8493 4
8494 1
2413 2
8495 6
2414 7
8496 1
2415 4
8497 2
2416 2
2417 1
8498 4
8499 4
2418 5
2419 4
3281 1
3282 1
3283 1
3284 2
3285 2
3287 2
3289 3
3740 1
3742 1
3743 1
3744 1
3745 1
3746 1
-28 1
7634 1
7638 1
2420 4
2421 2
2422 1
2423 4
2424 4
2425 3
2426 2
2427 3
2428 5
2429 7
3291 4
3292 1
3295 2
1100 70
1101 52
1102 59
1103 48
1104 47
1105 47
1106 48
1107 58
1108 58
1109 64
3750 1
3752 1
3753 1
3754 2
3755 1
7641 1
7644 1
7645 1
7647 2
2431 1
2432 4
2433 6
2434 5
2435 2
2436 7
2437 5
2438 1
2439 3
6317 1
1110 45
1111 67
1112 45
1113 59
1114 64
1115 58
1116 51
1117 36
1118 48
1119 48
3761 4
3763 1
3764 1
3765 1
3767 1
3768 1
3769 1
-48 1
2440 2
2441 1
2442 2
2443 2
2444 1
2445 7
2446 3
2447 6
200 395
2448 2
201 410
2449 4
202 412
203 416
204 416
205 383
206 410
207 436
208 425
209 403
2900 3
1120 56
2901 3
1121 43
2902 1
1122 47
2903 2
1123 57
1124 48
5000 2
2905 1
1125 68
2906 1
1126 60
2907 1
1127 56
2908 1
1128 66
2909 6
1129 45
5005 1
5006 1
5008 1
3770 2
3773 1
7665 1
2450 3
2451 2
2452 1
2453 1
2454 4
2455 4
2456 9
2457 3
210 381
2458 1
211 380
2459 3
212 389
213 367
214 391
215 361
216 371
217 358
218 333
219 360
2910 3
1130 71
2911 3
1131 60
2912 3
1132 62
2913 1
1133 52
2914 2
1134 48
5010 2
1135 56
2916 1
1136 50
5012 2
2917 2
1137 43
2918 1
1138 57
2919 3
1139 51
5016 1
5017 1
5018 1
3780 1
3781 1
3782 1
3783 2
3784 2
3785 1
3786 1
3788 1
3789 1
-65 1
7672 1
2460 1
2461 4
2462 1
2463 3
2464 3
2465 5
2467 2
220 359
221 351
2468 4
222 312
2469 2
223 324
224 311
225 317
226 337
227 305
228 315
229 316
2920 1
1140 45
1141 44
2921 2
1142 52
2922 3
2923 3
1143 57
1144 55
2924 1
1145 48
5021 1
2926 4
1146 47
1147 50
2927 4
5023 1
1148 44
2928 6
5024 1
1149 52
2929 3
5029 1
3793 2
3798 1
3799 1
-75 1
1600 29
1601 32
1602 28
1603 25
1604 30
1605 30
1606 26
1607 54
1608 32
1609 31
2470 2
2471 3
2472 5
2473 2
2474 1
2475 1
2476 6
230 342
2477 7
2478 4
231 307
232 313
2479 3
233 275
234 297
235 301
236 296
237 307
238 289
239 305
1150 63
2931 2
1151 51
2932 3
1152 37
2933 2
1153 48
1154 57
2935 4
1155 61
2936 1
1156 47
2937 1
1157 57
2938 2
5033 1
1158 61
5034 1
2939 2
1159 47
5036 1
5037 1
5038 1
5039 1
1610 34
1611 25
1612 24
1613 28
1614 29
1615 27
1616 31
1617 25
7699 1
1618 21
1619 33
2480 4
2481 3
2482 1
2484 3
6360 1
2485 4
2486 1
2487 3
240 290
2488 6
241 286
2489 4
242 294
243 291
244 260
245 330
246 267
247 252
248 271
249 303
2940 1
1160 49
1161 70
2942 3
1162 62
2943 2
1163 54
2944 3
1164 57
2945 1
1165 57
5041 1
1166 62
2947 4
1167 61
700 67
2948 1
5043 1
1168 39
701 72
2949 5
1169 51
702 65
5045 2
703 59
5046 1
704 57
705 69
706 58
6829 1
5049 1
707 60
708 61
709 63
-92 1
1620 19
1621 26
1622 32
1623 26
1624 22
5500 2
1625 25
5501 1
1626 28
1627 34
1628 19
5504 2
1629 24
5505 1
5507 1
5508 1
2490 2
2491 3
2492 4
2493 3
2494 4
2495 4
2496 4
2497 3
250 248
2498 5
251 269
2499 2
252 273
253 261
254 263
255 247
6378 1
256 263
257 267
258 278
259 257
2950 3
1170 48
2951 2
1171 49
2952 2
1172 51
2953 2
1173 65
2954 1
1174 58
2955 1
5050 1
1175 62
2956 2
1176 62
2957 4
5052 1
1177 64
710 57
5053 1
2958 2
1178 54
711 65
2959 1
1179 49
712 60
5055 1
713 67
714 55
5057 2
715 60
5058 2
716 66
5059 1
717 60
718 71
719 46
1630 17
1631 33
1632 21
1633 14
1634 24
1635 39
1636 38
1637 27
1638 28
1639 32
260 238
261 236
262 214
263 200
264 228
265 236
266 210
267 254
268 244
269 220
2960 4
1180 57
2961 1
1181 57
1182 38
2963 1
1183 41
1184 44
2964 5
5060 1
2965 2
1185 43
5061 3
1186 65
5062 3
2967 3
1187 58
720 63
1188 62
721 59
5064 1
1189 51
722 68
2969 2
5065 1
723 53
724 57
5067 1
725 51
726 63
5069 1
727 62
728 72
729 56
1640 28
1641 28
1642 21
1643 25
1644 24
1645 27
5521 1
1646 36
1647 26
5523 1
1648 23
1649 21
5525 1
5529 1
270 230
271 222
272 230
273 212
274 196
275 197
276 212
277 199
278 216
279 204
4203 1
4206 2
4207 1
4209 2
2970 1
1190 62
2971 3
1191 50
2972 4
1192 50
2973 3
1193 55
2974 2
1194 62
2975 2
5070 1
1195 63
2976 1
1196 53
5072 1
730 68
2977 2
1197 56
2978 1
731 66
1198 54
2979 1
732 79
1199 64
733 53
5076 1
734 72
735 66
736 62
737 56
738 61
739 67
1650 21
1651 19
1652 24
1653 23
1654 22
5530 1
1655 22
5531 1
1656 24
5532 2
1657 25
5533 3
1658 25
5534 1
1659 24
5535 1
5536 1
5538 2
5539 1
280 206
281 187
282 194
283 193
284 199
285 209
286 215
287 183
288 187
289 191
4217 1
4219 1
2980 1
2982 3
2983 1
2984 3
5080 1
2985 4
5081 1
2986 3
5082 1
740 68
741 56
2989 1
742 64
5085 1
743 66
744 59
5087 1
745 66
5088 1
746 62
5089 2
747 63
748 62
749 67
1660 25
1661 28
1662 25
1663 16
1664 43
1665 23
1666 25
5542 1
1667 18
1668 29
1669 27
5545 1
5546 1
5547 1
290 184
291 178
292 192
293 172
294 174
295 198
296 183
297 172
298 176
299 194
4222 1
4224 1
4225 2
2990 1
2991 2
2993 1
2994 4
2995 1
5090 2
5091 1
2996 2
2997 1
5092 1
750 43
5093 1
751 58
2999 2
752 69
5095 4
753 65
754 51
5097 1
755 65
756 60
5099 2
757 63
758 61
759 58
1670 28
1671 34
1672 24
1673 27
1674 23
1675 16
5551 1
1676 24
5552 1
1677 24
5553 1
1678 21
1679 20
4231 1
4232 1
4233 1
4234 1
4237 1
4238 1
4239 1
760 49
761 80
762 61
763 49
764 66
765 58
766 73
767 62
768 62
769 57
1680 24
1681 24
1682 29
1683 26
1684 24
5560 1
1685 28
5561 2
1686 25
1687 28
1688 21
1689 25
5565 1
5566 1
5568 2
4240 1
4243 1
4246 2
4249 1
770 57
771 68
772 64
773 69
8138 1
774 59
775 59
776 59
777 73
778 61
779 57
4700 1
4707 1
4708 1
4709 2
1690 18
1691 24
1692 33
1693 23
1694 32
1695 27
1696 25
1697 18
1698 25
1699 20
5575 1
5578 2
4250 1
4251 1
4253 2
4254 2
4256 1
780 62
781 56
782 58
783 52
784 58
785 47
786 67
787 60
788 73
789 61
4710 1
4711 1
4712 1
4717 2
4719 1
5581 1
5584 2
5588 1
5589 1
4260 1
4263 1
4265 2
4266 1
4268 1
8151 1
790 48
791 60
792 57
793 52
794 65
795 75
796 57
797 50
798 57
799 57
4720 1
4721 1
4722 1
4724 2
4728 1
5597 1
5599 1
3401 1
3402 1
3403 2
3404 2
3405 4
3406 2
3409 4
4272 2
4273 1
4274 1
4277 2
4279 1
8162 1
4731 1
4733 1
3410 3
3412 1
3413 1
3414 1
3415 1
3417 1
3418 1
4281 2
4286 2
4289 1
4744 1
4745 1
4746 1
4747 1
3420 3
3423 1
3425 1
3426 2
3427 1
4292 1
4293 1
4294 2
4298 2
8180 1
2100 14
2101 14
2102 8
2103 15
2104 12
2105 9
2106 13
2107 6
2108 3
2109 14
4750 1
4752 1
4756 1
4757 3
3432 1
3434 1
3436 1
3438 3
3439 2
2110 12
2111 11
2112 1
2113 4
2114 11
2115 7
2116 12
2117 10
2118 6
2119 6
4761 1
4762 1
3441 1
3443 1
3445 3
3448 2
7337 1
2120 5
2121 12
2122 4
3902 1
3903 3
2123 10
2124 15
2125 8
2126 8
3907 2
2127 14
3908 2
2128 9
3909 2
2129 7
4772 1
4775 2
4778 1
4779 1
3450 1
3451 1
3453 1
3456 1
3457 2
7340 1
3910 1
2130 9
2131 12
3912 1
2132 6
2133 5
3914 1
2134 14
3915 2
2135 8
2136 11
2137 8
2138 9
3919 1
2139 11
7800 1
6019 1
4781 1
4782 2
7807 1
4785 1
4786 2
4787 2
3460 1
3464 1
3465 2
3469 1
2140 9
2141 14
3922 1
2142 5
2143 8
3923 2
2144 6
2145 15
2146 6
2147 9
2148 6
3928 4
2149 13
4795 1
4797 2
4798 1
2600 3
2601 2
2602 2
2603 3
2604 2
2605 3
2606 4
2607 1
2608 2
3470 1
3472 1
3473 2
3474 1
3475 1
3478 1
3479 1
3930 1
2150 14
2151 7
2152 10
3933 1
2153 10
2154 6
3935 2
2155 11
3936 1
2156 7
2157 8
2158 6
2159 7
7825 1
2611 1
2612 2
2613 1
2614 2
2615 1
2616 3
2617 1
2618 1
2619 1
3481 1
3482 4
3485 2
3486 1
3487 2
3488 3
2160 10
2161 9
3942 2
2162 6
3943 1
2163 10
2164 11
3945 1
2165 11
2166 8
2167 8
6043 1
3948 2
2168 5
3949 2
2169 8
6046 1
7832 1
7837 1
