896.30
896.30
896.40
896.50
896.40
896.20
896.60
896.50
896.70
896.20
896.20
896.60
896.80
896.70
896.80
896.70
896.70
896.80
896.90
896.90
896.60
896.90
896.90
897.00
896.80
896.90
897.00
896.90
896.70
896.90
896.80
897.00
897.10
896.80
896.90
897.10
896.90
896.80
897.00
897.00
896.90
896.90
896.90
897.10
897.30
897.20
897.30
897.30
897.20
897.30
897.20
897.20
897.30
897.40
897.30
897.30
897.30
897.40
897.40
897.30
897.60
897.50
897.60
897.50
897.60
897.70
897.60
897.50
897.30
897.50
897.50
897.40
897.50
897.70
897.80
897.60
897.50
897.50
897.50
897.60
897.60
897.60
897.60
897.80
897.50
897.70
99792374897.50
897.80
897.80
897.50
897.70
897.90
897.70
897.90
897.90
897.70
897.70
897.70
897.90
897.80
897.90
897.90
897.90
898.00
897.70
898.00
898.00
898.00
897.80
897.80
897.90
897.80
897.80
897.80
897.80
898.00
-149.60
898.00
898.00
897.90
898.00
898.00
897.70
897.90
898.00
898.00
898.10
897.80
897.90
898.10
898.00
898.00
898.10
897.90
898.00
898.10
898.20
898.10
898.10
898.20
898.00
898.10
898.00
898.30
898.10
898.20
898.10
898.30
898.30
898.30
898.30
898.20
898.20
898.20
898.30
898.20
898.30
898.20
898.30
898.10
898.40
898.10
898.20
898.30
898.20
898.40
898.50
898.30
898.50
898.20
898.30
898.60
898.50
898.40
898.50
898.50
898.50
898.50
898.50
898.50
898.50
898.50
898.50
898.50
898.60
898.60
898.50
898.50
898.50
898.50
898.50
898.40
898.50
898.60
898.20
898.40
898.50
898.50
898.50
898.40
898.40
898.80
898.70
898.30
898.60
898.60
898.40
898.60
898.40
898.40
898.40
898.50
898.50
898.40
898.50
898.40
898.50
898.50
898.30
898.50
898.50
898.30
0898.40
898.30
898.50
898.50
898.30
898.20
898.40
898.30
898.40
898.40
898.40
898.40
898.30
898.50
898.40
898.40
898.50
898.30
898.40
898.40
898.50
898.30
898.20
898.20
898.40
898.40
898.30
898.40
898.20
898.10
898.40
898.10
898.20
898.30
898.50
897.90
898.30
898.40
898.50
898.50
898.30
898.20
898.30
898.30
898.00
898.20
898.30
898.10
898.30
898.30
898.30
898.30
898.30
898.20
898.30
898.40
898.30
898.20
898.40
898.20
898.20
898.40
898.30
898.30
898.50
898.00
898.40
898.40
898.20
898.10
898.20
899.30
898.10
898.20
898.10
898.10
898.20
898.20
898.30
898.20
898.10
898.10
898.10
898.30
898.20
898.00
898.00
898.00
898.00
898.00
1432.70
898.00
897.80
898.10
897.90
897.90
897.90
897.90
897.90
897.80
897.80
897.70
897.80
897.70
897.70
897.90
897.60
897.60
897.60
897.70
897.70
897.80
897.70
897.70
897.60
897.50
897.50
897.40
897.40
897.50
897.60
897.60
897.60
897.60
897.60
897.50
897.50
897.50
897.40
897.40
897.50
897.50
897.40
897.30
897.10
897.40
897.60
897.30
897.30
897.00
897.00
897.00
897.20
897.30
897.10
897.20
897.00
897.20
897.00
897.00
897.10
897.10
897.10
897.10
897.30
897.40
897.10
897.20
897.00
897.10
896.90
897.20
897.00
897.10
897.80
897.20
897.20
896.80
897.10
897.00
897.00
897.20
896.90
896.90
896.80
896.90
896.90
896.80
896.90
896.80
896.80
896.90
896.80
896.90
896.90
897.00
896.80
896.80
896.80
896.70
896.80
897.00
896.90
896.80
896.70
896.80
896.90
897.00
896.90
896.70
896.60
896.50
896.70
896.60
896.70
896.70
896.80
896.50
896.80
896.50
896.70
896.50
896.70
896.50
896.60
896.40
896.60
896.50
896.70
896.50
896.50
896.50
896.60
896.50
896.80
896.50
896.50
896.50
896.60
896.40
896.50
896.50
896.30
896.60
896.60
896.50
896.40
896.60
896.60
896.40
896.30
896.40
896.40
896.40
896.40
896.30
896.30
896.30
896.40
896.20
896.40
896.30
896.40
896.10
896.40
896.60
896.60
896.50
896.50
896.70
896.50
896.40
896.40
896.40
896.40
896.40
896.50
896.10
896.30
896.50
896.20
896.50
896.40
896.60
896.60
896.60
896.60
896.50
896.50
896.40
896.40
896.50
896.50
896.70
896.50
896.60
896.60
896.80
896.60
896.70
896.70
896.60
896.90
896.60
896.50
896.60
896.90
896.60
896.80
896.90
0896.90
896.90
896.90
896.80
896.70
896.80
896.70
897.00
896.80
896.90
896.80
896.90
896.80
896.80
896.70
896.60
897.00
897.00
896.60
896.70
896.80
896.50
896.50
896.70
896.90
896.60
896.90
896.80
896.70
896.90
896.90
897.10
896.90
896.80
896.90
896.90
896.80
896.90
897.00
897.30
896.80
897.00
896.90
897.10
897.10
896.70
897.20
897.10
897.00
897.10
897.00
896.80
897.10
897.10
897.00
897.00
896.90
897.00
897.30
897.10
897.10
897.10
897.30
897.20
897.10
897.30
897.20
897.30
897.10
897.30
897.20
897.00
897.00
897.30
897.10
897.10
897.30
897.30
897.30
897.20
897.10
897.10
897.30
897.60
897.60
897.20
897.20
897.20
897.30
897.20
897.20
897.30
897.40
897.10
897.20
897.30
897.40
897.10
897.40
897.30
897.30
897.50
897.50
897.50
897.40
897.30
897.50
897.50
897.60
897.60
897.60
897.50
897.70
897.60
897.60
897.80
897.60
897.60
897.80
897.60
897.60
897.60
897.70
897.80
898.00
898.00
897.70
898.00
898.00
898.20
898.20
898.10
898.00
897.90
897.90
897.90
898.10
898.10
898.10
898.30
898.10
898.20
898.20
898.20
898.10
898.20
898.20
898.20
898.30
898.30
898.40
898.30
898.30
898.40
898.10
898.40
898.40
898.30
898.30
898.40
898.30
898.30
898.50
898.60
898.50
898.50
898.50
898.30
898.30
898.80
898.50
898.50
898.60
898.50
898.60
898.90
898.70
898.90
898.80
898.60
898.60
898.70
898.70
898.50
898.60
898.60
898.50
898.70
898.70
898.50
898.70
898.90
898.90
898.70
898.70
898.90
898.90
898.80
898.90
898.80
899.00
-505.30
899.00
898.80
898.90
899.00
899.00
899.10
898.90
899.00
899.00
899.10
898.90
899.00
899.30
899.30
899.10
899.00
899.10
899.20
899.30
899.20
899.10
899.10
899.00
899.00
899.30
899.20
899.20
899.20
899.20
899.10
899.20
899.30
899.30
899.30
899.10
899.00
899.00
899.10
899.20
899.20
899.20
899.10
899.40
899.30
899.10
899.10
899.60
899.20
899.20
898.90
899.20
899.00
899.40
1435.90
898.90
899.00
899.10
899.20
899.20
899.30
899.20
899.20
899.20
899.20
899.00
899.10
899.10
899.10
899.30
899.20
899.20
899.10
899.10
899.10
899.10
899.20
899.00
899.00
899.00
899.00
899.00
899.00
899.10
898.90
899.00
899.00
899.10
898.70
898.90
899.00
899.00
899.20
899.00
898.80
898.90
899.00
898.90
898.80
898.90
898.80
898.90
898.80
898.80
899.00
898.90
898.70
898.70
898.70
898.50
898.70
898.80
898.60
898.90
898.80
898.50
898.80
898.70
898.50
898.80
898.70
898.60
898.80
898.70
898.50
898.70
898.50
898.60
898.70
898.50
898.40
898.70
898.60
898.60
898.70
898.50
898.60
898.60
898.60
898.50
898.40
898.50
898.40
898.50
898.50
898.70
898.30
898.50
898.50
898.60
898.40
898.40
898.50
898.30
898.30
898.30
898.00
898.20
898.40
898.20
898.20
898.20
898.20
898.10
898.10
898.30
898.00
898.00
898.20
898.10
898.50
898.00
898.00
897.90
897.90
898.00
897.80
897.90
898.00
897.90
898.00
898.10
897.90
897.70
897.70
898.00
897.70
897.90
897.80
897.50
897.80
897.70
897.80
897.70
897.70
897.80
897.60
897.40
897.60
897.80
897.60
897.60
