897.30
897.30
897.40
897.40
897.50
897.50
897.50
897.50
897.60
897.60
897.60
897.60
897.60
897.70
897.70
897.80
897.70
897.90
897.70
897.60
897.80
897.70
897.80
897.80
897.80
897.70
897.80
897.90
897.70
897.80
897.90
897.90
897.80
898.00
898.00
897.80
898.10
897.90
898.00
898.00
898.10
898.10
898.20
898.20
898.30
898.30
898.20
898.20
898.30
898.30
898.30
898.40
898.10
898.30
898.30
898.30
898.40
898.50
898.30
898.40
898.50
898.40
898.40
898.50
898.60
898.40
898.50
898.60
898.50
898.60
898.50
898.60
898.70
898.50
898.60
898.70
898.90
898.60
898.60
898.80
898.90
898.70
898.80
898.70
898.90
898.80
898.70
898.70
898.70
898.80
898.90
898.80
898.80
898.80
898.90
898.80
899.00
898.80
899.00
898.80
898.90
898.90
898.80
898.70
898.90
898.90
898.90
898.90
899.00
899.00
899.00
898.90
898.90
898.90
898.90
898.90
899.00
899.00
899.00
899.00
899.00
899.00
899.10
899.10
899.00
899.10
899.00
899.00
899.10
899.10
899.20
899.10
899.10
899.10
899.30
899.30
899.20
899.30
899.30
899.30
899.30
899.30
899.20
899.20
899.50
899.40
899.40
899.30
899.40
899.40
899.60
899.50
899.50
899.40
899.50
899.40
899.50
899.50
899.50
899.50
899.80
899.50
899.50
899.70
899.50
899.50
899.40
899.30
899.40
899.60
899.60
899.50
899.50
899.50
899.40
899.40
899.50
899.40
899.40
899.40
899.50
899.40
899.50
899.50
899.50
899.50
899.50
899.50
899.60
899.40
899.60
899.50
899.40
899.50
899.40
899.50
899.40
899.50
899.70
899.50
899.50
899.50
899.50
899.50
899.50
899.60
899.50
899.60
899.40
899.50
899.40
899.40
899.50
899.50
899.60
899.50
899.50
899.50
899.20
899.50
899.50
899.40
899.50
899.50
899.50
899.50
899.50
899.40
899.30
899.40
899.30
899.40
899.30
899.20
899.10
899.30
899.40
899.40
899.30
899.40
899.50
899.20
899.30
899.20
899.20
899.30
899.30
899.40
899.10
899.20
899.20
899.40
899.30
899.40
899.20
899.30
899.20
899.30
899.20
899.30
899.20
899.40
899.30
899.30
899.20
899.30
899.20
899.30
899.20
899.30
899.10
899.20
899.10
899.20
899.00
899.20
899.20
899.20
899.10
899.30
899.20
899.10
899.10
899.00
899.10
899.00
899.10
898.90
899.00
899.00
899.00
898.90
899.00
898.90
898.90
898.90
898.80
898.80
899.00
898.90
898.80
898.70
898.80
898.80
898.70
898.80
898.70
898.70
898.60
898.60
898.70
898.60
898.70
898.60
898.50
898.60
898.60
898.50
898.50
898.40
898.70
898.60
898.60
898.50
898.30
898.40
898.40
898.50
898.50
898.50
898.40
898.40
898.20
898.30
898.50
898.20
898.20
898.20
898.20
898.10
898.20
898.30
898.20
898.40
898.20
898.40
898.20
898.00
898.20
898.20
898.10
898.00
898.00
898.10
898.00
898.10
897.90
898.10
898.00
897.90
898.10
897.90
897.90
898.00
898.00
897.80
897.80
898.00
897.80
897.90
898.00
897.70
897.80
897.90
898.00
897.80
897.80
897.90
897.90
897.80
897.90
897.80
897.90
897.80
897.80
897.80
897.90
897.80
897.70
897.70
897.70
897.80
897.70
897.70
897.70
897.50
897.80
897.80
897.70
897.60
897.50
897.80
897.70
1897.600
897.50
897.60
897.70
897.60
897.70
897.50
897.60
897.60
897.70
897.60
897.60
897.70
897.60
897.50
897.50
897.50
897.70
897.40
897.50
897.50
897.50
897.60
897.50
897.50
897.60
897.70
897.50
897.60
897.60
897.60
897.60
897.20
897.50
897.50
897.50
897.60
897.60
897.50
897.40
897.50
897.50
897.50
897.60
897.50
897.50
897.60
897.60
897.50
897.50
897.70
897.70
897.60
897.60
897.60
897.60
897.60
897.50
897.60
897.50
897.50
897.60
897.70
897.50
897.60
897.70
897.70
897.70
897.80
897.60
897.80
897.60
897.60
897.70
897.60
897.60
897.60
898.20
897.60
897.80
897.80
897.80
897.70
897.90
897.70
897.60
898.10
897.80
897.90
898.00
897.90
898.00
897.90
897.800
897.90
897.90
898.10
897.90
897.70
897.90
897.90
897.90
897.70
897.90
897.80
897.90
897.90
897.90
897.90
897.90
898.00
897.80
898.00
898.00
897.70
897.80
898.00
897.90
897.70
897.90
897.80
897.80
897.70
897.90
898.00
898.10
897.90
897.90
898.10
898.00
898.10
898.10
898.20
898.20
898.00
898.10
898.10
898.00
898.00
898.00
898.00
898.10
897.90
898.10
897.90
898.00
898.10
898.10
898.00
898.00
898.20
898.10
898.20
898.30
898.20
898.10
898.10
898.00
898.30
898.10
898.20
898.00
898.10
898.20
898.30
898.30
898.40
898.30
898.20
898.00
898.40
898.20
898.30
898.40
898.30
898.50
898.30
898.30
898.40
898.30
898.40
898.10
898.10
898.20
898.30
898.40
898.20
898.30
898.30
898.40
898.50
898.30
898.50
898.50
898.50
898.60
898.60
898.50
898.60
898.60
898.60
898.50
898.60
898.50
898.60
898.60
898.60
898.50
898.60
898.70
898.70
898.60
898.60
898.70
898.70
898.80
898.90
898.80
898.80
898.70
898.90
898.70
898.80
899.00
898.80
898.90
898.80
898.90
899.00
898.90
899.00
899.00
899.00
899.00
899.10
899.20
899.10
899.20
899.10
899.20
899.40
899.20
899.40
899.50
899.30
899.30
899.20
899.30
899.20
899.10
899.20
899.20
899.20
899.20
899.30
899.40
899.40
899.30
899.50
899.40
899.40
899.40
899.50
899.40
899.60
899.40
899.40
899.50
899.50
899.50
899.70
899.50
899.60
899.60
899.70
899.60
899.50
899.50
899.50
899.60
899.50
899.50
899.60
899.70
899.60
899.60
899.70
899.60
899.70
899.70
899.90
899.70
899.70
899.70
899.90
899.70
899.80
899.80
899.80
899.80
899.80
899.70
899.80
899.80
899.80
899.90
899.90
899.80
899.90
899.90
899.90
900.00
900.00
900.00
899.90
899.90
900.10
900.00
900.00
900.00
900.00
900.00
900.10
900.00
900.10
900.20
900.10
900.10
900.20
900.10
900.20
900.10
899.90
900.10
900.10
900.20
900.20
900.20
900.30
900.30
900.30
900.20
900.20
900.20
900.20
900.10
900.20
900.20
900.10
900.20
900.20
900.00
900.10
900.10
900.00
900.10
900.00
900.20
900.00
900.30
900.30
900.30
900.30
900.20
900.30
900.20
900.20
900.00
900.30
900.20
900.30
900.20
900.20
900.40
900.20
900.20
900.10
900.10
900.10
900.20
900.10
900.10
899.90
899.90
900.10
900.20
900.20
900.00
899.90
900.20
900.00
900.10
900.30
900.30
900.40
900.10
900.10
900.20
900.10
900.20
900.00
900.00
900.00
900.00
899.90
900.00
900.10
899.90
900.00
900.00
900.00
899.90
900.00
900.00
900.00
899.80
899.90
899.90
899.90
899.90
899.80
899.90
899.90
899.80
899.80
899.90
900.00
899.90
899.80
899.90
899.80
899.90
899.70
899.80
899.80
899.80
899.80
899.90
899.70
899.60
899.80
899.60
899.60
899.70
899.70
899.60
899.50
899.70
899.70
899.60
899.60
899.60
899.70
899.50
899.60
899.60
899.50
899.60
899.50
899.50
899.40
899.50
899.50
899.50
899.50
899.40
899.40
899.40
899.50
899.40
899.50
899.40
899.50
899.60
899.50
899.40
899.50
899.40
899.40
899.50
899.30
899.30
899.30
899.30
899.40
899.50
899.30
899.30
899.40
899.40
899.20
899.20
899.20
899.10
899.20
899.10
899.10
898.80
899.20
899.10
899.00
898.90
899.00
899.10
899.30
899.10
899.00
898.90
899.00
899.00
899.00
898.90
899.00
898.90
898.90
898.90
898.90
898.70
898.70
898.70
898.80
898.90
898.70
898.70
898.70
898.60
898.50
898.60
898.80
898.60
898.50
898.30
898.50
898.60
898.60
898.60
898.60
898.60
898.50
