24.90
24.80
24.80
24.90
24.80
24.90
24.80
24.80
25.00
24.90
24.80
24.80
24.80
24.80
24.51
24.51
24.60
24.70
24.80
24.80
24.80
24.80
24.70
24.61
24.31
24.21
24.21
24.21
24.21
24.21
24.31
24.31
24.31
24.41
24.41
24.41
24.51
24.60
24.60
24.60
24.51
24.61
24.51
24.41
24.41
24.31
24.31
24.31
24.41
24.41
24.41
24.41
24.51
24.51
24.51
24.51
24.51
24.41
24.51
24.41
24.41
24.41
24.31
24.31
24.31
24.31
24.41
24.41
24.41
24.51
24.51
24.51
24.61
24.51
24.51
24.41
24.41
24.31
24.31
24.31
24.31
24.31
24.31
24.41
24.41
24.51
24.51
24.51
24.41
24.41
24.41
24.41
24.41
24.41
24.41
24.31
24.31
24.31
24.31
24.41
24.41
24.51
24.51
24.31
24.31
24.31
24.31
24.31
24.31
24.31
24.21
24.21
24.21
24.31
24.31
24.31
24.31
24.41
24.41
24.41
24.41
24.41
24.41
24.31
24.21
24.21
24.21
24.21
24.21
24.21
24.21
24.31
24.41
24.41
24.41
24.31
24.21
24.21
24.21
24.31
24.21
24.31
24.31
24.31
24.31
24.41
24.41
24.51
24.41
24.31
24.21
24.21
24.21
24.21
24.21
24.11
24.21
24.21
24.21
24.21
24.21
24.21
24.21
24.31
24.31
24.41
24.41
24.31
24.31
24.21
24.21
24.21
24.21
24.21
24.21
24.21
24.21
24.21
24.21
24.11
24.11
24.11
24.11
24.11
24.01
24.01
24.11
24.11
24.11
24.11
24.11
24.21
24.21
24.21
24.31
24.31
24.41
24.41
24.31
24.21
24.21
24.21
24.11
24.11
24.11
24.11
24.11
24.11
24.11
24.11
24.21
24.21
24.31
24.31
24.31
24.21
24.21
24.11
24.11
24.01
24.11
24.01
24.11
24.11
24.11
24.11
24.11
24.21
24.31
24.31
24.31
24.21
24.11
24.11
24.11
24.11
24.11
24.11
24.11
24.11
24.11
24.01
24.01
24.01
24.11
24.11
24.21
24.11
24.11
23.91
23.91
23.91
23.91
23.91
23.91
23.91
23.91
23.91
23.91
23.91
24.01
24.01
24.01
24.01
24.01
24.11
24.11
24.11
24.11
24.21
24.11
24.11
24.11
24.01
24.01
24.01
24.01
24.01
24.01
24.01
24.01
23.91
24.01
24.11
24.21
24.11
24.01
23.91
23.91
23.91
23.91
23.91
23.91
23.81
23.91
23.81
23.81
23.91
23.91
23.91
24.11
24.11
24.11
24.01
24.01
24.01
24.01
23.91
23.91
23.91
23.91
23.91
23.91
23.91
23.91
24.01
24.01
24.01
24.01
24.01
24.01
24.01
23.91
23.91
23.91
23.91
23.81
23.91
23.91
23.91
23.91
23.91
23.91
23.81
23.91
23.91
24.01
24.01
24.01
23.91
23.81
23.81
23.91
23.81
23.71
23.71
23.71
23.71
23.71
23.71
23.71
23.71
23.71
23.71
23.71
23.81
23.91
23.91
24.01
23.91
23.91
23.91
23.81
23.81
23.71
23.81
23.71
23.71
23.71
23.71
23.81
23.91
23.91
23.71
23.71
23.71
23.71
23.71
23.71
23.71
23.71
23.62
23.61
23.61
23.61
23.71
24.11
23.71
23.71
23.81
23.91
23.91
23.71
23.61
23.42
23.42
23.42
23.52
23.52
23.52
23.61
23.61
23.61
23.61
23.61
23.61
23.61
23.61
23.81
23.71
23.71
23.71
23.61
23.61
23.61
23.61
23.61
23.61
23.61
23.71
23.61
23.71
23.71
23.71
23.71
23.71
23.71
23.71
23.61
23.52
23.62
23.52
23.52
23.52
23.52
23.52
23.52
23.52
23.52
23.52
23.62
23.62
23.61
23.71
23.71
23.71
23.61
23.62
23.42
23.42
23.42
23.42
23.42
23.52
23.52
23.52
23.52
23.62
23.62
23.62
23.61
23.61
23.71
23.71
23.81
23.71
23.62
23.52
23.52
23.52
23.52
23.52
23.52
23.42
23.52
23.52
23.52
23.62
23.62
23.62
23.61
23.61
23.61
23.71
23.71
23.71
23.61
23.62
23.52
23.52
23.52
23.52
23.52
23.52
23.52
23.62
23.62
23.61
23.71
23.71
23.71
23.71
23.71
23.52
23.52
23.62
23.62
23.61
23.62
23.61
23.61
23.71
23.71
23.71
23.71
23.61
23.71
23.52
23.52
23.52
23.52
23.52
23.52
23.52
23.52
23.52
23.52
23.52
23.61
23.62
23.32
23.32
23.32
23.32
23.32
23.32
23.32
23.42
23.42
23.42
23.42
23.42
23.42
23.52
23.61
23.52
23.42
23.52
23.42
23.32
23.32
23.42
23.32
23.32
23.32
23.32
23.42
23.52
23.52
23.42
23.32
23.22
23.22
23.22
23.22
23.22
23.22
23.32
23.32
23.32
23.42
23.42
23.42
23.42
23.42
23.42
23.42
23.52
23.52
23.52
23.42
23.42
23.32
23.22
23.22
23.22
23.22
23.22
23.22
23.32
23.32
23.32
23.32
23.32
23.42
23.42
23.52
23.52
23.52
23.42
23.32
23.12
23.12
23.22
23.22
23.22
23.22
23.22
23.22
23.22
23.22
23.22
23.32
23.32
23.32
23.32
23.42
23.42
23.42
23.42
23.52
23.52
23.42
23.32
23.32
23.32
23.22
23.32
23.32
23.32
23.32
23.32
23.32
23.32
23.32
23.42
23.42
23.42
23.52
23.52
23.42
23.32
23.22
23.12
23.12
23.22
23.22
23.22
23.22
23.32
23.32
23.32
23.32
23.32
23.32
23.32
23.42
23.42
23.42
23.52
23.52
23.32
23.22
23.22
23.22
23.22
23.22
23.22
23.22
23.22
23.32
23.32
23.32
23.32
23.42
23.42
23.42
23.52
23.42
23.42
23.42
23.42
23.42
23.32
23.32
23.32
23.32
23.32
23.42
23.32
23.42
23.42
23.42
23.42
23.42
23.42
23.52
23.61
23.61
23.62
23.61
23.52
23.42
23.42
23.42
23.42
23.42
23.42
23.42
23.52
23.52
23.52
23.52
23.61
23.71
23.61
23.42
23.42
23.42
23.42
23.42
23.42
23.42
23.42
23.42
23.42
23.52
23.61
23.61
23.71
23.61
23.42
23.32
23.12
23.02
22.82
22.92
22.92
23.02
23.12
23.12
23.22
23.32
23.42
23.52
23.52
23.52
23.42
23.32
23.22
23.02
22.92
22.92
23.02
23.12
23.12
23.22
23.32
23.32
23.52
23.52
23.42
23.22
23.12
23.12
23.02
23.02
23.02
23.22
23.22
23.32
23.42
23.42
23.52
23.62
23.52
23.42
23.42
23.12
23.02
23.02
23.02
23.22
23.22
23.42
23.42
23.52
23.62
23.61
23.71
23.71
23.71
23.71
23.71
23.71
23.71
23.71
23.81
23.81
23.81
23.91
23.71
23.61
23.61
23.71
23.71
23.71
23.71
23.81
23.81
23.91
23.91
23.91
23.91
23.91
23.81
23.81
23.91
23.91
24.01
24.11
24.11
24.11
24.11
24.11
24.11
24.01
23.91
23.91
23.91
23.91
23.91
24.01
24.11
24.11
24.11
24.11
24.11
24.11
24.11
24.01
24.01
24.01
24.01
24.11
24.11
24.11
24.21
24.21
24.21
24.21
24.21
24.31
24.31
24.31
24.31
24.41
24.41
24.31
24.41
24.41
24.41
24.41
24.41
24.41
24.51
24.41
24.41
24.41
24.41
24.41
24.41
24.31
24.31
24.31
24.31
24.41
24.41
24.41
24.51
24.51
24.51
24.51
24.61
24.60
24.60
24.60
24.70
24.70
24.70
24.80
24.80
24.80
24.80
24.80
24.80
24.80
24.80
24.80
24.80
24.80
24.80
24.80
24.80
24.80
24.80
24.80
24.80
24.80
24.70
24.70
24.70
24.70
24.80
24.80
24.80
24.80
24.80
24.70
24.70
24.70
24.70
24.80
24.80
24.80
