24.11
24.11
24.11
24.11
24.11
24.01
24.01
24.01
24.01
24.01
24.01
24.01
24.11
24.11
24.11
24.11
24.11
24.11
24.11
24.11
24.11
24.11
24.11
24.11
24.11
24.11
24.11
24.11
24.11
24.11
24.11
24.11
24.11
24.11
24.11
24.01
24.01
24.01
24.01
24.01
24.01
24.01
24.01
24.01
24.01
24.01
24.01
24.01
23.91
23.91
23.91
23.91
23.91
23.91
23.81
23.81
23.81
23.81
23.81
23.81
23.81
23.81
23.81
23.81
23.91
23.81
23.81
23.81
23.81
23.81
23.81
23.81
23.81
23.81
23.81
23.81
23.81
23.81
23.81
23.71
23.71
23.71
23.71
23.71
23.71
23.71
23.71
23.71
23.71
23.71
23.71
23.71
23.71
23.71
23.71
23.61
23.61
23.61
23.61
23.61
23.62
23.61
23.61
23.62
23.62
23.61
23.61
23.61
23.61
23.61
23.61
23.61
23.61
23.62
23.62
23.62
23.52
23.52
23.52
23.52
23.52
23.52
23.52
23.62
23.52
23.52
23.62
23.52
23.62
23.62
23.52
23.52
23.52
23.52
23.52
23.62
23.52
23.52
23.52
23.52
23.52
23.42
23.42
23.42
23.42
23.42
23.42
23.42
23.52
23.52
23.52
23.52
23.52
23.52
23.52
23.42
23.42
23.42
23.42
23.42
23.52
23.52
23.42
23.52
23.52
23.42
23.42
23.42
23.42
23.42
23.42
23.42
23.42
23.42
23.42
23.42
23.42
23.42
23.42
23.42
23.42
23.42
023.42
23.42
23.42
23.42
23.42
23.42
23.42
23.42
23.42
23.42
23.42
23.42
23.42
23.42
23.42
23.42
23.42
23.32
23.32
23.32
23.32
23.32
023.32
23.32
23.32
23.32
23.32
23.32
23.32
23.32
23.32
23.32
23.32
23.32
23.32
23.32
23.32
23.32
23.32
23.32
23.32
23.32
23.32
23.32
23.32
23.22
23.22
23.22
23.22
23.22
23.22
23.22
23.22
23.22
23.22
23.22
23.22
23.22
23.22
23.22
23.22
23.22
23.22
23.22
23.22
23.22
23.22
23.22
23.22
23.22
23.22
23.22
23.22
23.22
23.22
23.12
23.12
23.12
23.12
23.12
23.12
23.12
23.12
23.12
23.12
23.12
23.12
23.12
23.22
23.12
23.22
23.22
23.22
23.22
23.22
23.12
23.12
23.12
23.12
23.12
23.12
23.12
23.12
23.12
23.12
23.12
23.12
23.12
23.12
23.12
23.12
23.12
23.12
23.02
23.02
23.02
23.02
23.02
23.02
23.02
23.12
23.12
23.02
23.12
23.12
23.12
23.12
23.12
23.12
23.12
23.12
23.02
23.02
23.02
23.02
23.02
23.02
23.02
23.02
23.02
23.02
23.02
23.02
23.02
23.12
23.12
23.12
23.12
23.02
23.02
23.02
23.02
23.02
23.02
23.02
23.02
23.12
23.02
23.12
23.12
23.12
23.02
23.02
23.02
23.02
23.02
23.02
23.02
22.92
22.92
22.92
23.02
23.02
23.02
23.02
23.02
23.02
23.02
23.02
22.92
22.92
22.92
22.92
22.92
22.92
22.92
22.92
22.92
23.02
22.92
23.02
23.02
23.02
22.92
22.92
22.92
22.92
22.92
22.92
22.92
22.92
22.92
22.92
22.92
22.92
22.92
22.92
22.92
22.92
22.92
22.92
22.92
22.92
22.92
22.92
22.92
22.92
22.82
22.82
22.82
22.82
22.92
22.92
22.92
22.92
22.92
22.92
22.92
22.92
22.82
22.82
22.82
22.82
22.82
22.82
22.82
22.82
22.82
22.82
22.82
22.82
22.92
22.92
22.92
22.82
22.82
22.82
22.82
22.82
22.82
22.82
22.82
22.82
22.82
22.82
22.82
22.82
22.82
22.82
22.82
22.82
22.92
22.92
22.82
22.82
22.82
22.82
22.82
22.82
22.82
22.82
22.82
22.82
22.82
22.82
22.82
22.82
22.82
22.82
22.82
22.82
22.82
22.82
22.82
22.82
22.82
22.82
22.82
22.82
22.82
22.82
22.72
22.72
22.72
22.72
22.72
22.72
22.72
22.82
22.82
22.82
22.82
22.82
22.82
22.82
22.72
22.72
22.72
22.72
22.72
22.72
22.72
22.72
22.72
022.72
22.72
22.72
22.72
22.72
22.72
22.82
22.72
22.72
22.72
22.72
22.72
22.72
22.72
22.72
22.72
22.72
22.72
22.72
22.72
22.72
22.72
22.72
22.72
22.72
22.72
22.72
22.72
22.72
22.72
22.72
22.62
22.62
22.63
22.63
22.62
22.63
22.63
22.62
22.62
22.72
22.72
22.72
22.72
22.72
22.72
22.72
22.72
22.72
22.63
22.62
22.63
22.63
22.62
22.63
22.63
22.62
22.62
22.72
22.72
22.72
22.72
22.72
22.72
22.72
22.72
22.72
22.62
22.63
22.63
22.63
22.63
22.63
22.63
22.63
22.63
22.63
22.62
22.72
22.72
22.72
22.63
22.62
22.63
22.63
22.63
22.53
22.53
22.53
22.53
22.53
22.53
22.53
22.53
22.53
22.63
22.63
22.63
22.63
22.63
22.63
22.63
22.62
22.63
22.62
22.63
22.63
22.63
22.63
22.63
22.63
22.63
22.53
22.63
22.63
22.63
22.63
22.63
22.63
22.63
22.62
22.63
22.62
22.72
22.72
22.72
22.62
22.63
22.63
22.63
22.63
22.53
22.53
22.53
22.53
22.53
22.53
22.53
22.53
22.53
22.53
22.63
22.63
22.63
22.63
22.63
22.62
22.72
22.62
22.63
22.63
22.63
22.63
22.63
22.63
22.63
22.63
22.63
22.63
22.63
22.63
22.63
22.63
22.63
22.63
22.62
22.72
22.72
22.72
22.72
22.72
22.72
22.72
22.62
22.62
22.62
22.62
22.62
22.63
22.62
22.63
22.62
22.62
22.72
22.72
22.72
22.72
22.72
22.72
22.72
22.72
22.72
22.72
22.72
22.72
22.72
22.72
22.72
22.72
22.72
22.72
22.72
22.72
22.72
22.72
22.72
22.72
22.72
22.72
22.72
22.72
22.72
22.82
22.82
22.72
22.72
22.72
22.72
22.72
22.72
22.72
22.72
22.72
22.72
22.72
22.72
22.72
22.82
22.82
22.82
22.82
22.82
22.82
22.82
22.82
22.82
22.82
22.82
22.82
22.82
22.82
22.82
22.92
22.92
22.92
22.92
22.92
22.92
22.92
22.92
22.92
23.02
22.92
22.92
22.92
22.92
22.92
22.92
22.92
23.02
23.02
23.02
23.02
23.02
23.02
23.02
23.02
23.02
23.02
23.02
23.02
23.02
23.02
23.02
23.02
23.02
23.02
23.12
23.12
23.12
23.12
23.12
23.12
23.12
23.12
23.12
23.12
23.12
23.12
23.12
23.12
23.12
23.22
23.22
23.22
23.22
23.22
23.22
23.22
23.22
23.22
23.22
23.22
23.22
23.32
23.32
23.32
23.32
23.32
23.32
23.32
23.32
23.32
23.32
23.32
23.32
23.32
23.32
23.32
23.42
23.42
23.42
23.42
23.42
23.42
23.42
23.42
23.42
23.42
23.42
23.42
23.42
23.52
23.42
23.52
23.52
23.52
23.52
23.52
23.52
23.52
23.52
23.52
23.52
23.52
23.52
23.52
23.52
23.52
23.52
23.52
23.62
23.52
23.52
23.52
23.52
23.52
23.62
23.62
23.62
23.62
23.62
23.62
23.62
23.61
23.61
23.61
23.61
23.61
23.61
23.61
23.61
23.61
23.61
23.71
23.71
23.71
23.71
23.71
23.71
23.71
23.71
23.71
23.71
23.71
23.71
23.71
23.71
23.71
23.71
23.71
23.81
23.81
23.81
23.81
23.81
23.81
23.81
23.81
23.81
23.81
23.81
23.81
23.81
23.81
23.91
23.91
23.91
23.91
23.91
23.91
23.91
24.01
24.01
24.01
24.01
24.01
24.01
24.01
24.01
24.01
24.01
24.01
24.01
24.11
24.11
24.11
24.11
24.11
24.11
24.11
24.11
24.11
24.11
24.11
24.11
24.11
24.11
24.11
24.11
24.01
24.11
24.11
24.01
24.01
24.11
